SerialNumber,SoftwareVersion,Date,Modulation,EndOffset,Resolution,CableName,VOP,PreferredFrequency,Units,MinFaultDistance,MaxFaultDistance,SelectedFrequencyAtAcquisition,DistanceAtAcquisition,MeasurementFrequency,ZeroIndex,MinimumFaultOffset,MinimumFaultAmplitude,FaultIndex,FaultAmplitude,UnitsPerSample,DataType,DataIndex,Value
W50A000F,touch_1.7.0Beta1,6/11/2025 11:22:54,SSTDR,24,4,RG-58/U 50 ohm coax,0.66,None,Standard,0,0,24 MHz,105.762,48 MHz,14.1,-1,3000,76.727,3000,1.69051,Calibration,1,-33
W50A000F,touch_1.7.0Beta1,6/11/2025 11:22:54,SSTDR,24,4,RG-58/U 50 ohm coax,0.66,None,Standard,0,0,24 MHz,105.762,48 MHz,14.1,-1,3000,76.727,3000,1.69051,Calibration,2,-12
W50A000F,touch_1.7.0Beta1,6/11/2025 11:22:54,SSTDR,24,4,RG-58/U 50 ohm coax,0.66,None,Standard,0,0,24 MHz,105.762,48 MHz,14.1,-1,3000,76.727,3000,1.69051,Calibration,3,-77
W50A000F,touch_1.7.0Beta1,6/11/2025 11:22:54,SSTDR,24,4,RG-58/U 50 ohm coax,0.66,None,Standard,0,0,24 MHz,105.762,48 MHz,14.1,-1,3000,76.727,3000,1.69051,Calibration,4,-32
W50A000F,touch_1.7.0Beta1,6/11/2025 11:22:54,SSTDR,24,4,RG-58/U 50 ohm coax,0.66,None,Standard,0,0,24 MHz,105.762,48 MHz,14.1,-1,3000,76.727,3000,1.69051,Calibration,5,-76
W50A000F,touch_1.7.0Beta1,6/11/2025 11:22:54,SSTDR,24,4,RG-58/U 50 ohm coax,0.66,None,Standard,0,0,24 MHz,105.762,48 MHz,14.1,-1,3000,76.727,3000,1.69051,Calibration,6,-25
W50A000F,touch_1.7.0Beta1,6/11/2025 11:22:54,SSTDR,24,4,RG-58/U 50 ohm coax,0.66,None,Standard,0,0,24 MHz,105.762,48 MHz,14.1,-1,3000,76.727,3000,1.69051,Calibration,7,91
W50A000F,touch_1.7.0Beta1,6/11/2025 11:22:54,SSTDR,24,4,RG-58/U 50 ohm coax,0.66,None,Standard,0,0,24 MHz,105.762,48 MHz,14.1,-1,3000,76.727,3000,1.69051,Calibration,8,15
W50A000F,touch_1.7.0Beta1,6/11/2025 11:22:54,SSTDR,24,4,RG-58/U 50 ohm coax,0.66,None,Standard,0,0,24 MHz,105.762,48 MHz,14.1,-1,3000,76.727,3000,1.69051,Calibration,9,-174
W50A000F,touch_1.7.0Beta1,6/11/2025 11:22:54,SSTDR,24,4,RG-58/U 50 ohm coax,0.66,None,Standard,0,0,24 MHz,105.762,48 MHz,14.1,-1,3000,76.727,3000,1.69051,Calibration,10,-201
W50A000F,touch_1.7.0Beta1,6/11/2025 11:22:54,SSTDR,24,4,RG-58/U 50 ohm coax,0.66,None,Standard,0,0,24 MHz,105.762,48 MHz,14.1,-1,3000,76.727,3000,1.69051,Calibration,11,-8221
W50A000F,touch_1.7.0Beta1,6/11/2025 11:22:54,SSTDR,24,4,RG-58/U 50 ohm coax,0.66,None,Standard,0,0,24 MHz,105.762,48 MHz,14.1,-1,3000,76.727,3000,1.69051,Calibration,12,-18385
W50A000F,touch_1.7.0Beta1,6/11/2025 11:22:54,SSTDR,24,4,RG-58/U 50 ohm coax,0.66,None,Standard,0,0,24 MHz,105.762,48 MHz,14.1,-1,3000,76.727,3000,1.69051,Calibration,13,4644
W50A000F,touch_1.7.0Beta1,6/11/2025 11:22:54,SSTDR,24,4,RG-58/U 50 ohm coax,0.66,None,Standard,0,0,24 MHz,105.762,48 MHz,14.1,-1,3000,76.727,3000,1.69051,Calibration,14,32767
W50A000F,touch_1.7.0Beta1,6/11/2025 11:22:54,SSTDR,24,4,RG-58/U 50 ohm coax,0.66,None,Standard,0,0,24 MHz,105.762,48 MHz,14.1,-1,3000,76.727,3000,1.69051,Calibration,15,18215
W50A000F,touch_1.7.0Beta1,6/11/2025 11:22:54,SSTDR,24,4,RG-58/U 50 ohm coax,0.66,None,Standard,0,0,24 MHz,105.762,48 MHz,14.1,-1,3000,76.727,3000,1.69051,Calibration,16,-12497
W50A000F,touch_1.7.0Beta1,6/11/2025 11:22:54,SSTDR,24,4,RG-58/U 50 ohm coax,0.66,None,Standard,0,0,24 MHz,105.762,48 MHz,14.1,-1,3000,76.727,3000,1.69051,Calibration,17,-12846
W50A000F,touch_1.7.0Beta1,6/11/2025 11:22:54,SSTDR,24,4,RG-58/U 50 ohm coax,0.66,None,Standard,0,0,24 MHz,105.762,48 MHz,14.1,-1,3000,76.727,3000,1.69051,Calibration,18,-3656
W50A000F,touch_1.7.0Beta1,6/11/2025 11:22:54,SSTDR,24,4,RG-58/U 50 ohm coax,0.66,None,Standard,0,0,24 MHz,105.762,48 MHz,14.1,-1,3000,76.727,3000,1.69051,Calibration,19,-552
W50A000F,touch_1.7.0Beta1,6/11/2025 11:22:54,SSTDR,24,4,RG-58/U 50 ohm coax,0.66,None,Standard,0,0,24 MHz,105.762,48 MHz,14.1,-1,3000,76.727,3000,1.69051,Calibration,20,-432
W50A000F,touch_1.7.0Beta1,6/11/2025 11:22:54,SSTDR,24,4,RG-58/U 50 ohm coax,0.66,None,Standard,0,0,24 MHz,105.762,48 MHz,14.1,-1,3000,76.727,3000,1.69051,Calibration,21,-139
W50A000F,touch_1.7.0Beta1,6/11/2025 11:22:54,SSTDR,24,4,RG-58/U 50 ohm coax,0.66,None,Standard,0,0,24 MHz,105.762,48 MHz,14.1,-1,3000,76.727,3000,1.69051,Calibration,22,162
W50A000F,touch_1.7.0Beta1,6/11/2025 11:22:54,SSTDR,24,4,RG-58/U 50 ohm coax,0.66,None,Standard,0,0,24 MHz,105.762,48 MHz,14.1,-1,3000,76.727,3000,1.69051,Calibration,23,146
W50A000F,touch_1.7.0Beta1,6/11/2025 11:22:54,SSTDR,24,4,RG-58/U 50 ohm coax,0.66,None,Standard,0,0,24 MHz,105.762,48 MHz,14.1,-1,3000,76.727,3000,1.69051,Calibration,24,-5
W50A000F,touch_1.7.0Beta1,6/11/2025 11:22:54,SSTDR,24,4,RG-58/U 50 ohm coax,0.66,None,Standard,0,0,24 MHz,105.762,48 MHz,14.1,-1,3000,76.727,3000,1.69051,Calibration,25,-106
W50A000F,touch_1.7.0Beta1,6/11/2025 11:22:54,SSTDR,24,4,RG-58/U 50 ohm coax,0.66,None,Standard,0,0,24 MHz,105.762,48 MHz,14.1,-1,3000,76.727,3000,1.69051,Calibration,26,-28
W50A000F,touch_1.7.0Beta1,6/11/2025 11:22:54,SSTDR,24,4,RG-58/U 50 ohm coax,0.66,None,Standard,0,0,24 MHz,105.762,48 MHz,14.1,-1,3000,76.727,3000,1.69051,Calibration,27,-16
W50A000F,touch_1.7.0Beta1,6/11/2025 11:22:54,SSTDR,24,4,RG-58/U 50 ohm coax,0.66,None,Standard,0,0,24 MHz,105.762,48 MHz,14.1,-1,3000,76.727,3000,1.69051,Calibration,28,66
W50A000F,touch_1.7.0Beta1,6/11/2025 11:22:54,SSTDR,24,4,RG-58/U 50 ohm coax,0.66,None,Standard,0,0,24 MHz,105.762,48 MHz,14.1,-1,3000,76.727,3000,1.69051,Calibration,29,81
W50A000F,touch_1.7.0Beta1,6/11/2025 11:22:54,SSTDR,24,4,RG-58/U 50 ohm coax,0.66,None,Standard,0,0,24 MHz,105.762,48 MHz,14.1,-1,3000,76.727,3000,1.69051,Calibration,30,36
W50A000F,touch_1.7.0Beta1,6/11/2025 11:22:54,SSTDR,24,4,RG-58/U 50 ohm coax,0.66,None,Standard,0,0,24 MHz,105.762,48 MHz,14.1,-1,3000,76.727,3000,1.69051,Calibration,31,-129
W50A000F,touch_1.7.0Beta1,6/11/2025 11:22:54,SSTDR,24,4,RG-58/U 50 ohm coax,0.66,None,Standard,0,0,24 MHz,105.762,48 MHz,14.1,-1,3000,76.727,3000,1.69051,Calibration,32,-93
W50A000F,touch_1.7.0Beta1,6/11/2025 11:22:54,SSTDR,24,4,RG-58/U 50 ohm coax,0.66,None,Standard,0,0,24 MHz,105.762,48 MHz,14.1,-1,3000,76.727,3000,1.69051,Calibration,33,50
W50A000F,touch_1.7.0Beta1,6/11/2025 11:22:54,SSTDR,24,4,RG-58/U 50 ohm coax,0.66,None,Standard,0,0,24 MHz,105.762,48 MHz,14.1,-1,3000,76.727,3000,1.69051,Calibration,34,132
W50A000F,touch_1.7.0Beta1,6/11/2025 11:22:54,SSTDR,24,4,RG-58/U 50 ohm coax,0.66,None,Standard,0,0,24 MHz,105.762,48 MHz,14.1,-1,3000,76.727,3000,1.69051,Calibration,35,15
W50A000F,touch_1.7.0Beta1,6/11/2025 11:22:54,SSTDR,24,4,RG-58/U 50 ohm coax,0.66,None,Standard,0,0,24 MHz,105.762,48 MHz,14.1,-1,3000,76.727,3000,1.69051,Calibration,36,-79
W50A000F,touch_1.7.0Beta1,6/11/2025 11:22:54,SSTDR,24,4,RG-58/U 50 ohm coax,0.66,None,Standard,0,0,24 MHz,105.762,48 MHz,14.1,-1,3000,76.727,3000,1.69051,Calibration,37,-17
W50A000F,touch_1.7.0Beta1,6/11/2025 11:22:54,SSTDR,24,4,RG-58/U 50 ohm coax,0.66,None,Standard,0,0,24 MHz,105.762,48 MHz,14.1,-1,3000,76.727,3000,1.69051,Calibration,38,30
W50A000F,touch_1.7.0Beta1,6/11/2025 11:22:54,SSTDR,24,4,RG-58/U 50 ohm coax,0.66,None,Standard,0,0,24 MHz,105.762,48 MHz,14.1,-1,3000,76.727,3000,1.69051,Calibration,39,-39
W50A000F,touch_1.7.0Beta1,6/11/2025 11:22:54,SSTDR,24,4,RG-58/U 50 ohm coax,0.66,None,Standard,0,0,24 MHz,105.762,48 MHz,14.1,-1,3000,76.727,3000,1.69051,Calibration,40,30
W50A000F,touch_1.7.0Beta1,6/11/2025 11:22:54,SSTDR,24,4,RG-58/U 50 ohm coax,0.66,None,Standard,0,0,24 MHz,105.762,48 MHz,14.1,-1,3000,76.727,3000,1.69051,Calibration,41,19
W50A000F,touch_1.7.0Beta1,6/11/2025 11:22:54,SSTDR,24,4,RG-58/U 50 ohm coax,0.66,None,Standard,0,0,24 MHz,105.762,48 MHz,14.1,-1,3000,76.727,3000,1.69051,Calibration,42,1
W50A000F,touch_1.7.0Beta1,6/11/2025 11:22:54,SSTDR,24,4,RG-58/U 50 ohm coax,0.66,None,Standard,0,0,24 MHz,105.762,48 MHz,14.1,-1,3000,76.727,3000,1.69051,Calibration,43,-71
W50A000F,touch_1.7.0Beta1,6/11/2025 11:22:54,SSTDR,24,4,RG-58/U 50 ohm coax,0.66,None,Standard,0,0,24 MHz,105.762,48 MHz,14.1,-1,3000,76.727,3000,1.69051,Calibration,44,-24
W50A000F,touch_1.7.0Beta1,6/11/2025 11:22:54,SSTDR,24,4,RG-58/U 50 ohm coax,0.66,None,Standard,0,0,24 MHz,105.762,48 MHz,14.1,-1,3000,76.727,3000,1.69051,Calibration,45,42
W50A000F,touch_1.7.0Beta1,6/11/2025 11:22:54,SSTDR,24,4,RG-58/U 50 ohm coax,0.66,None,Standard,0,0,24 MHz,105.762,48 MHz,14.1,-1,3000,76.727,3000,1.69051,Calibration,46,60
W50A000F,touch_1.7.0Beta1,6/11/2025 11:22:54,SSTDR,24,4,RG-58/U 50 ohm coax,0.66,None,Standard,0,0,24 MHz,105.762,48 MHz,14.1,-1,3000,76.727,3000,1.69051,Calibration,47,-68
W50A000F,touch_1.7.0Beta1,6/11/2025 11:22:54,SSTDR,24,4,RG-58/U 50 ohm coax,0.66,None,Standard,0,0,24 MHz,105.762,48 MHz,14.1,-1,3000,76.727,3000,1.69051,Calibration,48,-38
W50A000F,touch_1.7.0Beta1,6/11/2025 11:22:54,SSTDR,24,4,RG-58/U 50 ohm coax,0.66,None,Standard,0,0,24 MHz,105.762,48 MHz,14.1,-1,3000,76.727,3000,1.69051,Calibration,49,0
W50A000F,touch_1.7.0Beta1,6/11/2025 11:22:54,SSTDR,24,4,RG-58/U 50 ohm coax,0.66,None,Standard,0,0,24 MHz,105.762,48 MHz,14.1,-1,3000,76.727,3000,1.69051,Calibration,50,58
W50A000F,touch_1.7.0Beta1,6/11/2025 11:22:54,SSTDR,24,4,RG-58/U 50 ohm coax,0.66,None,Standard,0,0,24 MHz,105.762,48 MHz,14.1,-1,3000,76.727,3000,1.69051,Calibration,51,-8
W50A000F,touch_1.7.0Beta1,6/11/2025 11:22:54,SSTDR,24,4,RG-58/U 50 ohm coax,0.66,None,Standard,0,0,24 MHz,105.762,48 MHz,14.1,-1,3000,76.727,3000,1.69051,Calibration,52,-13
W50A000F,touch_1.7.0Beta1,6/11/2025 11:22:54,SSTDR,24,4,RG-58/U 50 ohm coax,0.66,None,Standard,0,0,24 MHz,105.762,48 MHz,14.1,-1,3000,76.727,3000,1.69051,Calibration,53,-4
W50A000F,touch_1.7.0Beta1,6/11/2025 11:22:54,SSTDR,24,4,RG-58/U 50 ohm coax,0.66,None,Standard,0,0,24 MHz,105.762,48 MHz,14.1,-1,3000,76.727,3000,1.69051,Calibration,54,37
W50A000F,touch_1.7.0Beta1,6/11/2025 11:22:54,SSTDR,24,4,RG-58/U 50 ohm coax,0.66,None,Standard,0,0,24 MHz,105.762,48 MHz,14.1,-1,3000,76.727,3000,1.69051,Calibration,55,-5
W50A000F,touch_1.7.0Beta1,6/11/2025 11:22:54,SSTDR,24,4,RG-58/U 50 ohm coax,0.66,None,Standard,0,0,24 MHz,105.762,48 MHz,14.1,-1,3000,76.727,3000,1.69051,Calibration,56,-4
W50A000F,touch_1.7.0Beta1,6/11/2025 11:22:54,SSTDR,24,4,RG-58/U 50 ohm coax,0.66,None,Standard,0,0,24 MHz,105.762,48 MHz,14.1,-1,3000,76.727,3000,1.69051,Calibration,57,23
W50A000F,touch_1.7.0Beta1,6/11/2025 11:22:54,SSTDR,24,4,RG-58/U 50 ohm coax,0.66,None,Standard,0,0,24 MHz,105.762,48 MHz,14.1,-1,3000,76.727,3000,1.69051,Calibration,58,26
W50A000F,touch_1.7.0Beta1,6/11/2025 11:22:54,SSTDR,24,4,RG-58/U 50 ohm coax,0.66,None,Standard,0,0,24 MHz,105.762,48 MHz,14.1,-1,3000,76.727,3000,1.69051,Calibration,59,-47
W50A000F,touch_1.7.0Beta1,6/11/2025 11:22:54,SSTDR,24,4,RG-58/U 50 ohm coax,0.66,None,Standard,0,0,24 MHz,105.762,48 MHz,14.1,-1,3000,76.727,3000,1.69051,Calibration,60,-39
W50A000F,touch_1.7.0Beta1,6/11/2025 11:22:54,SSTDR,24,4,RG-58/U 50 ohm coax,0.66,None,Standard,0,0,24 MHz,105.762,48 MHz,14.1,-1,3000,76.727,3000,1.69051,Calibration,61,44
W50A000F,touch_1.7.0Beta1,6/11/2025 11:22:54,SSTDR,24,4,RG-58/U 50 ohm coax,0.66,None,Standard,0,0,24 MHz,105.762,48 MHz,14.1,-1,3000,76.727,3000,1.69051,Calibration,62,36
W50A000F,touch_1.7.0Beta1,6/11/2025 11:22:54,SSTDR,24,4,RG-58/U 50 ohm coax,0.66,None,Standard,0,0,24 MHz,105.762,48 MHz,14.1,-1,3000,76.727,3000,1.69051,Calibration,63,-12
W50A000F,touch_1.7.0Beta1,6/11/2025 11:22:54,SSTDR,24,4,RG-58/U 50 ohm coax,0.66,None,Standard,0,0,24 MHz,105.762,48 MHz,14.1,-1,3000,76.727,3000,1.69051,Calibration,64,11
W50A000F,touch_1.7.0Beta1,6/11/2025 11:22:54,SSTDR,24,4,RG-58/U 50 ohm coax,0.66,None,Standard,0,0,24 MHz,105.762,48 MHz,14.1,-1,3000,76.727,3000,1.69051,Calibration,65,11
W50A000F,touch_1.7.0Beta1,6/11/2025 11:22:54,SSTDR,24,4,RG-58/U 50 ohm coax,0.66,None,Standard,0,0,24 MHz,105.762,48 MHz,14.1,-1,3000,76.727,3000,1.69051,Calibration,66,27
W50A000F,touch_1.7.0Beta1,6/11/2025 11:22:54,SSTDR,24,4,RG-58/U 50 ohm coax,0.66,None,Standard,0,0,24 MHz,105.762,48 MHz,14.1,-1,3000,76.727,3000,1.69051,Calibration,67,-38
W50A000F,touch_1.7.0Beta1,6/11/2025 11:22:54,SSTDR,24,4,RG-58/U 50 ohm coax,0.66,None,Standard,0,0,24 MHz,105.762,48 MHz,14.1,-1,3000,76.727,3000,1.69051,Calibration,68,-16
W50A000F,touch_1.7.0Beta1,6/11/2025 11:22:54,SSTDR,24,4,RG-58/U 50 ohm coax,0.66,None,Standard,0,0,24 MHz,105.762,48 MHz,14.1,-1,3000,76.727,3000,1.69051,Calibration,69,34
W50A000F,touch_1.7.0Beta1,6/11/2025 11:22:54,SSTDR,24,4,RG-58/U 50 ohm coax,0.66,None,Standard,0,0,24 MHz,105.762,48 MHz,14.1,-1,3000,76.727,3000,1.69051,Calibration,70,54
W50A000F,touch_1.7.0Beta1,6/11/2025 11:22:54,SSTDR,24,4,RG-58/U 50 ohm coax,0.66,None,Standard,0,0,24 MHz,105.762,48 MHz,14.1,-1,3000,76.727,3000,1.69051,Calibration,71,-24
W50A000F,touch_1.7.0Beta1,6/11/2025 11:22:54,SSTDR,24,4,RG-58/U 50 ohm coax,0.66,None,Standard,0,0,24 MHz,105.762,48 MHz,14.1,-1,3000,76.727,3000,1.69051,Calibration,72,-28
W50A000F,touch_1.7.0Beta1,6/11/2025 11:22:54,SSTDR,24,4,RG-58/U 50 ohm coax,0.66,None,Standard,0,0,24 MHz,105.762,48 MHz,14.1,-1,3000,76.727,3000,1.69051,Calibration,73,-5
W50A000F,touch_1.7.0Beta1,6/11/2025 11:22:54,SSTDR,24,4,RG-58/U 50 ohm coax,0.66,None,Standard,0,0,24 MHz,105.762,48 MHz,14.1,-1,3000,76.727,3000,1.69051,Calibration,74,-16
W50A000F,touch_1.7.0Beta1,6/11/2025 11:22:54,SSTDR,24,4,RG-58/U 50 ohm coax,0.66,None,Standard,0,0,24 MHz,105.762,48 MHz,14.1,-1,3000,76.727,3000,1.69051,Calibration,75,-45
W50A000F,touch_1.7.0Beta1,6/11/2025 11:22:54,SSTDR,24,4,RG-58/U 50 ohm coax,0.66,None,Standard,0,0,24 MHz,105.762,48 MHz,14.1,-1,3000,76.727,3000,1.69051,Calibration,76,-33
W50A000F,touch_1.7.0Beta1,6/11/2025 11:22:54,SSTDR,24,4,RG-58/U 50 ohm coax,0.66,None,Standard,0,0,24 MHz,105.762,48 MHz,14.1,-1,3000,76.727,3000,1.69051,Calibration,77,30
W50A000F,touch_1.7.0Beta1,6/11/2025 11:22:54,SSTDR,24,4,RG-58/U 50 ohm coax,0.66,None,Standard,0,0,24 MHz,105.762,48 MHz,14.1,-1,3000,76.727,3000,1.69051,Calibration,78,81
W50A000F,touch_1.7.0Beta1,6/11/2025 11:22:54,SSTDR,24,4,RG-58/U 50 ohm coax,0.66,None,Standard,0,0,24 MHz,105.762,48 MHz,14.1,-1,3000,76.727,3000,1.69051,Calibration,79,-47
W50A000F,touch_1.7.0Beta1,6/11/2025 11:22:54,SSTDR,24,4,RG-58/U 50 ohm coax,0.66,None,Standard,0,0,24 MHz,105.762,48 MHz,14.1,-1,3000,76.727,3000,1.69051,Calibration,80,-23
W50A000F,touch_1.7.0Beta1,6/11/2025 11:22:54,SSTDR,24,4,RG-58/U 50 ohm coax,0.66,None,Standard,0,0,24 MHz,105.762,48 MHz,14.1,-1,3000,76.727,3000,1.69051,Calibration,81,8
W50A000F,touch_1.7.0Beta1,6/11/2025 11:22:54,SSTDR,24,4,RG-58/U 50 ohm coax,0.66,None,Standard,0,0,24 MHz,105.762,48 MHz,14.1,-1,3000,76.727,3000,1.69051,Calibration,82,24
W50A000F,touch_1.7.0Beta1,6/11/2025 11:22:54,SSTDR,24,4,RG-58/U 50 ohm coax,0.66,None,Standard,0,0,24 MHz,105.762,48 MHz,14.1,-1,3000,76.727,3000,1.69051,Calibration,83,-37
W50A000F,touch_1.7.0Beta1,6/11/2025 11:22:54,SSTDR,24,4,RG-58/U 50 ohm coax,0.66,None,Standard,0,0,24 MHz,105.762,48 MHz,14.1,-1,3000,76.727,3000,1.69051,Calibration,84,-5
W50A000F,touch_1.7.0Beta1,6/11/2025 11:22:54,SSTDR,24,4,RG-58/U 50 ohm coax,0.66,None,Standard,0,0,24 MHz,105.762,48 MHz,14.1,-1,3000,76.727,3000,1.69051,Calibration,85,29
W50A000F,touch_1.7.0Beta1,6/11/2025 11:22:54,SSTDR,24,4,RG-58/U 50 ohm coax,0.66,None,Standard,0,0,24 MHz,105.762,48 MHz,14.1,-1,3000,76.727,3000,1.69051,Calibration,86,32
W50A000F,touch_1.7.0Beta1,6/11/2025 11:22:54,SSTDR,24,4,RG-58/U 50 ohm coax,0.66,None,Standard,0,0,24 MHz,105.762,48 MHz,14.1,-1,3000,76.727,3000,1.69051,Calibration,87,-7
W50A000F,touch_1.7.0Beta1,6/11/2025 11:22:54,SSTDR,24,4,RG-58/U 50 ohm coax,0.66,None,Standard,0,0,24 MHz,105.762,48 MHz,14.1,-1,3000,76.727,3000,1.69051,Calibration,88,-47
W50A000F,touch_1.7.0Beta1,6/11/2025 11:22:54,SSTDR,24,4,RG-58/U 50 ohm coax,0.66,None,Standard,0,0,24 MHz,105.762,48 MHz,14.1,-1,3000,76.727,3000,1.69051,Calibration,89,0
W50A000F,touch_1.7.0Beta1,6/11/2025 11:22:54,SSTDR,24,4,RG-58/U 50 ohm coax,0.66,None,Standard,0,0,24 MHz,105.762,48 MHz,14.1,-1,3000,76.727,3000,1.69051,Calibration,90,0
W50A000F,touch_1.7.0Beta1,6/11/2025 11:22:54,SSTDR,24,4,RG-58/U 50 ohm coax,0.66,None,Standard,0,0,24 MHz,105.762,48 MHz,14.1,-1,3000,76.727,3000,1.69051,Calibration,91,0
W50A000F,touch_1.7.0Beta1,6/11/2025 11:22:54,SSTDR,24,4,RG-58/U 50 ohm coax,0.66,None,Standard,0,0,24 MHz,105.762,48 MHz,14.1,-1,3000,76.727,3000,1.69051,Calibration,92,0
W50A000F,touch_1.7.0Beta1,6/11/2025 11:22:54,SSTDR,24,4,RG-58/U 50 ohm coax,0.66,None,Standard,0,0,24 MHz,105.762,48 MHz,14.1,-1,3000,76.727,3000,1.69051,Calibration,93,0
W50A000F,touch_1.7.0Beta1,6/11/2025 11:22:54,SSTDR,24,4,RG-58/U 50 ohm coax,0.66,None,Standard,0,0,24 MHz,105.762,48 MHz,14.1,-1,3000,76.727,3000,1.69051,Calibration,94,0
W50A000F,touch_1.7.0Beta1,6/11/2025 11:22:54,SSTDR,24,4,RG-58/U 50 ohm coax,0.66,None,Standard,0,0,24 MHz,105.762,48 MHz,14.1,-1,3000,76.727,3000,1.69051,Calibration,95,0
W50A000F,touch_1.7.0Beta1,6/11/2025 11:22:54,SSTDR,24,4,RG-58/U 50 ohm coax,0.66,None,Standard,0,0,24 MHz,105.762,48 MHz,14.1,-1,3000,76.727,3000,1.69051,Calibration,96,0
W50A000F,touch_1.7.0Beta1,6/11/2025 11:22:54,SSTDR,24,4,RG-58/U 50 ohm coax,0.66,None,Standard,0,0,24 MHz,105.762,48 MHz,14.1,-1,3000,76.727,3000,1.69051,Calibration,97,0
W50A000F,touch_1.7.0Beta1,6/11/2025 11:22:54,SSTDR,24,4,RG-58/U 50 ohm coax,0.66,None,Standard,0,0,24 MHz,105.762,48 MHz,14.1,-1,3000,76.727,3000,1.69051,Calibration,98,0
W50A000F,touch_1.7.0Beta1,6/11/2025 11:22:54,SSTDR,24,4,RG-58/U 50 ohm coax,0.66,None,Standard,0,0,24 MHz,105.762,48 MHz,14.1,-1,3000,76.727,3000,1.69051,Calibration,99,0
W50A000F,touch_1.7.0Beta1,6/11/2025 11:22:54,SSTDR,24,4,RG-58/U 50 ohm coax,0.66,None,Standard,0,0,24 MHz,105.762,48 MHz,14.1,-1,3000,76.727,3000,1.69051,Calibration,100,0
W50A000F,touch_1.7.0Beta1,6/11/2025 11:22:54,SSTDR,24,4,RG-58/U 50 ohm coax,0.66,None,Standard,0,0,24 MHz,105.762,48 MHz,14.1,-1,3000,76.727,3000,1.69051,Calibration,101,0
W50A000F,touch_1.7.0Beta1,6/11/2025 11:22:54,SSTDR,24,4,RG-58/U 50 ohm coax,0.66,None,Standard,0,0,24 MHz,105.762,48 MHz,14.1,-1,3000,76.727,3000,1.69051,Calibration,102,0
W50A000F,touch_1.7.0Beta1,6/11/2025 11:22:54,SSTDR,24,4,RG-58/U 50 ohm coax,0.66,None,Standard,0,0,24 MHz,105.762,48 MHz,14.1,-1,3000,76.727,3000,1.69051,Calibration,103,0
W50A000F,touch_1.7.0Beta1,6/11/2025 11:22:54,SSTDR,24,4,RG-58/U 50 ohm coax,0.66,None,Standard,0,0,24 MHz,105.762,48 MHz,14.1,-1,3000,76.727,3000,1.69051,Calibration,104,0
W50A000F,touch_1.7.0Beta1,6/11/2025 11:22:54,SSTDR,24,4,RG-58/U 50 ohm coax,0.66,None,Standard,0,0,24 MHz,105.762,48 MHz,14.1,-1,3000,76.727,3000,1.69051,Calibration,105,0
W50A000F,touch_1.7.0Beta1,6/11/2025 11:22:54,SSTDR,24,4,RG-58/U 50 ohm coax,0.66,None,Standard,0,0,24 MHz,105.762,48 MHz,14.1,-1,3000,76.727,3000,1.69051,Calibration,106,0
W50A000F,touch_1.7.0Beta1,6/11/2025 11:22:54,SSTDR,24,4,RG-58/U 50 ohm coax,0.66,None,Standard,0,0,24 MHz,105.762,48 MHz,14.1,-1,3000,76.727,3000,1.69051,Calibration,107,0
W50A000F,touch_1.7.0Beta1,6/11/2025 11:22:54,SSTDR,24,4,RG-58/U 50 ohm coax,0.66,None,Standard,0,0,24 MHz,105.762,48 MHz,14.1,-1,3000,76.727,3000,1.69051,Calibration,108,0
W50A000F,touch_1.7.0Beta1,6/11/2025 11:22:54,SSTDR,24,4,RG-58/U 50 ohm coax,0.66,None,Standard,0,0,24 MHz,105.762,48 MHz,14.1,-1,3000,76.727,3000,1.69051,Calibration,109,0
W50A000F,touch_1.7.0Beta1,6/11/2025 11:22:54,SSTDR,24,4,RG-58/U 50 ohm coax,0.66,None,Standard,0,0,24 MHz,105.762,48 MHz,14.1,-1,3000,76.727,3000,1.69051,Calibration,110,0
W50A000F,touch_1.7.0Beta1,6/11/2025 11:22:54,SSTDR,24,4,RG-58/U 50 ohm coax,0.66,None,Standard,0,0,24 MHz,105.762,48 MHz,14.1,-1,3000,76.727,3000,1.69051,Calibration,111,0
W50A000F,touch_1.7.0Beta1,6/11/2025 11:22:54,SSTDR,24,4,RG-58/U 50 ohm coax,0.66,None,Standard,0,0,24 MHz,105.762,48 MHz,14.1,-1,3000,76.727,3000,1.69051,Calibration,112,0
W50A000F,touch_1.7.0Beta1,6/11/2025 11:22:54,SSTDR,24,4,RG-58/U 50 ohm coax,0.66,None,Standard,0,0,24 MHz,105.762,48 MHz,14.1,-1,3000,76.727,3000,1.69051,Waveform,1,-80.9999999999984
W50A000F,touch_1.7.0Beta1,6/11/2025 11:22:54,SSTDR,24,4,RG-58/U 50 ohm coax,0.66,None,Standard,0,0,24 MHz,105.762,48 MHz,14.1,-1,3000,76.727,3000,1.69051,Waveform,1.25,-450.45612030835
W50A000F,touch_1.7.0Beta1,6/11/2025 11:22:54,SSTDR,24,4,RG-58/U 50 ohm coax,0.66,None,Standard,0,0,24 MHz,105.762,48 MHz,14.1,-1,3000,76.727,3000,1.69051,Waveform,1.5,-559.303104139626
W50A000F,touch_1.7.0Beta1,6/11/2025 11:22:54,SSTDR,24,4,RG-58/U 50 ohm coax,0.66,None,Standard,0,0,24 MHz,105.762,48 MHz,14.1,-1,3000,76.727,3000,1.69051,Waveform,1.75,-380.961940345135
W50A000F,touch_1.7.0Beta1,6/11/2025 11:22:54,SSTDR,24,4,RG-58/U 50 ohm coax,0.66,None,Standard,0,0,24 MHz,105.762,48 MHz,14.1,-1,3000,76.727,3000,1.69051,Waveform,2,-27.0000000000002
W50A000F,touch_1.7.0Beta1,6/11/2025 11:22:54,SSTDR,24,4,RG-58/U 50 ohm coax,0.66,None,Standard,0,0,24 MHz,105.762,48 MHz,14.1,-1,3000,76.727,3000,1.69051,Waveform,2.25,311.898163979699
W50A000F,touch_1.7.0Beta1,6/11/2025 11:22:54,SSTDR,24,4,RG-58/U 50 ohm coax,0.66,None,Standard,0,0,24 MHz,105.762,48 MHz,14.1,-1,3000,76.727,3000,1.69051,Waveform,2.5,464.174315291121
W50A000F,touch_1.7.0Beta1,6/11/2025 11:22:54,SSTDR,24,4,RG-58/U 50 ohm coax,0.66,None,Standard,0,0,24 MHz,105.762,48 MHz,14.1,-1,3000,76.727,3000,1.69051,Waveform,2.75,364.493076382483
W50A000F,touch_1.7.0Beta1,6/11/2025 11:22:54,SSTDR,24,4,RG-58/U 50 ohm coax,0.66,None,Standard,0,0,24 MHz,105.762,48 MHz,14.1,-1,3000,76.727,3000,1.69051,Waveform,3,83.9999999999998
W50A000F,touch_1.7.0Beta1,6/11/2025 11:22:54,SSTDR,24,4,RG-58/U 50 ohm coax,0.66,None,Standard,0,0,24 MHz,105.762,48 MHz,14.1,-1,3000,76.727,3000,1.69051,Waveform,3.25,-212.49117079788
W50A000F,touch_1.7.0Beta1,6/11/2025 11:22:54,SSTDR,24,4,RG-58/U 50 ohm coax,0.66,None,Standard,0,0,24 MHz,105.762,48 MHz,14.1,-1,3000,76.727,3000,1.69051,Waveform,3.5,-359.448234009461
W50A000F,touch_1.7.0Beta1,6/11/2025 11:22:54,SSTDR,24,4,RG-58/U 50 ohm coax,0.66,None,Standard,0,0,24 MHz,105.762,48 MHz,14.1,-1,3000,76.727,3000,1.69051,Waveform,3.75,-283.062454185816
W50A000F,touch_1.7.0Beta1,6/11/2025 11:22:54,SSTDR,24,4,RG-58/U 50 ohm coax,0.66,None,Standard,0,0,24 MHz,105.762,48 MHz,14.1,-1,3000,76.727,3000,1.69051,Waveform,4,-41.9999999999999
W50A000F,touch_1.7.0Beta1,6/11/2025 11:22:54,SSTDR,24,4,RG-58/U 50 ohm coax,0.66,None,Standard,0,0,24 MHz,105.762,48 MHz,14.1,-1,3000,76.727,3000,1.69051,Waveform,4.25,206.869312862874
W50A000F,touch_1.7.0Beta1,6/11/2025 11:22:54,SSTDR,24,4,RG-58/U 50 ohm coax,0.66,None,Standard,0,0,24 MHz,105.762,48 MHz,14.1,-1,3000,76.727,3000,1.69051,Waveform,4.5,299.478484934217
W50A000F,touch_1.7.0Beta1,6/11/2025 11:22:54,SSTDR,24,4,RG-58/U 50 ohm coax,0.66,None,Standard,0,0,24 MHz,105.762,48 MHz,14.1,-1,3000,76.727,3000,1.69051,Waveform,4.75,161.538538314707
W50A000F,touch_1.7.0Beta1,6/11/2025 11:22:54,SSTDR,24,4,RG-58/U 50 ohm coax,0.66,None,Standard,0,0,24 MHz,105.762,48 MHz,14.1,-1,3000,76.727,3000,1.69051,Waveform,5,-144
W50A000F,touch_1.7.0Beta1,6/11/2025 11:22:54,SSTDR,24,4,RG-58/U 50 ohm coax,0.66,None,Standard,0,0,24 MHz,105.762,48 MHz,14.1,-1,3000,76.727,3000,1.69051,Waveform,5.25,-447.814771208106
W50A000F,touch_1.7.0Beta1,6/11/2025 11:22:54,SSTDR,24,4,RG-58/U 50 ohm coax,0.66,None,Standard,0,0,24 MHz,105.762,48 MHz,14.1,-1,3000,76.727,3000,1.69051,Waveform,5.5,-568.229895621043
W50A000F,touch_1.7.0Beta1,6/11/2025 11:22:54,SSTDR,24,4,RG-58/U 50 ohm coax,0.66,None,Standard,0,0,24 MHz,105.762,48 MHz,14.1,-1,3000,76.727,3000,1.69051,Waveform,5.75,-416.35721950646
W50A000F,touch_1.7.0Beta1,6/11/2025 11:22:54,SSTDR,24,4,RG-58/U 50 ohm coax,0.66,None,Standard,0,0,24 MHz,105.762,48 MHz,14.1,-1,3000,76.727,3000,1.69051,Waveform,6,-51.9999999999978
W50A000F,touch_1.7.0Beta1,6/11/2025 11:22:54,SSTDR,24,4,RG-58/U 50 ohm coax,0.66,None,Standard,0,0,24 MHz,105.762,48 MHz,14.1,-1,3000,76.727,3000,1.69051,Waveform,6.25,343.93451387734
W50A000F,touch_1.7.0Beta1,6/11/2025 11:22:54,SSTDR,24,4,RG-58/U 50 ohm coax,0.66,None,Standard,0,0,24 MHz,105.762,48 MHz,14.1,-1,3000,76.727,3000,1.69051,Waveform,6.5,567.818484586099
W50A000F,touch_1.7.0Beta1,6/11/2025 11:22:54,SSTDR,24,4,RG-58/U 50 ohm coax,0.66,None,Standard,0,0,24 MHz,105.762,48 MHz,14.1,-1,3000,76.727,3000,1.69051,Waveform,6.75,508.197187543727
W50A000F,touch_1.7.0Beta1,6/11/2025 11:22:54,SSTDR,24,4,RG-58/U 50 ohm coax,0.66,None,Standard,0,0,24 MHz,105.762,48 MHz,14.1,-1,3000,76.727,3000,1.69051,Waveform,7,211
W50A000F,touch_1.7.0Beta1,6/11/2025 11:22:54,SSTDR,24,4,RG-58/U 50 ohm coax,0.66,None,Standard,0,0,24 MHz,105.762,48 MHz,14.1,-1,3000,76.727,3000,1.69051,Waveform,7.25,-145.005908659213
W50A000F,touch_1.7.0Beta1,6/11/2025 11:22:54,SSTDR,24,4,RG-58/U 50 ohm coax,0.66,None,Standard,0,0,24 MHz,105.762,48 MHz,14.1,-1,3000,76.727,3000,1.69051,Waveform,7.5,-351.722783080461
W50A000F,touch_1.7.0Beta1,6/11/2025 11:22:54,SSTDR,24,4,RG-58/U 50 ohm coax,0.66,None,Standard,0,0,24 MHz,105.762,48 MHz,14.1,-1,3000,76.727,3000,1.69051,Waveform,7.75,-296.150205705529
W50A000F,touch_1.7.0Beta1,6/11/2025 11:22:54,SSTDR,24,4,RG-58/U 50 ohm coax,0.66,None,Standard,0,0,24 MHz,105.762,48 MHz,14.1,-1,3000,76.727,3000,1.69051,Waveform,8,-32.0000000000004
W50A000F,touch_1.7.0Beta1,6/11/2025 11:22:54,SSTDR,24,4,RG-58/U 50 ohm coax,0.66,None,Standard,0,0,24 MHz,105.762,48 MHz,14.1,-1,3000,76.727,3000,1.69051,Waveform,8.25,248.1049014442
W50A000F,touch_1.7.0Beta1,6/11/2025 11:22:54,SSTDR,24,4,RG-58/U 50 ohm coax,0.66,None,Standard,0,0,24 MHz,105.762,48 MHz,14.1,-1,3000,76.727,3000,1.69051,Waveform,8.5,329.452940284551
W50A000F,touch_1.7.0Beta1,6/11/2025 11:22:54,SSTDR,24,4,RG-58/U 50 ohm coax,0.66,None,Standard,0,0,24 MHz,105.762,48 MHz,14.1,-1,3000,76.727,3000,1.69051,Waveform,8.75,115.150561219807
W50A000F,touch_1.7.0Beta1,6/11/2025 11:22:54,SSTDR,24,4,RG-58/U 50 ohm coax,0.66,None,Standard,0,0,24 MHz,105.762,48 MHz,14.1,-1,3000,76.727,3000,1.69051,Waveform,9,-298
W50A000F,touch_1.7.0Beta1,6/11/2025 11:22:54,SSTDR,24,4,RG-58/U 50 ohm coax,0.66,None,Standard,0,0,24 MHz,105.762,48 MHz,14.1,-1,3000,76.727,3000,1.69051,Waveform,9.25,-665.882683575496
W50A000F,touch_1.7.0Beta1,6/11/2025 11:22:54,SSTDR,24,4,RG-58/U 50 ohm coax,0.66,None,Standard,0,0,24 MHz,105.762,48 MHz,14.1,-1,3000,76.727,3000,1.69051,Waveform,9.5,-756.837658936849
W50A000F,touch_1.7.0Beta1,6/11/2025 11:22:54,SSTDR,24,4,RG-58/U 50 ohm coax,0.66,None,Standard,0,0,24 MHz,105.762,48 MHz,14.1,-1,3000,76.727,3000,1.69051,Waveform,9.75,-545.440657123633
W50A000F,touch_1.7.0Beta1,6/11/2025 11:22:54,SSTDR,24,4,RG-58/U 50 ohm coax,0.66,None,Standard,0,0,24 MHz,105.762,48 MHz,14.1,-1,3000,76.727,3000,1.69051,Waveform,10,-327.000000000003
W50A000F,touch_1.7.0Beta1,6/11/2025 11:22:54,SSTDR,24,4,RG-58/U 50 ohm coax,0.66,None,Standard,0,0,24 MHz,105.762,48 MHz,14.1,-1,3000,76.727,3000,1.69051,Waveform,10.25,-665.400317283186
W50A000F,touch_1.7.0Beta1,6/11/2025 11:22:54,SSTDR,24,4,RG-58/U 50 ohm coax,0.66,None,Standard,0,0,24 MHz,105.762,48 MHz,14.1,-1,3000,76.727,3000,1.69051,Waveform,10.5,-2164.97541852618
W50A000F,touch_1.7.0Beta1,6/11/2025 11:22:54,SSTDR,24,4,RG-58/U 50 ohm coax,0.66,None,Standard,0,0,24 MHz,105.762,48 MHz,14.1,-1,3000,76.727,3000,1.69051,Waveform,10.75,-5150.49337232249
W50A000F,touch_1.7.0Beta1,6/11/2025 11:22:54,SSTDR,24,4,RG-58/U 50 ohm coax,0.66,None,Standard,0,0,24 MHz,105.762,48 MHz,14.1,-1,3000,76.727,3000,1.69051,Waveform,11,-9400
W50A000F,touch_1.7.0Beta1,6/11/2025 11:22:54,SSTDR,24,4,RG-58/U 50 ohm coax,0.66,None,Standard,0,0,24 MHz,105.762,48 MHz,14.1,-1,3000,76.727,3000,1.69051,Waveform,11.25,-14068.7293082266
W50A000F,touch_1.7.0Beta1,6/11/2025 11:22:54,SSTDR,24,4,RG-58/U 50 ohm coax,0.66,None,Standard,0,0,24 MHz,105.762,48 MHz,14.1,-1,3000,76.727,3000,1.69051,Waveform,11.5,-17866.691277531
W50A000F,touch_1.7.0Beta1,6/11/2025 11:22:54,SSTDR,24,4,RG-58/U 50 ohm coax,0.66,None,Standard,0,0,24 MHz,105.762,48 MHz,14.1,-1,3000,76.727,3000,1.69051,Waveform,11.75,-19441.2637153777
W50A000F,touch_1.7.0Beta1,6/11/2025 11:22:54,SSTDR,24,4,RG-58/U 50 ohm coax,0.66,None,Standard,0,0,24 MHz,105.762,48 MHz,14.1,-1,3000,76.727,3000,1.69051,Waveform,12,-17822
W50A000F,touch_1.7.0Beta1,6/11/2025 11:22:54,SSTDR,24,4,RG-58/U 50 ohm coax,0.66,None,Standard,0,0,24 MHz,105.762,48 MHz,14.1,-1,3000,76.727,3000,1.69051,Waveform,12.25,-12753.8286230877
W50A000F,touch_1.7.0Beta1,6/11/2025 11:22:54,SSTDR,24,4,RG-58/U 50 ohm coax,0.66,None,Standard,0,0,24 MHz,105.762,48 MHz,14.1,-1,3000,76.727,3000,1.69051,Waveform,12.5,-4792.34361492568
W50A000F,touch_1.7.0Beta1,6/11/2025 11:22:54,SSTDR,24,4,RG-58/U 50 ohm coax,0.66,None,Standard,0,0,24 MHz,105.762,48 MHz,14.1,-1,3000,76.727,3000,1.69051,Waveform,12.75,4862.16258729399
W50A000F,touch_1.7.0Beta1,6/11/2025 11:22:54,SSTDR,24,4,RG-58/U 50 ohm coax,0.66,None,Standard,0,0,24 MHz,105.762,48 MHz,14.1,-1,3000,76.727,3000,1.69051,Waveform,13,14707
W50A000F,touch_1.7.0Beta1,6/11/2025 11:22:54,SSTDR,24,4,RG-58/U 50 ohm coax,0.66,None,Standard,0,0,24 MHz,105.762,48 MHz,14.1,-1,3000,76.727,3000,1.69051,Waveform,13.25,23308.7404973857
W50A000F,touch_1.7.0Beta1,6/11/2025 11:22:54,SSTDR,24,4,RG-58/U 50 ohm coax,0.66,None,Standard,0,0,24 MHz,105.762,48 MHz,14.1,-1,3000,76.727,3000,1.69051,Waveform,13.5,29568.2281030988
W50A000F,touch_1.7.0Beta1,6/11/2025 11:22:54,SSTDR,24,4,RG-58/U 50 ohm coax,0.66,None,Standard,0,0,24 MHz,105.762,48 MHz,14.1,-1,3000,76.727,3000,1.69051,Waveform,13.75,32815.8744893128
W50A000F,touch_1.7.0Beta1,6/11/2025 11:22:54,SSTDR,24,4,RG-58/U 50 ohm coax,0.66,None,Standard,0,0,24 MHz,105.762,48 MHz,14.1,-1,3000,76.727,3000,1.69051,Waveform,14,32767
W50A000F,touch_1.7.0Beta1,6/11/2025 11:22:54,SSTDR,24,4,RG-58/U 50 ohm coax,0.66,None,Standard,0,0,24 MHz,105.762,48 MHz,14.1,-1,3000,76.727,3000,1.69051,Waveform,14.25,29429.5275366346
W50A000F,touch_1.7.0Beta1,6/11/2025 11:22:54,SSTDR,24,4,RG-58/U 50 ohm coax,0.66,None,Standard,0,0,24 MHz,105.762,48 MHz,14.1,-1,3000,76.727,3000,1.69051,Waveform,14.5,23057.214726925
W50A000F,touch_1.7.0Beta1,6/11/2025 11:22:54,SSTDR,24,4,RG-58/U 50 ohm coax,0.66,None,Standard,0,0,24 MHz,105.762,48 MHz,14.1,-1,3000,76.727,3000,1.69051,Waveform,14.75,14184.5893042155
W50A000F,touch_1.7.0Beta1,6/11/2025 11:22:54,SSTDR,24,4,RG-58/U 50 ohm coax,0.66,None,Standard,0,0,24 MHz,105.762,48 MHz,14.1,-1,3000,76.727,3000,1.69051,Waveform,15,3701
W50A000F,touch_1.7.0Beta1,6/11/2025 11:22:54,SSTDR,24,4,RG-58/U 50 ohm coax,0.66,None,Standard,0,0,24 MHz,105.762,48 MHz,14.1,-1,3000,76.727,3000,1.69051,Waveform,15.25,-7131.04581999451
W50A000F,touch_1.7.0Beta1,6/11/2025 11:22:54,SSTDR,24,4,RG-58/U 50 ohm coax,0.66,None,Standard,0,0,24 MHz,105.762,48 MHz,14.1,-1,3000,76.727,3000,1.69051,Waveform,15.5,-16800.3453373068
W50A000F,touch_1.7.0Beta1,6/11/2025 11:22:54,SSTDR,24,4,RG-58/U 50 ohm coax,0.66,None,Standard,0,0,24 MHz,105.762,48 MHz,14.1,-1,3000,76.727,3000,1.69051,Waveform,15.75,-23833.7857517634
W50A000F,touch_1.7.0Beta1,6/11/2025 11:22:54,SSTDR,24,4,RG-58/U 50 ohm coax,0.66,None,Standard,0,0,24 MHz,105.762,48 MHz,14.1,-1,3000,76.727,3000,1.69051,Waveform,16,-27172
W50A000F,touch_1.7.0Beta1,6/11/2025 11:22:54,SSTDR,24,4,RG-58/U 50 ohm coax,0.66,None,Standard,0,0,24 MHz,105.762,48 MHz,14.1,-1,3000,76.727,3000,1.69051,Waveform,16.25,-26492.7045464864
W50A000F,touch_1.7.0Beta1,6/11/2025 11:22:54,SSTDR,24,4,RG-58/U 50 ohm coax,0.66,None,Standard,0,0,24 MHz,105.762,48 MHz,14.1,-1,3000,76.727,3000,1.69051,Waveform,16.5,-22337.7861587046
W50A000F,touch_1.7.0Beta1,6/11/2025 11:22:54,SSTDR,24,4,RG-58/U 50 ohm coax,0.66,None,Standard,0,0,24 MHz,105.762,48 MHz,14.1,-1,3000,76.727,3000,1.69051,Waveform,16.75,-15969.576070474
W50A000F,touch_1.7.0Beta1,6/11/2025 11:22:54,SSTDR,24,4,RG-58/U 50 ohm coax,0.66,None,Standard,0,0,24 MHz,105.762,48 MHz,14.1,-1,3000,76.727,3000,1.69051,Waveform,17,-8993
W50A000F,touch_1.7.0Beta1,6/11/2025 11:22:54,SSTDR,24,4,RG-58/U 50 ohm coax,0.66,None,Standard,0,0,24 MHz,105.762,48 MHz,14.1,-1,3000,76.727,3000,1.69051,Waveform,17.25,-2880.68798763219
W50A000F,touch_1.7.0Beta1,6/11/2025 11:22:54,SSTDR,24,4,RG-58/U 50 ohm coax,0.66,None,Standard,0,0,24 MHz,105.762,48 MHz,14.1,-1,3000,76.727,3000,1.69051,Waveform,17.5,1420.85437790711
W50A000F,touch_1.7.0Beta1,6/11/2025 11:22:54,SSTDR,24,4,RG-58/U 50 ohm coax,0.66,None,Standard,0,0,24 MHz,105.762,48 MHz,14.1,-1,3000,76.727,3000,1.69051,Waveform,17.75,3663.99599469419
W50A000F,touch_1.7.0Beta1,6/11/2025 11:22:54,SSTDR,24,4,RG-58/U 50 ohm coax,0.66,None,Standard,0,0,24 MHz,105.762,48 MHz,14.1,-1,3000,76.727,3000,1.69051,Waveform,18,4210
W50A000F,touch_1.7.0Beta1,6/11/2025 11:22:54,SSTDR,24,4,RG-58/U 50 ohm coax,0.66,None,Standard,0,0,24 MHz,105.762,48 MHz,14.1,-1,3000,76.727,3000,1.69051,Waveform,18.25,3745.87999077342
W50A000F,touch_1.7.0Beta1,6/11/2025 11:22:54,SSTDR,24,4,RG-58/U 50 ohm coax,0.66,None,Standard,0,0,24 MHz,105.762,48 MHz,14.1,-1,3000,76.727,3000,1.69051,Waveform,18.5,2949.8457662144
W50A000F,touch_1.7.0Beta1,6/11/2025 11:22:54,SSTDR,24,4,RG-58/U 50 ohm coax,0.66,None,Standard,0,0,24 MHz,105.762,48 MHz,14.1,-1,3000,76.727,3000,1.69051,Waveform,18.75,2249.5807918443
W50A000F,touch_1.7.0Beta1,6/11/2025 11:22:54,SSTDR,24,4,RG-58/U 50 ohm coax,0.66,None,Standard,0,0,24 MHz,105.762,48 MHz,14.1,-1,3000,76.727,3000,1.69051,Waveform,19,1755
W50A000F,touch_1.7.0Beta1,6/11/2025 11:22:54,SSTDR,24,4,RG-58/U 50 ohm coax,0.66,None,Standard,0,0,24 MHz,105.762,48 MHz,14.1,-1,3000,76.727,3000,1.69051,Waveform,19.25,1355.07882604105
W50A000F,touch_1.7.0Beta1,6/11/2025 11:22:54,SSTDR,24,4,RG-58/U 50 ohm coax,0.66,None,Standard,0,0,24 MHz,105.762,48 MHz,14.1,-1,3000,76.727,3000,1.69051,Waveform,19.5,893.816449626702
W50A000F,touch_1.7.0Beta1,6/11/2025 11:22:54,SSTDR,24,4,RG-58/U 50 ohm coax,0.66,None,Standard,0,0,24 MHz,105.762,48 MHz,14.1,-1,3000,76.727,3000,1.69051,Waveform,19.75,317.562983570049
W50A000F,touch_1.7.0Beta1,6/11/2025 11:22:54,SSTDR,24,4,RG-58/U 50 ohm coax,0.66,None,Standard,0,0,24 MHz,105.762,48 MHz,14.1,-1,3000,76.727,3000,1.69051,Waveform,20,-279.999999999999
W50A000F,touch_1.7.0Beta1,6/11/2025 11:22:54,SSTDR,24,4,RG-58/U 50 ohm coax,0.66,None,Standard,0,0,24 MHz,105.762,48 MHz,14.1,-1,3000,76.727,3000,1.69051,Waveform,20.25,-721.998499429
W50A000F,touch_1.7.0Beta1,6/11/2025 11:22:54,SSTDR,24,4,RG-58/U 50 ohm coax,0.66,None,Standard,0,0,24 MHz,105.762,48 MHz,14.1,-1,3000,76.727,3000,1.69051,Waveform,20.5,-867.02414509701
W50A000F,touch_1.7.0Beta1,6/11/2025 11:22:54,SSTDR,24,4,RG-58/U 50 ohm coax,0.66,None,Standard,0,0,24 MHz,105.762,48 MHz,14.1,-1,3000,76.727,3000,1.69051,Waveform,20.75,-703.615342067011
W50A000F,touch_1.7.0Beta1,6/11/2025 11:22:54,SSTDR,24,4,RG-58/U 50 ohm coax,0.66,None,Standard,0,0,24 MHz,105.762,48 MHz,14.1,-1,3000,76.727,3000,1.69051,Waveform,21,-364.000000000001
W50A000F,touch_1.7.0Beta1,6/11/2025 11:22:54,SSTDR,24,4,RG-58/U 50 ohm coax,0.66,None,Standard,0,0,24 MHz,105.762,48 MHz,14.1,-1,3000,76.727,3000,1.69051,Waveform,21.25,-52.2802263282533
W50A000F,touch_1.7.0Beta1,6/11/2025 11:22:54,SSTDR,24,4,RG-58/U 50 ohm coax,0.66,None,Standard,0,0,24 MHz,105.762,48 MHz,14.1,-1,3000,76.727,3000,1.69051,Waveform,21.5,67.6100654764824
W50A000F,touch_1.7.0Beta1,6/11/2025 11:22:54,SSTDR,24,4,RG-58/U 50 ohm coax,0.66,None,Standard,0,0,24 MHz,105.762,48 MHz,14.1,-1,3000,76.727,3000,1.69051,Waveform,21.75,-41.9406846986489
W50A000F,touch_1.7.0Beta1,6/11/2025 11:22:54,SSTDR,24,4,RG-58/U 50 ohm coax,0.66,None,Standard,0,0,24 MHz,105.762,48 MHz,14.1,-1,3000,76.727,3000,1.69051,Waveform,22,-280
W50A000F,touch_1.7.0Beta1,6/11/2025 11:22:54,SSTDR,24,4,RG-58/U 50 ohm coax,0.66,None,Standard,0,0,24 MHz,105.762,48 MHz,14.1,-1,3000,76.727,3000,1.69051,Waveform,22.25,-472.613883610108
W50A000F,touch_1.7.0Beta1,6/11/2025 11:22:54,SSTDR,24,4,RG-58/U 50 ohm coax,0.66,None,Standard,0,0,24 MHz,105.762,48 MHz,14.1,-1,3000,76.727,3000,1.69051,Waveform,22.5,-475.886085767254
W50A000F,touch_1.7.0Beta1,6/11/2025 11:22:54,SSTDR,24,4,RG-58/U 50 ohm coax,0.66,None,Standard,0,0,24 MHz,105.762,48 MHz,14.1,-1,3000,76.727,3000,1.69051,Waveform,22.75,-257.295379205185
W50A000F,touch_1.7.0Beta1,6/11/2025 11:22:54,SSTDR,24,4,RG-58/U 50 ohm coax,0.66,None,Standard,0,0,24 MHz,105.762,48 MHz,14.1,-1,3000,76.727,3000,1.69051,Waveform,23,89
W50A000F,touch_1.7.0Beta1,6/11/2025 11:22:54,SSTDR,24,4,RG-58/U 50 ohm coax,0.66,None,Standard,0,0,24 MHz,105.762,48 MHz,14.1,-1,3000,76.727,3000,1.69051,Waveform,23.25,398.113863725226
W50A000F,touch_1.7.0Beta1,6/11/2025 11:22:54,SSTDR,24,4,RG-58/U 50 ohm coax,0.66,None,Standard,0,0,24 MHz,105.762,48 MHz,14.1,-1,3000,76.727,3000,1.69051,Waveform,23.5,526.977774475851
W50A000F,touch_1.7.0Beta1,6/11/2025 11:22:54,SSTDR,24,4,RG-58/U 50 ohm coax,0.66,None,Standard,0,0,24 MHz,105.762,48 MHz,14.1,-1,3000,76.727,3000,1.69051,Waveform,23.75,430.319623677299
W50A000F,touch_1.7.0Beta1,6/11/2025 11:22:54,SSTDR,24,4,RG-58/U 50 ohm coax,0.66,None,Standard,0,0,24 MHz,105.762,48 MHz,14.1,-1,3000,76.727,3000,1.69051,Waveform,24,178.999999999999
W50A000F,touch_1.7.0Beta1,6/11/2025 11:22:54,SSTDR,24,4,RG-58/U 50 ohm coax,0.66,None,Standard,0,0,24 MHz,105.762,48 MHz,14.1,-1,3000,76.727,3000,1.69051,Waveform,24.25,-86.0629718338148
W50A000F,touch_1.7.0Beta1,6/11/2025 11:22:54,SSTDR,24,4,RG-58/U 50 ohm coax,0.66,None,Standard,0,0,24 MHz,105.762,48 MHz,14.1,-1,3000,76.727,3000,1.69051,Waveform,24.5,-234.954953591738
W50A000F,touch_1.7.0Beta1,6/11/2025 11:22:54,SSTDR,24,4,RG-58/U 50 ohm coax,0.66,None,Standard,0,0,24 MHz,105.762,48 MHz,14.1,-1,3000,76.727,3000,1.69051,Waveform,24.75,-217.627203116028
W50A000F,touch_1.7.0Beta1,6/11/2025 11:22:54,SSTDR,24,4,RG-58/U 50 ohm coax,0.66,None,Standard,0,0,24 MHz,105.762,48 MHz,14.1,-1,3000,76.727,3000,1.69051,Waveform,25,-83
W50A000F,touch_1.7.0Beta1,6/11/2025 11:22:54,SSTDR,24,4,RG-58/U 50 ohm coax,0.66,None,Standard,0,0,24 MHz,105.762,48 MHz,14.1,-1,3000,76.727,3000,1.69051,Waveform,25.25,59.0921148801743
W50A000F,touch_1.7.0Beta1,6/11/2025 11:22:54,SSTDR,24,4,RG-58/U 50 ohm coax,0.66,None,Standard,0,0,24 MHz,105.762,48 MHz,14.1,-1,3000,76.727,3000,1.69051,Waveform,25.5,107.84949563403
W50A000F,touch_1.7.0Beta1,6/11/2025 11:22:54,SSTDR,24,4,RG-58/U 50 ohm coax,0.66,None,Standard,0,0,24 MHz,105.762,48 MHz,14.1,-1,3000,76.727,3000,1.69051,Waveform,25.75,31.4445375509449
W50A000F,touch_1.7.0Beta1,6/11/2025 11:22:54,SSTDR,24,4,RG-58/U 50 ohm coax,0.66,None,Standard,0,0,24 MHz,105.762,48 MHz,14.1,-1,3000,76.727,3000,1.69051,Waveform,26,-117
W50A000F,touch_1.7.0Beta1,6/11/2025 11:22:54,SSTDR,24,4,RG-58/U 50 ohm coax,0.66,None,Standard,0,0,24 MHz,105.762,48 MHz,14.1,-1,3000,76.727,3000,1.69051,Waveform,26.25,-234.494837409666
W50A000F,touch_1.7.0Beta1,6/11/2025 11:22:54,SSTDR,24,4,RG-58/U 50 ohm coax,0.66,None,Standard,0,0,24 MHz,105.762,48 MHz,14.1,-1,3000,76.727,3000,1.69051,Waveform,26.5,-231.824078674506
W50A000F,touch_1.7.0Beta1,6/11/2025 11:22:54,SSTDR,24,4,RG-58/U 50 ohm coax,0.66,None,Standard,0,0,24 MHz,105.762,48 MHz,14.1,-1,3000,76.727,3000,1.69051,Waveform,26.75,-87.7930808746321
W50A000F,touch_1.7.0Beta1,6/11/2025 11:22:54,SSTDR,24,4,RG-58/U 50 ohm coax,0.66,None,Standard,0,0,24 MHz,105.762,48 MHz,14.1,-1,3000,76.727,3000,1.69051,Waveform,27,136.999999999999
W50A000F,touch_1.7.0Beta1,6/11/2025 11:22:54,SSTDR,24,4,RG-58/U 50 ohm coax,0.66,None,Standard,0,0,24 MHz,105.762,48 MHz,14.1,-1,3000,76.727,3000,1.69051,Waveform,27.25,333.653224515905
W50A000F,touch_1.7.0Beta1,6/11/2025 11:22:54,SSTDR,24,4,RG-58/U 50 ohm coax,0.66,None,Standard,0,0,24 MHz,105.762,48 MHz,14.1,-1,3000,76.727,3000,1.69051,Waveform,27.5,405.306663682063
W50A000F,touch_1.7.0Beta1,6/11/2025 11:22:54,SSTDR,24,4,RG-58/U 50 ohm coax,0.66,None,Standard,0,0,24 MHz,105.762,48 MHz,14.1,-1,3000,76.727,3000,1.69051,Waveform,27.75,319.428662162779
W50A000F,touch_1.7.0Beta1,6/11/2025 11:22:54,SSTDR,24,4,RG-58/U 50 ohm coax,0.66,None,Standard,0,0,24 MHz,105.762,48 MHz,14.1,-1,3000,76.727,3000,1.69051,Waveform,28,122.999999999999
W50A000F,touch_1.7.0Beta1,6/11/2025 11:22:54,SSTDR,24,4,RG-58/U 50 ohm coax,0.66,None,Standard,0,0,24 MHz,105.762,48 MHz,14.1,-1,3000,76.727,3000,1.69051,Waveform,28.25,-86.3695677155738
W50A000F,touch_1.7.0Beta1,6/11/2025 11:22:54,SSTDR,24,4,RG-58/U 50 ohm coax,0.66,None,Standard,0,0,24 MHz,105.762,48 MHz,14.1,-1,3000,76.727,3000,1.69051,Waveform,28.5,-215.279277850811
W50A000F,touch_1.7.0Beta1,6/11/2025 11:22:54,SSTDR,24,4,RG-58/U 50 ohm coax,0.66,None,Standard,0,0,24 MHz,105.762,48 MHz,14.1,-1,3000,76.727,3000,1.69051,Waveform,28.75,-223.482973609226
W50A000F,touch_1.7.0Beta1,6/11/2025 11:22:54,SSTDR,24,4,RG-58/U 50 ohm coax,0.66,None,Standard,0,0,24 MHz,105.762,48 MHz,14.1,-1,3000,76.727,3000,1.69051,Waveform,29,-140
W50A000F,touch_1.7.0Beta1,6/11/2025 11:22:54,SSTDR,24,4,RG-58/U 50 ohm coax,0.66,None,Standard,0,0,24 MHz,105.762,48 MHz,14.1,-1,3000,76.727,3000,1.69051,Waveform,29.25,-39.3810728243336
W50A000F,touch_1.7.0Beta1,6/11/2025 11:22:54,SSTDR,24,4,RG-58/U 50 ohm coax,0.66,None,Standard,0,0,24 MHz,105.762,48 MHz,14.1,-1,3000,76.727,3000,1.69051,Waveform,29.5,5.92613184644597
W50A000F,touch_1.7.0Beta1,6/11/2025 11:22:54,SSTDR,24,4,RG-58/U 50 ohm coax,0.66,None,Standard,0,0,24 MHz,105.762,48 MHz,14.1,-1,3000,76.727,3000,1.69051,Waveform,29.75,-31.5999820232067
W50A000F,touch_1.7.0Beta1,6/11/2025 11:22:54,SSTDR,24,4,RG-58/U 50 ohm coax,0.66,None,Standard,0,0,24 MHz,105.762,48 MHz,14.1,-1,3000,76.727,3000,1.69051,Waveform,30,-121.000000000001
W50A000F,touch_1.7.0Beta1,6/11/2025 11:22:54,SSTDR,24,4,RG-58/U 50 ohm coax,0.66,None,Standard,0,0,24 MHz,105.762,48 MHz,14.1,-1,3000,76.727,3000,1.69051,Waveform,30.25,-194.911144752515
W50A000F,touch_1.7.0Beta1,6/11/2025 11:22:54,SSTDR,24,4,RG-58/U 50 ohm coax,0.66,None,Standard,0,0,24 MHz,105.762,48 MHz,14.1,-1,3000,76.727,3000,1.69051,Waveform,30.5,-192.687967749761
W50A000F,touch_1.7.0Beta1,6/11/2025 11:22:54,SSTDR,24,4,RG-58/U 50 ohm coax,0.66,None,Standard,0,0,24 MHz,105.762,48 MHz,14.1,-1,3000,76.727,3000,1.69051,Waveform,30.75,-98.3318358563235
W50A000F,touch_1.7.0Beta1,6/11/2025 11:22:54,SSTDR,24,4,RG-58/U 50 ohm coax,0.66,None,Standard,0,0,24 MHz,105.762,48 MHz,14.1,-1,3000,76.727,3000,1.69051,Waveform,31,49.0000000000007
W50A000F,touch_1.7.0Beta1,6/11/2025 11:22:54,SSTDR,24,4,RG-58/U 50 ohm coax,0.66,None,Standard,0,0,24 MHz,105.762,48 MHz,14.1,-1,3000,76.727,3000,1.69051,Waveform,31.25,177.387783713012
W50A000F,touch_1.7.0Beta1,6/11/2025 11:22:54,SSTDR,24,4,RG-58/U 50 ohm coax,0.66,None,Standard,0,0,24 MHz,105.762,48 MHz,14.1,-1,3000,76.727,3000,1.69051,Waveform,31.5,223.577324771301
W50A000F,touch_1.7.0Beta1,6/11/2025 11:22:54,SSTDR,24,4,RG-58/U 50 ohm coax,0.66,None,Standard,0,0,24 MHz,105.762,48 MHz,14.1,-1,3000,76.727,3000,1.69051,Waveform,31.75,168.897879599838
W50A000F,touch_1.7.0Beta1,6/11/2025 11:22:54,SSTDR,24,4,RG-58/U 50 ohm coax,0.66,None,Standard,0,0,24 MHz,105.762,48 MHz,14.1,-1,3000,76.727,3000,1.69051,Waveform,32,48.9999999999996
W50A000F,touch_1.7.0Beta1,6/11/2025 11:22:54,SSTDR,24,4,RG-58/U 50 ohm coax,0.66,None,Standard,0,0,24 MHz,105.762,48 MHz,14.1,-1,3000,76.727,3000,1.69051,Waveform,32.25,-67.5451313863393
W50A000F,touch_1.7.0Beta1,6/11/2025 11:22:54,SSTDR,24,4,RG-58/U 50 ohm coax,0.66,None,Standard,0,0,24 MHz,105.762,48 MHz,14.1,-1,3000,76.727,3000,1.69051,Waveform,32.5,-118.650119054426
W50A000F,touch_1.7.0Beta1,6/11/2025 11:22:54,SSTDR,24,4,RG-58/U 50 ohm coax,0.66,None,Standard,0,0,24 MHz,105.762,48 MHz,14.1,-1,3000,76.727,3000,1.69051,Waveform,32.75,-83.0286490822474
W50A000F,touch_1.7.0Beta1,6/11/2025 11:22:54,SSTDR,24,4,RG-58/U 50 ohm coax,0.66,None,Standard,0,0,24 MHz,105.762,48 MHz,14.1,-1,3000,76.727,3000,1.69051,Waveform,33,10.0000000000005
W50A000F,touch_1.7.0Beta1,6/11/2025 11:22:54,SSTDR,24,4,RG-58/U 50 ohm coax,0.66,None,Standard,0,0,24 MHz,105.762,48 MHz,14.1,-1,3000,76.727,3000,1.69051,Waveform,33.25,99.9082977721042
W50A000F,touch_1.7.0Beta1,6/11/2025 11:22:54,SSTDR,24,4,RG-58/U 50 ohm coax,0.66,None,Standard,0,0,24 MHz,105.762,48 MHz,14.1,-1,3000,76.727,3000,1.69051,Waveform,33.5,131.296984001938
W50A000F,touch_1.7.0Beta1,6/11/2025 11:22:54,SSTDR,24,4,RG-58/U 50 ohm coax,0.66,None,Standard,0,0,24 MHz,105.762,48 MHz,14.1,-1,3000,76.727,3000,1.69051,Waveform,33.75,85.5945103012157
W50A000F,touch_1.7.0Beta1,6/11/2025 11:22:54,SSTDR,24,4,RG-58/U 50 ohm coax,0.66,None,Standard,0,0,24 MHz,105.762,48 MHz,14.1,-1,3000,76.727,3000,1.69051,Waveform,34,-10.0000000000001
W50A000F,touch_1.7.0Beta1,6/11/2025 11:22:54,SSTDR,24,4,RG-58/U 50 ohm coax,0.66,None,Standard,0,0,24 MHz,105.762,48 MHz,14.1,-1,3000,76.727,3000,1.69051,Waveform,34.25,-100.628301864582
W50A000F,touch_1.7.0Beta1,6/11/2025 11:22:54,SSTDR,24,4,RG-58/U 50 ohm coax,0.66,None,Standard,0,0,24 MHz,105.762,48 MHz,14.1,-1,3000,76.727,3000,1.69051,Waveform,34.5,-137.375394005941
W50A000F,touch_1.7.0Beta1,6/11/2025 11:22:54,SSTDR,24,4,RG-58/U 50 ohm coax,0.66,None,Standard,0,0,24 MHz,105.762,48 MHz,14.1,-1,3000,76.727,3000,1.69051,Waveform,34.75,-106.150209233428
W50A000F,touch_1.7.0Beta1,6/11/2025 11:22:54,SSTDR,24,4,RG-58/U 50 ohm coax,0.66,None,Standard,0,0,24 MHz,105.762,48 MHz,14.1,-1,3000,76.727,3000,1.69051,Waveform,35,-35.000000000001
W50A000F,touch_1.7.0Beta1,6/11/2025 11:22:54,SSTDR,24,4,RG-58/U 50 ohm coax,0.66,None,Standard,0,0,24 MHz,105.762,48 MHz,14.1,-1,3000,76.727,3000,1.69051,Waveform,35.25,23.8987738444584
W50A000F,touch_1.7.0Beta1,6/11/2025 11:22:54,SSTDR,24,4,RG-58/U 50 ohm coax,0.66,None,Standard,0,0,24 MHz,105.762,48 MHz,14.1,-1,3000,76.727,3000,1.69051,Waveform,35.5,26.3919947456666
W50A000F,touch_1.7.0Beta1,6/11/2025 11:22:54,SSTDR,24,4,RG-58/U 50 ohm coax,0.66,None,Standard,0,0,24 MHz,105.762,48 MHz,14.1,-1,3000,76.727,3000,1.69051,Waveform,35.75,-36.5961346738339
W50A000F,touch_1.7.0Beta1,6/11/2025 11:22:54,SSTDR,24,4,RG-58/U 50 ohm coax,0.66,None,Standard,0,0,24 MHz,105.762,48 MHz,14.1,-1,3000,76.727,3000,1.69051,Waveform,36,-133.000000000001
W50A000F,touch_1.7.0Beta1,6/11/2025 11:22:54,SSTDR,24,4,RG-58/U 50 ohm coax,0.66,None,Standard,0,0,24 MHz,105.762,48 MHz,14.1,-1,3000,76.727,3000,1.69051,Waveform,36.25,-207.90608467506
W50A000F,touch_1.7.0Beta1,6/11/2025 11:22:54,SSTDR,24,4,RG-58/U 50 ohm coax,0.66,None,Standard,0,0,24 MHz,105.762,48 MHz,14.1,-1,3000,76.727,3000,1.69051,Waveform,36.5,-215.319353875419
W50A000F,touch_1.7.0Beta1,6/11/2025 11:22:54,SSTDR,24,4,RG-58/U 50 ohm coax,0.66,None,Standard,0,0,24 MHz,105.762,48 MHz,14.1,-1,3000,76.727,3000,1.69051,Waveform,36.75,-144.852670788834
W50A000F,touch_1.7.0Beta1,6/11/2025 11:22:54,SSTDR,24,4,RG-58/U 50 ohm coax,0.66,None,Standard,0,0,24 MHz,105.762,48 MHz,14.1,-1,3000,76.727,3000,1.69051,Waveform,37,-27.9999999999996
W50A000F,touch_1.7.0Beta1,6/11/2025 11:22:54,SSTDR,24,4,RG-58/U 50 ohm coax,0.66,None,Standard,0,0,24 MHz,105.762,48 MHz,14.1,-1,3000,76.727,3000,1.69051,Waveform,37.25,79.3467175945719
W50A000F,touch_1.7.0Beta1,6/11/2025 11:22:54,SSTDR,24,4,RG-58/U 50 ohm coax,0.66,None,Standard,0,0,24 MHz,105.762,48 MHz,14.1,-1,3000,76.727,3000,1.69051,Waveform,37.5,127.80004955635
W50A000F,touch_1.7.0Beta1,6/11/2025 11:22:54,SSTDR,24,4,RG-58/U 50 ohm coax,0.66,None,Standard,0,0,24 MHz,105.762,48 MHz,14.1,-1,3000,76.727,3000,1.69051,Waveform,37.75,101.015816060156
W50A000F,touch_1.7.0Beta1,6/11/2025 11:22:54,SSTDR,24,4,RG-58/U 50 ohm coax,0.66,None,Standard,0,0,24 MHz,105.762,48 MHz,14.1,-1,3000,76.727,3000,1.69051,Waveform,38,23.000000000001
W50A000F,touch_1.7.0Beta1,6/11/2025 11:22:54,SSTDR,24,4,RG-58/U 50 ohm coax,0.66,None,Standard,0,0,24 MHz,105.762,48 MHz,14.1,-1,3000,76.727,3000,1.69051,Waveform,38.25,-57.3392170158882
W50A000F,touch_1.7.0Beta1,6/11/2025 11:22:54,SSTDR,24,4,RG-58/U 50 ohm coax,0.66,None,Standard,0,0,24 MHz,105.762,48 MHz,14.1,-1,3000,76.727,3000,1.69051,Waveform,38.5,-94.8674473258319
W50A000F,touch_1.7.0Beta1,6/11/2025 11:22:54,SSTDR,24,4,RG-58/U 50 ohm coax,0.66,None,Standard,0,0,24 MHz,105.762,48 MHz,14.1,-1,3000,76.727,3000,1.69051,Waveform,38.75,-73.3724326817792
W50A000F,touch_1.7.0Beta1,6/11/2025 11:22:54,SSTDR,24,4,RG-58/U 50 ohm coax,0.66,None,Standard,0,0,24 MHz,105.762,48 MHz,14.1,-1,3000,76.727,3000,1.69051,Waveform,39,-12.9999999999995
W50A000F,touch_1.7.0Beta1,6/11/2025 11:22:54,SSTDR,24,4,RG-58/U 50 ohm coax,0.66,None,Standard,0,0,24 MHz,105.762,48 MHz,14.1,-1,3000,76.727,3000,1.69051,Waveform,39.25,43.5944345123602
W50A000F,touch_1.7.0Beta1,6/11/2025 11:22:54,SSTDR,24,4,RG-58/U 50 ohm coax,0.66,None,Standard,0,0,24 MHz,105.762,48 MHz,14.1,-1,3000,76.727,3000,1.69051,Waveform,39.5,57.6216421186218
W50A000F,touch_1.7.0Beta1,6/11/2025 11:22:54,SSTDR,24,4,RG-58/U 50 ohm coax,0.66,None,Standard,0,0,24 MHz,105.762,48 MHz,14.1,-1,3000,76.727,3000,1.69051,Waveform,39.75,17.3867614954306
W50A000F,touch_1.7.0Beta1,6/11/2025 11:22:54,SSTDR,24,4,RG-58/U 50 ohm coax,0.66,None,Standard,0,0,24 MHz,105.762,48 MHz,14.1,-1,3000,76.727,3000,1.69051,Waveform,40,-55.0000000000003
W50A000F,touch_1.7.0Beta1,6/11/2025 11:22:54,SSTDR,24,4,RG-58/U 50 ohm coax,0.66,None,Standard,0,0,24 MHz,105.762,48 MHz,14.1,-1,3000,76.727,3000,1.69051,Waveform,40.25,-116.873339493858
W50A000F,touch_1.7.0Beta1,6/11/2025 11:22:54,SSTDR,24,4,RG-58/U 50 ohm coax,0.66,None,Standard,0,0,24 MHz,105.762,48 MHz,14.1,-1,3000,76.727,3000,1.69051,Waveform,40.5,-130.053531616989
W50A000F,touch_1.7.0Beta1,6/11/2025 11:22:54,SSTDR,24,4,RG-58/U 50 ohm coax,0.66,None,Standard,0,0,24 MHz,105.762,48 MHz,14.1,-1,3000,76.727,3000,1.69051,Waveform,40.75,-82.9373373902012
W50A000F,touch_1.7.0Beta1,6/11/2025 11:22:54,SSTDR,24,4,RG-58/U 50 ohm coax,0.66,None,Standard,0,0,24 MHz,105.762,48 MHz,14.1,-1,3000,76.727,3000,1.69051,Waveform,41,2.99999999999948
W50A000F,touch_1.7.0Beta1,6/11/2025 11:22:54,SSTDR,24,4,RG-58/U 50 ohm coax,0.66,None,Standard,0,0,24 MHz,105.762,48 MHz,14.1,-1,3000,76.727,3000,1.69051,Waveform,41.25,85.6245798793451
W50A000F,touch_1.7.0Beta1,6/11/2025 11:22:54,SSTDR,24,4,RG-58/U 50 ohm coax,0.66,None,Standard,0,0,24 MHz,105.762,48 MHz,14.1,-1,3000,76.727,3000,1.69051,Waveform,41.5,125.874264727659
W50A000F,touch_1.7.0Beta1,6/11/2025 11:22:54,SSTDR,24,4,RG-58/U 50 ohm coax,0.66,None,Standard,0,0,24 MHz,105.762,48 MHz,14.1,-1,3000,76.727,3000,1.69051,Waveform,41.75,108.947239522182
W50A000F,touch_1.7.0Beta1,6/11/2025 11:22:54,SSTDR,24,4,RG-58/U 50 ohm coax,0.66,None,Standard,0,0,24 MHz,105.762,48 MHz,14.1,-1,3000,76.727,3000,1.69051,Waveform,42,51.0000000000021
W50A000F,touch_1.7.0Beta1,6/11/2025 11:22:54,SSTDR,24,4,RG-58/U 50 ohm coax,0.66,None,Standard,0,0,24 MHz,105.762,48 MHz,14.1,-1,3000,76.727,3000,1.69051,Waveform,42.25,-11.8947825062974
W50A000F,touch_1.7.0Beta1,6/11/2025 11:22:54,SSTDR,24,4,RG-58/U 50 ohm coax,0.66,None,Standard,0,0,24 MHz,105.762,48 MHz,14.1,-1,3000,76.727,3000,1.69051,Waveform,42.5,-45.5028918628938
W50A000F,touch_1.7.0Beta1,6/11/2025 11:22:54,SSTDR,24,4,RG-58/U 50 ohm coax,0.66,None,Standard,0,0,24 MHz,105.762,48 MHz,14.1,-1,3000,76.727,3000,1.69051,Waveform,42.75,-36.9745337017074
W50A000F,touch_1.7.0Beta1,6/11/2025 11:22:54,SSTDR,24,4,RG-58/U 50 ohm coax,0.66,None,Standard,0,0,24 MHz,105.762,48 MHz,14.1,-1,3000,76.727,3000,1.69051,Waveform,43,-0.99999999999987
W50A000F,touch_1.7.0Beta1,6/11/2025 11:22:54,SSTDR,24,4,RG-58/U 50 ohm coax,0.66,None,Standard,0,0,24 MHz,105.762,48 MHz,14.1,-1,3000,76.727,3000,1.69051,Waveform,43.25,30.4839174968781
W50A000F,touch_1.7.0Beta1,6/11/2025 11:22:54,SSTDR,24,4,RG-58/U 50 ohm coax,0.66,None,Standard,0,0,24 MHz,105.762,48 MHz,14.1,-1,3000,76.727,3000,1.69051,Waveform,43.5,28.4774172582215
W50A000F,touch_1.7.0Beta1,6/11/2025 11:22:54,SSTDR,24,4,RG-58/U 50 ohm coax,0.66,None,Standard,0,0,24 MHz,105.762,48 MHz,14.1,-1,3000,76.727,3000,1.69051,Waveform,43.75,-15.0887692748394
W50A000F,touch_1.7.0Beta1,6/11/2025 11:22:54,SSTDR,24,4,RG-58/U 50 ohm coax,0.66,None,Standard,0,0,24 MHz,105.762,48 MHz,14.1,-1,3000,76.727,3000,1.69051,Waveform,44,-82.0000000000018
W50A000F,touch_1.7.0Beta1,6/11/2025 11:22:54,SSTDR,24,4,RG-58/U 50 ohm coax,0.66,None,Standard,0,0,24 MHz,105.762,48 MHz,14.1,-1,3000,76.727,3000,1.69051,Waveform,44.25,-137.882744401377
W50A000F,touch_1.7.0Beta1,6/11/2025 11:22:54,SSTDR,24,4,RG-58/U 50 ohm coax,0.66,None,Standard,0,0,24 MHz,105.762,48 MHz,14.1,-1,3000,76.727,3000,1.69051,Waveform,44.5,-151.631370113923
W50A000F,touch_1.7.0Beta1,6/11/2025 11:22:54,SSTDR,24,4,RG-58/U 50 ohm coax,0.66,None,Standard,0,0,24 MHz,105.762,48 MHz,14.1,-1,3000,76.727,3000,1.69051,Waveform,44.75,-112.782526009344
W50A000F,touch_1.7.0Beta1,6/11/2025 11:22:54,SSTDR,24,4,RG-58/U 50 ohm coax,0.66,None,Standard,0,0,24 MHz,105.762,48 MHz,14.1,-1,3000,76.727,3000,1.69051,Waveform,45,-37.0000000000012
W50A000F,touch_1.7.0Beta1,6/11/2025 11:22:54,SSTDR,24,4,RG-58/U 50 ohm coax,0.66,None,Standard,0,0,24 MHz,105.762,48 MHz,14.1,-1,3000,76.727,3000,1.69051,Waveform,45.25,43.0510742971274
W50A000F,touch_1.7.0Beta1,6/11/2025 11:22:54,SSTDR,24,4,RG-58/U 50 ohm coax,0.66,None,Standard,0,0,24 MHz,105.762,48 MHz,14.1,-1,3000,76.727,3000,1.69051,Waveform,45.5,95.7322800532372
W50A000F,touch_1.7.0Beta1,6/11/2025 11:22:54,SSTDR,24,4,RG-58/U 50 ohm coax,0.66,None,Standard,0,0,24 MHz,105.762,48 MHz,14.1,-1,3000,76.727,3000,1.69051,Waveform,45.75,106.806668417481
W50A000F,touch_1.7.0Beta1,6/11/2025 11:22:54,SSTDR,24,4,RG-58/U 50 ohm coax,0.66,None,Standard,0,0,24 MHz,105.762,48 MHz,14.1,-1,3000,76.727,3000,1.69051,Waveform,46,85.0000000000003
W50A000F,touch_1.7.0Beta1,6/11/2025 11:22:54,SSTDR,24,4,RG-58/U 50 ohm coax,0.66,None,Standard,0,0,24 MHz,105.762,48 MHz,14.1,-1,3000,76.727,3000,1.69051,Waveform,46.25,54.1921711958767
W50A000F,touch_1.7.0Beta1,6/11/2025 11:22:54,SSTDR,24,4,RG-58/U 50 ohm coax,0.66,None,Standard,0,0,24 MHz,105.762,48 MHz,14.1,-1,3000,76.727,3000,1.69051,Waveform,46.5,37.4921030410393
W50A000F,touch_1.7.0Beta1,6/11/2025 11:22:54,SSTDR,24,4,RG-58/U 50 ohm coax,0.66,None,Standard,0,0,24 MHz,105.762,48 MHz,14.1,-1,3000,76.727,3000,1.69051,Waveform,46.75,42.9100946570744
W50A000F,touch_1.7.0Beta1,6/11/2025 11:22:54,SSTDR,24,4,RG-58/U 50 ohm coax,0.66,None,Standard,0,0,24 MHz,105.762,48 MHz,14.1,-1,3000,76.727,3000,1.69051,Waveform,47,58.9999999999997
W50A000F,touch_1.7.0Beta1,6/11/2025 11:22:54,SSTDR,24,4,RG-58/U 50 ohm coax,0.66,None,Standard,0,0,24 MHz,105.762,48 MHz,14.1,-1,3000,76.727,3000,1.69051,Waveform,47.25,62.691997115361
W50A000F,touch_1.7.0Beta1,6/11/2025 11:22:54,SSTDR,24,4,RG-58/U 50 ohm coax,0.66,None,Standard,0,0,24 MHz,105.762,48 MHz,14.1,-1,3000,76.727,3000,1.69051,Waveform,47.5,34.3164728843134
W50A000F,touch_1.7.0Beta1,6/11/2025 11:22:54,SSTDR,24,4,RG-58/U 50 ohm coax,0.66,None,Standard,0,0,24 MHz,105.762,48 MHz,14.1,-1,3000,76.727,3000,1.69051,Waveform,47.75,-29.2439709311866
W50A000F,touch_1.7.0Beta1,6/11/2025 11:22:54,SSTDR,24,4,RG-58/U 50 ohm coax,0.66,None,Standard,0,0,24 MHz,105.762,48 MHz,14.1,-1,3000,76.727,3000,1.69051,Waveform,48,-111.000000000001
W50A000F,touch_1.7.0Beta1,6/11/2025 11:22:54,SSTDR,24,4,RG-58/U 50 ohm coax,0.66,None,Standard,0,0,24 MHz,105.762,48 MHz,14.1,-1,3000,76.727,3000,1.69051,Waveform,48.25,-181.852018584387
W50A000F,touch_1.7.0Beta1,6/11/2025 11:22:54,SSTDR,24,4,RG-58/U 50 ohm coax,0.66,None,Standard,0,0,24 MHz,105.762,48 MHz,14.1,-1,3000,76.727,3000,1.69051,Waveform,48.5,-215.384103655713
W50A000F,touch_1.7.0Beta1,6/11/2025 11:22:54,SSTDR,24,4,RG-58/U 50 ohm coax,0.66,None,Standard,0,0,24 MHz,105.762,48 MHz,14.1,-1,3000,76.727,3000,1.69051,Waveform,48.75,-200.971170580244
W50A000F,touch_1.7.0Beta1,6/11/2025 11:22:54,SSTDR,24,4,RG-58/U 50 ohm coax,0.66,None,Standard,0,0,24 MHz,105.762,48 MHz,14.1,-1,3000,76.727,3000,1.69051,Waveform,49,-147.999999999999
W50A000F,touch_1.7.0Beta1,6/11/2025 11:22:54,SSTDR,24,4,RG-58/U 50 ohm coax,0.66,None,Standard,0,0,24 MHz,105.762,48 MHz,14.1,-1,3000,76.727,3000,1.69051,Waveform,49.25,-79.3606539564678
W50A000F,touch_1.7.0Beta1,6/11/2025 11:22:54,SSTDR,24,4,RG-58/U 50 ohm coax,0.66,None,Standard,0,0,24 MHz,105.762,48 MHz,14.1,-1,3000,76.727,3000,1.69051,Waveform,49.5,-18.5272920600653
W50A000F,touch_1.7.0Beta1,6/11/2025 11:22:54,SSTDR,24,4,RG-58/U 50 ohm coax,0.66,None,Standard,0,0,24 MHz,105.762,48 MHz,14.1,-1,3000,76.727,3000,1.69051,Waveform,49.75,22.0798861883408
W50A000F,touch_1.7.0Beta1,6/11/2025 11:22:54,SSTDR,24,4,RG-58/U 50 ohm coax,0.66,None,Standard,0,0,24 MHz,105.762,48 MHz,14.1,-1,3000,76.727,3000,1.69051,Waveform,50,45.000000000001
W50A000F,touch_1.7.0Beta1,6/11/2025 11:22:54,SSTDR,24,4,RG-58/U 50 ohm coax,0.66,None,Standard,0,0,24 MHz,105.762,48 MHz,14.1,-1,3000,76.727,3000,1.69051,Waveform,50.25,62.3652371990517
W50A000F,touch_1.7.0Beta1,6/11/2025 11:22:54,SSTDR,24,4,RG-58/U 50 ohm coax,0.66,None,Standard,0,0,24 MHz,105.762,48 MHz,14.1,-1,3000,76.727,3000,1.69051,Waveform,50.5,85.2668745533192
W50A000F,touch_1.7.0Beta1,6/11/2025 11:22:54,SSTDR,24,4,RG-58/U 50 ohm coax,0.66,None,Standard,0,0,24 MHz,105.762,48 MHz,14.1,-1,3000,76.727,3000,1.69051,Waveform,50.75,114.750888811692
W50A000F,touch_1.7.0Beta1,6/11/2025 11:22:54,SSTDR,24,4,RG-58/U 50 ohm coax,0.66,None,Standard,0,0,24 MHz,105.762,48 MHz,14.1,-1,3000,76.727,3000,1.69051,Waveform,51,139.999999999999
W50A000F,touch_1.7.0Beta1,6/11/2025 11:22:54,SSTDR,24,4,RG-58/U 50 ohm coax,0.66,None,Standard,0,0,24 MHz,105.762,48 MHz,14.1,-1,3000,76.727,3000,1.69051,Waveform,51.25,144.658781501618
W50A000F,touch_1.7.0Beta1,6/11/2025 11:22:54,SSTDR,24,4,RG-58/U 50 ohm coax,0.66,None,Standard,0,0,24 MHz,105.762,48 MHz,14.1,-1,3000,76.727,3000,1.69051,Waveform,51.5,117.258974939178
W50A000F,touch_1.7.0Beta1,6/11/2025 11:22:54,SSTDR,24,4,RG-58/U 50 ohm coax,0.66,None,Standard,0,0,24 MHz,105.762,48 MHz,14.1,-1,3000,76.727,3000,1.69051,Waveform,51.75,59.2918770050529
W50A000F,touch_1.7.0Beta1,6/11/2025 11:22:54,SSTDR,24,4,RG-58/U 50 ohm coax,0.66,None,Standard,0,0,24 MHz,105.762,48 MHz,14.1,-1,3000,76.727,3000,1.69051,Waveform,52,-14.0000000000012
W50A000F,touch_1.7.0Beta1,6/11/2025 11:22:54,SSTDR,24,4,RG-58/U 50 ohm coax,0.66,None,Standard,0,0,24 MHz,105.762,48 MHz,14.1,-1,3000,76.727,3000,1.69051,Waveform,52.25,-80.6129371424446
W50A000F,touch_1.7.0Beta1,6/11/2025 11:22:54,SSTDR,24,4,RG-58/U 50 ohm coax,0.66,None,Standard,0,0,24 MHz,105.762,48 MHz,14.1,-1,3000,76.727,3000,1.69051,Waveform,52.5,-122.446870772679
W50A000F,touch_1.7.0Beta1,6/11/2025 11:22:54,SSTDR,24,4,RG-58/U 50 ohm coax,0.66,None,Standard,0,0,24 MHz,105.762,48 MHz,14.1,-1,3000,76.727,3000,1.69051,Waveform,52.75,-133.488696029206
W50A000F,touch_1.7.0Beta1,6/11/2025 11:22:54,SSTDR,24,4,RG-58/U 50 ohm coax,0.66,None,Standard,0,0,24 MHz,105.762,48 MHz,14.1,-1,3000,76.727,3000,1.69051,Waveform,53,-121
W50A000F,touch_1.7.0Beta1,6/11/2025 11:22:54,SSTDR,24,4,RG-58/U 50 ohm coax,0.66,None,Standard,0,0,24 MHz,105.762,48 MHz,14.1,-1,3000,76.727,3000,1.69051,Waveform,53.25,-99.4383254666435
W50A000F,touch_1.7.0Beta1,6/11/2025 11:22:54,SSTDR,24,4,RG-58/U 50 ohm coax,0.66,None,Standard,0,0,24 MHz,105.762,48 MHz,14.1,-1,3000,76.727,3000,1.69051,Waveform,53.5,-81.0874471453078
W50A000F,touch_1.7.0Beta1,6/11/2025 11:22:54,SSTDR,24,4,RG-58/U 50 ohm coax,0.66,None,Standard,0,0,24 MHz,105.762,48 MHz,14.1,-1,3000,76.727,3000,1.69051,Waveform,53.75,-69.1075831231548
W50A000F,touch_1.7.0Beta1,6/11/2025 11:22:54,SSTDR,24,4,RG-58/U 50 ohm coax,0.66,None,Standard,0,0,24 MHz,105.762,48 MHz,14.1,-1,3000,76.727,3000,1.69051,Waveform,54,-56.9999999999999
W50A000F,touch_1.7.0Beta1,6/11/2025 11:22:54,SSTDR,24,4,RG-58/U 50 ohm coax,0.66,None,Standard,0,0,24 MHz,105.762,48 MHz,14.1,-1,3000,76.727,3000,1.69051,Waveform,54.25,-34.4535294915494
W50A000F,touch_1.7.0Beta1,6/11/2025 11:22:54,SSTDR,24,4,RG-58/U 50 ohm coax,0.66,None,Standard,0,0,24 MHz,105.762,48 MHz,14.1,-1,3000,76.727,3000,1.69051,Waveform,54.5,4.31760970634592
W50A000F,touch_1.7.0Beta1,6/11/2025 11:22:54,SSTDR,24,4,RG-58/U 50 ohm coax,0.66,None,Standard,0,0,24 MHz,105.762,48 MHz,14.1,-1,3000,76.727,3000,1.69051,Waveform,54.75,55.0255525158306
W50A000F,touch_1.7.0Beta1,6/11/2025 11:22:54,SSTDR,24,4,RG-58/U 50 ohm coax,0.66,None,Standard,0,0,24 MHz,105.762,48 MHz,14.1,-1,3000,76.727,3000,1.69051,Waveform,55,103.999999999998
W50A000F,touch_1.7.0Beta1,6/11/2025 11:22:54,SSTDR,24,4,RG-58/U 50 ohm coax,0.66,None,Standard,0,0,24 MHz,105.762,48 MHz,14.1,-1,3000,76.727,3000,1.69051,Waveform,55.25,134.712608134458
W50A000F,touch_1.7.0Beta1,6/11/2025 11:22:54,SSTDR,24,4,RG-58/U 50 ohm coax,0.66,None,Standard,0,0,24 MHz,105.762,48 MHz,14.1,-1,3000,76.727,3000,1.69051,Waveform,55.5,136.220271973432
W50A000F,touch_1.7.0Beta1,6/11/2025 11:22:54,SSTDR,24,4,RG-58/U 50 ohm coax,0.66,None,Standard,0,0,24 MHz,105.762,48 MHz,14.1,-1,3000,76.727,3000,1.69051,Waveform,55.75,108.549946482437
W50A000F,touch_1.7.0Beta1,6/11/2025 11:22:54,SSTDR,24,4,RG-58/U 50 ohm coax,0.66,None,Standard,0,0,24 MHz,105.762,48 MHz,14.1,-1,3000,76.727,3000,1.69051,Waveform,56,62.0000000000015
W50A000F,touch_1.7.0Beta1,6/11/2025 11:22:54,SSTDR,24,4,RG-58/U 50 ohm coax,0.66,None,Standard,0,0,24 MHz,105.762,48 MHz,14.1,-1,3000,76.727,3000,1.69051,Waveform,56.25,11.0429456843863
W50A000F,touch_1.7.0Beta1,6/11/2025 11:22:54,SSTDR,24,4,RG-58/U 50 ohm coax,0.66,None,Standard,0,0,24 MHz,105.762,48 MHz,14.1,-1,3000,76.727,3000,1.69051,Waveform,56.5,-33.302339053533
W50A000F,touch_1.7.0Beta1,6/11/2025 11:22:54,SSTDR,24,4,RG-58/U 50 ohm coax,0.66,None,Standard,0,0,24 MHz,105.762,48 MHz,14.1,-1,3000,76.727,3000,1.69051,Waveform,56.75,-68.014596713746
W50A000F,touch_1.7.0Beta1,6/11/2025 11:22:54,SSTDR,24,4,RG-58/U 50 ohm coax,0.66,None,Standard,0,0,24 MHz,105.762,48 MHz,14.1,-1,3000,76.727,3000,1.69051,Waveform,57,-96.9999999999995
W50A000F,touch_1.7.0Beta1,6/11/2025 11:22:54,SSTDR,24,4,RG-58/U 50 ohm coax,0.66,None,Standard,0,0,24 MHz,105.762,48 MHz,14.1,-1,3000,76.727,3000,1.69051,Waveform,57.25,-125.460556573759
W50A000F,touch_1.7.0Beta1,6/11/2025 11:22:54,SSTDR,24,4,RG-58/U 50 ohm coax,0.66,None,Standard,0,0,24 MHz,105.762,48 MHz,14.1,-1,3000,76.727,3000,1.69051,Waveform,57.5,-153.617380217963
W50A000F,touch_1.7.0Beta1,6/11/2025 11:22:54,SSTDR,24,4,RG-58/U 50 ohm coax,0.66,None,Standard,0,0,24 MHz,105.762,48 MHz,14.1,-1,3000,76.727,3000,1.69051,Waveform,57.75,-174.098902282966
W50A000F,touch_1.7.0Beta1,6/11/2025 11:22:54,SSTDR,24,4,RG-58/U 50 ohm coax,0.66,None,Standard,0,0,24 MHz,105.762,48 MHz,14.1,-1,3000,76.727,3000,1.69051,Waveform,58,-175
W50A000F,touch_1.7.0Beta1,6/11/2025 11:22:54,SSTDR,24,4,RG-58/U 50 ohm coax,0.66,None,Standard,0,0,24 MHz,105.762,48 MHz,14.1,-1,3000,76.727,3000,1.69051,Waveform,58.25,-147.031304055224
W50A000F,touch_1.7.0Beta1,6/11/2025 11:22:54,SSTDR,24,4,RG-58/U 50 ohm coax,0.66,None,Standard,0,0,24 MHz,105.762,48 MHz,14.1,-1,3000,76.727,3000,1.69051,Waveform,58.5,-90.4984115951714
W50A000F,touch_1.7.0Beta1,6/11/2025 11:22:54,SSTDR,24,4,RG-58/U 50 ohm coax,0.66,None,Standard,0,0,24 MHz,105.762,48 MHz,14.1,-1,3000,76.727,3000,1.69051,Waveform,58.75,-17.7179942500785
W50A000F,touch_1.7.0Beta1,6/11/2025 11:22:54,SSTDR,24,4,RG-58/U 50 ohm coax,0.66,None,Standard,0,0,24 MHz,105.762,48 MHz,14.1,-1,3000,76.727,3000,1.69051,Waveform,59,51.0000000000006
W50A000F,touch_1.7.0Beta1,6/11/2025 11:22:54,SSTDR,24,4,RG-58/U 50 ohm coax,0.66,None,Standard,0,0,24 MHz,105.762,48 MHz,14.1,-1,3000,76.727,3000,1.69051,Waveform,59.25,95.9771010304164
W50A000F,touch_1.7.0Beta1,6/11/2025 11:22:54,SSTDR,24,4,RG-58/U 50 ohm coax,0.66,None,Standard,0,0,24 MHz,105.762,48 MHz,14.1,-1,3000,76.727,3000,1.69051,Waveform,59.5,106.874314447457
W50A000F,touch_1.7.0Beta1,6/11/2025 11:22:54,SSTDR,24,4,RG-58/U 50 ohm coax,0.66,None,Standard,0,0,24 MHz,105.762,48 MHz,14.1,-1,3000,76.727,3000,1.69051,Waveform,59.75,86.8430998248189
W50A000F,touch_1.7.0Beta1,6/11/2025 11:22:54,SSTDR,24,4,RG-58/U 50 ohm coax,0.66,None,Standard,0,0,24 MHz,105.762,48 MHz,14.1,-1,3000,76.727,3000,1.69051,Waveform,60,50.0000000000006
W50A000F,touch_1.7.0Beta1,6/11/2025 11:22:54,SSTDR,24,4,RG-58/U 50 ohm coax,0.66,None,Standard,0,0,24 MHz,105.762,48 MHz,14.1,-1,3000,76.727,3000,1.69051,Waveform,60.25,13.7858098347871
W50A000F,touch_1.7.0Beta1,6/11/2025 11:22:54,SSTDR,24,4,RG-58/U 50 ohm coax,0.66,None,Standard,0,0,24 MHz,105.762,48 MHz,14.1,-1,3000,76.727,3000,1.69051,Waveform,60.5,-9.51440739404861
W50A000F,touch_1.7.0Beta1,6/11/2025 11:22:54,SSTDR,24,4,RG-58/U 50 ohm coax,0.66,None,Standard,0,0,24 MHz,105.762,48 MHz,14.1,-1,3000,76.727,3000,1.69051,Waveform,60.75,-17.58256854842
W50A000F,touch_1.7.0Beta1,6/11/2025 11:22:54,SSTDR,24,4,RG-58/U 50 ohm coax,0.66,None,Standard,0,0,24 MHz,105.762,48 MHz,14.1,-1,3000,76.727,3000,1.69051,Waveform,61,-17.0000000000005
W50A000F,touch_1.7.0Beta1,6/11/2025 11:22:54,SSTDR,24,4,RG-58/U 50 ohm coax,0.66,None,Standard,0,0,24 MHz,105.762,48 MHz,14.1,-1,3000,76.727,3000,1.69051,Waveform,61.25,-17.5055491652989
W50A000F,touch_1.7.0Beta1,6/11/2025 11:22:54,SSTDR,24,4,RG-58/U 50 ohm coax,0.66,None,Standard,0,0,24 MHz,105.762,48 MHz,14.1,-1,3000,76.727,3000,1.69051,Waveform,61.5,-25.311833497138
W50A000F,touch_1.7.0Beta1,6/11/2025 11:22:54,SSTDR,24,4,RG-58/U 50 ohm coax,0.66,None,Standard,0,0,24 MHz,105.762,48 MHz,14.1,-1,3000,76.727,3000,1.69051,Waveform,61.75,-39.4453055937782
W50A000F,touch_1.7.0Beta1,6/11/2025 11:22:54,SSTDR,24,4,RG-58/U 50 ohm coax,0.66,None,Standard,0,0,24 MHz,105.762,48 MHz,14.1,-1,3000,76.727,3000,1.69051,Waveform,62,-53.000000000002
W50A000F,touch_1.7.0Beta1,6/11/2025 11:22:54,SSTDR,24,4,RG-58/U 50 ohm coax,0.66,None,Standard,0,0,24 MHz,105.762,48 MHz,14.1,-1,3000,76.727,3000,1.69051,Waveform,62.25,-58.1429018241297
W50A000F,touch_1.7.0Beta1,6/11/2025 11:22:54,SSTDR,24,4,RG-58/U 50 ohm coax,0.66,None,Standard,0,0,24 MHz,105.762,48 MHz,14.1,-1,3000,76.727,3000,1.69051,Waveform,62.5,-51.5246064776038
W50A000F,touch_1.7.0Beta1,6/11/2025 11:22:54,SSTDR,24,4,RG-58/U 50 ohm coax,0.66,None,Standard,0,0,24 MHz,105.762,48 MHz,14.1,-1,3000,76.727,3000,1.69051,Waveform,62.75,-36.6809195093332
W50A000F,touch_1.7.0Beta1,6/11/2025 11:22:54,SSTDR,24,4,RG-58/U 50 ohm coax,0.66,None,Standard,0,0,24 MHz,105.762,48 MHz,14.1,-1,3000,76.727,3000,1.69051,Waveform,63,-22.0000000000018
W50A000F,touch_1.7.0Beta1,6/11/2025 11:22:54,SSTDR,24,4,RG-58/U 50 ohm coax,0.66,None,Standard,0,0,24 MHz,105.762,48 MHz,14.1,-1,3000,76.727,3000,1.69051,Waveform,63.25,-15.5970138691786
W50A000F,touch_1.7.0Beta1,6/11/2025 11:22:54,SSTDR,24,4,RG-58/U 50 ohm coax,0.66,None,Standard,0,0,24 MHz,105.762,48 MHz,14.1,-1,3000,76.727,3000,1.69051,Waveform,63.5,-20.2946909409981
W50A000F,touch_1.7.0Beta1,6/11/2025 11:22:54,SSTDR,24,4,RG-58/U 50 ohm coax,0.66,None,Standard,0,0,24 MHz,105.762,48 MHz,14.1,-1,3000,76.727,3000,1.69051,Waveform,63.75,-31.7753895094606
W50A000F,touch_1.7.0Beta1,6/11/2025 11:22:54,SSTDR,24,4,RG-58/U 50 ohm coax,0.66,None,Standard,0,0,24 MHz,105.762,48 MHz,14.1,-1,3000,76.727,3000,1.69051,Waveform,64,-40.9999999999991
W50A000F,touch_1.7.0Beta1,6/11/2025 11:22:54,SSTDR,24,4,RG-58/U 50 ohm coax,0.66,None,Standard,0,0,24 MHz,105.762,48 MHz,14.1,-1,3000,76.727,3000,1.69051,Waveform,64.25,-39.4246334824948
W50A000F,touch_1.7.0Beta1,6/11/2025 11:22:54,SSTDR,24,4,RG-58/U 50 ohm coax,0.66,None,Standard,0,0,24 MHz,105.762,48 MHz,14.1,-1,3000,76.727,3000,1.69051,Waveform,64.5,-23.9373443334053
W50A000F,touch_1.7.0Beta1,6/11/2025 11:22:54,SSTDR,24,4,RG-58/U 50 ohm coax,0.66,None,Standard,0,0,24 MHz,105.762,48 MHz,14.1,-1,3000,76.727,3000,1.69051,Waveform,64.75,1.29780635502603
W50A000F,touch_1.7.0Beta1,6/11/2025 11:22:54,SSTDR,24,4,RG-58/U 50 ohm coax,0.66,None,Standard,0,0,24 MHz,105.762,48 MHz,14.1,-1,3000,76.727,3000,1.69051,Waveform,65,27.0000000000003
W50A000F,touch_1.7.0Beta1,6/11/2025 11:22:54,SSTDR,24,4,RG-58/U 50 ohm coax,0.66,None,Standard,0,0,24 MHz,105.762,48 MHz,14.1,-1,3000,76.727,3000,1.69051,Waveform,65.25,43.5071215683929
W50A000F,touch_1.7.0Beta1,6/11/2025 11:22:54,SSTDR,24,4,RG-58/U 50 ohm coax,0.66,None,Standard,0,0,24 MHz,105.762,48 MHz,14.1,-1,3000,76.727,3000,1.69051,Waveform,65.5,45.2907509504913
W50A000F,touch_1.7.0Beta1,6/11/2025 11:22:54,SSTDR,24,4,RG-58/U 50 ohm coax,0.66,None,Standard,0,0,24 MHz,105.762,48 MHz,14.1,-1,3000,76.727,3000,1.69051,Waveform,65.75,32.8072765191202
W50A000F,touch_1.7.0Beta1,6/11/2025 11:22:54,SSTDR,24,4,RG-58/U 50 ohm coax,0.66,None,Standard,0,0,24 MHz,105.762,48 MHz,14.1,-1,3000,76.727,3000,1.69051,Waveform,66,11.0000000000001
W50A000F,touch_1.7.0Beta1,6/11/2025 11:22:54,SSTDR,24,4,RG-58/U 50 ohm coax,0.66,None,Standard,0,0,24 MHz,105.762,48 MHz,14.1,-1,3000,76.727,3000,1.69051,Waveform,66.25,-14.2151810865568
W50A000F,touch_1.7.0Beta1,6/11/2025 11:22:54,SSTDR,24,4,RG-58/U 50 ohm coax,0.66,None,Standard,0,0,24 MHz,105.762,48 MHz,14.1,-1,3000,76.727,3000,1.69051,Waveform,66.5,-39.1066724693335
W50A000F,touch_1.7.0Beta1,6/11/2025 11:22:54,SSTDR,24,4,RG-58/U 50 ohm coax,0.66,None,Standard,0,0,24 MHz,105.762,48 MHz,14.1,-1,3000,76.727,3000,1.69051,Waveform,66.75,-63.0543144954115
W50A000F,touch_1.7.0Beta1,6/11/2025 11:22:54,SSTDR,24,4,RG-58/U 50 ohm coax,0.66,None,Standard,0,0,24 MHz,105.762,48 MHz,14.1,-1,3000,76.727,3000,1.69051,Waveform,67,-86.999999999999
W50A000F,touch_1.7.0Beta1,6/11/2025 11:22:54,SSTDR,24,4,RG-58/U 50 ohm coax,0.66,None,Standard,0,0,24 MHz,105.762,48 MHz,14.1,-1,3000,76.727,3000,1.69051,Waveform,67.25,-110.828203979229
W50A000F,touch_1.7.0Beta1,6/11/2025 11:22:54,SSTDR,24,4,RG-58/U 50 ohm coax,0.66,None,Standard,0,0,24 MHz,105.762,48 MHz,14.1,-1,3000,76.727,3000,1.69051,Waveform,67.5,-131.705769828752
W50A000F,touch_1.7.0Beta1,6/11/2025 11:22:54,SSTDR,24,4,RG-58/U 50 ohm coax,0.66,None,Standard,0,0,24 MHz,105.762,48 MHz,14.1,-1,3000,76.727,3000,1.69051,Waveform,67.75,-144.649816098423
W50A000F,touch_1.7.0Beta1,6/11/2025 11:22:54,SSTDR,24,4,RG-58/U 50 ohm coax,0.66,None,Standard,0,0,24 MHz,105.762,48 MHz,14.1,-1,3000,76.727,3000,1.69051,Waveform,68,-145
W50A000F,touch_1.7.0Beta1,6/11/2025 11:22:54,SSTDR,24,4,RG-58/U 50 ohm coax,0.66,None,Standard,0,0,24 MHz,105.762,48 MHz,14.1,-1,3000,76.727,3000,1.69051,Waveform,68.25,-131.122831676147
W50A000F,touch_1.7.0Beta1,6/11/2025 11:22:54,SSTDR,24,4,RG-58/U 50 ohm coax,0.66,None,Standard,0,0,24 MHz,105.762,48 MHz,14.1,-1,3000,76.727,3000,1.69051,Waveform,68.5,-105.467443145937
W50A000F,touch_1.7.0Beta1,6/11/2025 11:22:54,SSTDR,24,4,RG-58/U 50 ohm coax,0.66,None,Standard,0,0,24 MHz,105.762,48 MHz,14.1,-1,3000,76.727,3000,1.69051,Waveform,68.75,-73.1633652432621
W50A000F,touch_1.7.0Beta1,6/11/2025 11:22:54,SSTDR,24,4,RG-58/U 50 ohm coax,0.66,None,Standard,0,0,24 MHz,105.762,48 MHz,14.1,-1,3000,76.727,3000,1.69051,Waveform,69,-39.000000000001
W50A000F,touch_1.7.0Beta1,6/11/2025 11:22:54,SSTDR,24,4,RG-58/U 50 ohm coax,0.66,None,Standard,0,0,24 MHz,105.762,48 MHz,14.1,-1,3000,76.727,3000,1.69051,Waveform,69.25,-4.76959202068351
W50A000F,touch_1.7.0Beta1,6/11/2025 11:22:54,SSTDR,24,4,RG-58/U 50 ohm coax,0.66,None,Standard,0,0,24 MHz,105.762,48 MHz,14.1,-1,3000,76.727,3000,1.69051,Waveform,69.5,31.1764547017311
W50A000F,touch_1.7.0Beta1,6/11/2025 11:22:54,SSTDR,24,4,RG-58/U 50 ohm coax,0.66,None,Standard,0,0,24 MHz,105.762,48 MHz,14.1,-1,3000,76.727,3000,1.69051,Waveform,69.75,71.6666170281657
W50A000F,touch_1.7.0Beta1,6/11/2025 11:22:54,SSTDR,24,4,RG-58/U 50 ohm coax,0.66,None,Standard,0,0,24 MHz,105.762,48 MHz,14.1,-1,3000,76.727,3000,1.69051,Waveform,70,116.999999999998
W50A000F,touch_1.7.0Beta1,6/11/2025 11:22:54,SSTDR,24,4,RG-58/U 50 ohm coax,0.66,None,Standard,0,0,24 MHz,105.762,48 MHz,14.1,-1,3000,76.727,3000,1.69051,Waveform,70.25,162.083048905119
W50A000F,touch_1.7.0Beta1,6/11/2025 11:22:54,SSTDR,24,4,RG-58/U 50 ohm coax,0.66,None,Standard,0,0,24 MHz,105.762,48 MHz,14.1,-1,3000,76.727,3000,1.69051,Waveform,70.5,196.369225885368
W50A000F,touch_1.7.0Beta1,6/11/2025 11:22:54,SSTDR,24,4,RG-58/U 50 ohm coax,0.66,None,Standard,0,0,24 MHz,105.762,48 MHz,14.1,-1,3000,76.727,3000,1.69051,Waveform,70.75,207.032118273031
W50A000F,touch_1.7.0Beta1,6/11/2025 11:22:54,SSTDR,24,4,RG-58/U 50 ohm coax,0.66,None,Standard,0,0,24 MHz,105.762,48 MHz,14.1,-1,3000,76.727,3000,1.69051,Waveform,71,184.000000000001
W50A000F,touch_1.7.0Beta1,6/11/2025 11:22:54,SSTDR,24,4,RG-58/U 50 ohm coax,0.66,None,Standard,0,0,24 MHz,105.762,48 MHz,14.1,-1,3000,76.727,3000,1.69051,Waveform,71.25,124.459530560218
W50A000F,touch_1.7.0Beta1,6/11/2025 11:22:54,SSTDR,24,4,RG-58/U 50 ohm coax,0.66,None,Standard,0,0,24 MHz,105.762,48 MHz,14.1,-1,3000,76.727,3000,1.69051,Waveform,71.5,34.736776397471
W50A000F,touch_1.7.0Beta1,6/11/2025 11:22:54,SSTDR,24,4,RG-58/U 50 ohm coax,0.66,None,Standard,0,0,24 MHz,105.762,48 MHz,14.1,-1,3000,76.727,3000,1.69051,Waveform,71.75,-71.2106828998076
W50A000F,touch_1.7.0Beta1,6/11/2025 11:22:54,SSTDR,24,4,RG-58/U 50 ohm coax,0.66,None,Standard,0,0,24 MHz,105.762,48 MHz,14.1,-1,3000,76.727,3000,1.69051,Waveform,72,-175.999999999998
W50A000F,touch_1.7.0Beta1,6/11/2025 11:22:54,SSTDR,24,4,RG-58/U 50 ohm coax,0.66,None,Standard,0,0,24 MHz,105.762,48 MHz,14.1,-1,3000,76.727,3000,1.69051,Waveform,72.25,-264.312939297774
W50A000F,touch_1.7.0Beta1,6/11/2025 11:22:54,SSTDR,24,4,RG-58/U 50 ohm coax,0.66,None,Standard,0,0,24 MHz,105.762,48 MHz,14.1,-1,3000,76.727,3000,1.69051,Waveform,72.5,-328.501216250532
W50A000F,touch_1.7.0Beta1,6/11/2025 11:22:54,SSTDR,24,4,RG-58/U 50 ohm coax,0.66,None,Standard,0,0,24 MHz,105.762,48 MHz,14.1,-1,3000,76.727,3000,1.69051,Waveform,72.75,-373.81788216209
W50A000F,touch_1.7.0Beta1,6/11/2025 11:22:54,SSTDR,24,4,RG-58/U 50 ohm coax,0.66,None,Standard,0,0,24 MHz,105.762,48 MHz,14.1,-1,3000,76.727,3000,1.69051,Waveform,73,-423
W50A000F,touch_1.7.0Beta1,6/11/2025 11:22:54,SSTDR,24,4,RG-58/U 50 ohm coax,0.66,None,Standard,0,0,24 MHz,105.762,48 MHz,14.1,-1,3000,76.727,3000,1.69051,Waveform,73.25,-519.149336040416
W50A000F,touch_1.7.0Beta1,6/11/2025 11:22:54,SSTDR,24,4,RG-58/U 50 ohm coax,0.66,None,Standard,0,0,24 MHz,105.762,48 MHz,14.1,-1,3000,76.727,3000,1.69051,Waveform,73.5,-724.458516162944
W50A000F,touch_1.7.0Beta1,6/11/2025 11:22:54,SSTDR,24,4,RG-58/U 50 ohm coax,0.66,None,Standard,0,0,24 MHz,105.762,48 MHz,14.1,-1,3000,76.727,3000,1.69051,Waveform,73.75,-1111.51452545038
W50A000F,touch_1.7.0Beta1,6/11/2025 11:22:54,SSTDR,24,4,RG-58/U 50 ohm coax,0.66,None,Standard,0,0,24 MHz,105.762,48 MHz,14.1,-1,3000,76.727,3000,1.69051,Waveform,74,-1745
W50A000F,touch_1.7.0Beta1,6/11/2025 11:22:54,SSTDR,24,4,RG-58/U 50 ohm coax,0.66,None,Standard,0,0,24 MHz,105.762,48 MHz,14.1,-1,3000,76.727,3000,1.69051,Waveform,74.25,-2655.07203873062
W50A000F,touch_1.7.0Beta1,6/11/2025 11:22:54,SSTDR,24,4,RG-58/U 50 ohm coax,0.66,None,Standard,0,0,24 MHz,105.762,48 MHz,14.1,-1,3000,76.727,3000,1.69051,Waveform,74.5,-3808.53322487926
W50A000F,touch_1.7.0Beta1,6/11/2025 11:22:54,SSTDR,24,4,RG-58/U 50 ohm coax,0.66,None,Standard,0,0,24 MHz,105.762,48 MHz,14.1,-1,3000,76.727,3000,1.69051,Waveform,74.75,-5087.88181796972
W50A000F,touch_1.7.0Beta1,6/11/2025 11:22:54,SSTDR,24,4,RG-58/U 50 ohm coax,0.66,None,Standard,0,0,24 MHz,105.762,48 MHz,14.1,-1,3000,76.727,3000,1.69051,Waveform,75,-6289
W50A000F,touch_1.7.0Beta1,6/11/2025 11:22:54,SSTDR,24,4,RG-58/U 50 ohm coax,0.66,None,Standard,0,0,24 MHz,105.762,48 MHz,14.1,-1,3000,76.727,3000,1.69051,Waveform,75.25,-7144.33094691606
W50A000F,touch_1.7.0Beta1,6/11/2025 11:22:54,SSTDR,24,4,RG-58/U 50 ohm coax,0.66,None,Standard,0,0,24 MHz,105.762,48 MHz,14.1,-1,3000,76.727,3000,1.69051,Waveform,75.5,-7370.69504233559
W50A000F,touch_1.7.0Beta1,6/11/2025 11:22:54,SSTDR,24,4,RG-58/U 50 ohm coax,0.66,None,Standard,0,0,24 MHz,105.762,48 MHz,14.1,-1,3000,76.727,3000,1.69051,Waveform,75.75,-6732.14582901995
W50A000F,touch_1.7.0Beta1,6/11/2025 11:22:54,SSTDR,24,4,RG-58/U 50 ohm coax,0.66,None,Standard,0,0,24 MHz,105.762,48 MHz,14.1,-1,3000,76.727,3000,1.69051,Waveform,76,-5102
W50A000F,touch_1.7.0Beta1,6/11/2025 11:22:54,SSTDR,24,4,RG-58/U 50 ohm coax,0.66,None,Standard,0,0,24 MHz,105.762,48 MHz,14.1,-1,3000,76.727,3000,1.69051,Waveform,76.25,-2507.05873083253
W50A000F,touch_1.7.0Beta1,6/11/2025 11:22:54,SSTDR,24,4,RG-58/U 50 ohm coax,0.66,None,Standard,0,0,24 MHz,105.762,48 MHz,14.1,-1,3000,76.727,3000,1.69051,Waveform,76.5,858.412589687158
W50A000F,touch_1.7.0Beta1,6/11/2025 11:22:54,SSTDR,24,4,RG-58/U 50 ohm coax,0.66,None,Standard,0,0,24 MHz,105.762,48 MHz,14.1,-1,3000,76.727,3000,1.69051,Waveform,76.75,4653.01381707529
W50A000F,touch_1.7.0Beta1,6/11/2025 11:22:54,SSTDR,24,4,RG-58/U 50 ohm coax,0.66,None,Standard,0,0,24 MHz,105.762,48 MHz,14.1,-1,3000,76.727,3000,1.69051,Waveform,77,8438
W50A000F,touch_1.7.0Beta1,6/11/2025 11:22:54,SSTDR,24,4,RG-58/U 50 ohm coax,0.66,None,Standard,0,0,24 MHz,105.762,48 MHz,14.1,-1,3000,76.727,3000,1.69051,Waveform,77.25,11745.2938982547
W50A000F,touch_1.7.0Beta1,6/11/2025 11:22:54,SSTDR,24,4,RG-58/U 50 ohm coax,0.66,None,Standard,0,0,24 MHz,105.762,48 MHz,14.1,-1,3000,76.727,3000,1.69051,Waveform,77.5,14150.1420469727
W50A000F,touch_1.7.0Beta1,6/11/2025 11:22:54,SSTDR,24,4,RG-58/U 50 ohm coax,0.66,None,Standard,0,0,24 MHz,105.762,48 MHz,14.1,-1,3000,76.727,3000,1.69051,Waveform,77.75,15336.0852276286
W50A000F,touch_1.7.0Beta1,6/11/2025 11:22:54,SSTDR,24,4,RG-58/U 50 ohm coax,0.66,None,Standard,0,0,24 MHz,105.762,48 MHz,14.1,-1,3000,76.727,3000,1.69051,Waveform,78,15143
W50A000F,touch_1.7.0Beta1,6/11/2025 11:22:54,SSTDR,24,4,RG-58/U 50 ohm coax,0.66,None,Standard,0,0,24 MHz,105.762,48 MHz,14.1,-1,3000,76.727,3000,1.69051,Waveform,78.25,13592.1282420497
W50A000F,touch_1.7.0Beta1,6/11/2025 11:22:54,SSTDR,24,4,RG-58/U 50 ohm coax,0.66,None,Standard,0,0,24 MHz,105.762,48 MHz,14.1,-1,3000,76.727,3000,1.69051,Waveform,78.5,10884.5534983384
W50A000F,touch_1.7.0Beta1,6/11/2025 11:22:54,SSTDR,24,4,RG-58/U 50 ohm coax,0.66,None,Standard,0,0,24 MHz,105.762,48 MHz,14.1,-1,3000,76.727,3000,1.69051,Waveform,78.75,7372.08023008298
W50A000F,touch_1.7.0Beta1,6/11/2025 11:22:54,SSTDR,24,4,RG-58/U 50 ohm coax,0.66,None,Standard,0,0,24 MHz,105.762,48 MHz,14.1,-1,3000,76.727,3000,1.69051,Waveform,79,3503
W50A000F,touch_1.7.0Beta1,6/11/2025 11:22:54,SSTDR,24,4,RG-58/U 50 ohm coax,0.66,None,Standard,0,0,24 MHz,105.762,48 MHz,14.1,-1,3000,76.727,3000,1.69051,Waveform,79.25,-249.825767671847
W50A000F,touch_1.7.0Beta1,6/11/2025 11:22:54,SSTDR,24,4,RG-58/U 50 ohm coax,0.66,None,Standard,0,0,24 MHz,105.762,48 MHz,14.1,-1,3000,76.727,3000,1.69051,Waveform,79.5,-3465.85471117535
W50A000F,touch_1.7.0Beta1,6/11/2025 11:22:54,SSTDR,24,4,RG-58/U 50 ohm coax,0.66,None,Standard,0,0,24 MHz,105.762,48 MHz,14.1,-1,3000,76.727,3000,1.69051,Waveform,79.75,-5842.71145464916
W50A000F,touch_1.7.0Beta1,6/11/2025 11:22:54,SSTDR,24,4,RG-58/U 50 ohm coax,0.66,None,Standard,0,0,24 MHz,105.762,48 MHz,14.1,-1,3000,76.727,3000,1.69051,Waveform,80,-7236
W50A000F,touch_1.7.0Beta1,6/11/2025 11:22:54,SSTDR,24,4,RG-58/U 50 ohm coax,0.66,None,Standard,0,0,24 MHz,105.762,48 MHz,14.1,-1,3000,76.727,3000,1.69051,Waveform,80.25,-7664.25848434581
W50A000F,touch_1.7.0Beta1,6/11/2025 11:22:54,SSTDR,24,4,RG-58/U 50 ohm coax,0.66,None,Standard,0,0,24 MHz,105.762,48 MHz,14.1,-1,3000,76.727,3000,1.69051,Waveform,80.5,-7280.00725228372
W50A000F,touch_1.7.0Beta1,6/11/2025 11:22:54,SSTDR,24,4,RG-58/U 50 ohm coax,0.66,None,Standard,0,0,24 MHz,105.762,48 MHz,14.1,-1,3000,76.727,3000,1.69051,Waveform,80.75,-6317.66307804301
W50A000F,touch_1.7.0Beta1,6/11/2025 11:22:54,SSTDR,24,4,RG-58/U 50 ohm coax,0.66,None,Standard,0,0,24 MHz,105.762,48 MHz,14.1,-1,3000,76.727,3000,1.69051,Waveform,81,-5035
W50A000F,touch_1.7.0Beta1,6/11/2025 11:22:54,SSTDR,24,4,RG-58/U 50 ohm coax,0.66,None,Standard,0,0,24 MHz,105.762,48 MHz,14.1,-1,3000,76.727,3000,1.69051,Waveform,81.25,-3664.43633686327
W50A000F,touch_1.7.0Beta1,6/11/2025 11:22:54,SSTDR,24,4,RG-58/U 50 ohm coax,0.66,None,Standard,0,0,24 MHz,105.762,48 MHz,14.1,-1,3000,76.727,3000,1.69051,Waveform,81.5,-2384.17357654294
W50A000F,touch_1.7.0Beta1,6/11/2025 11:22:54,SSTDR,24,4,RG-58/U 50 ohm coax,0.66,None,Standard,0,0,24 MHz,105.762,48 MHz,14.1,-1,3000,76.727,3000,1.69051,Waveform,81.75,-1310.23804477462
W50A000F,touch_1.7.0Beta1,6/11/2025 11:22:54,SSTDR,24,4,RG-58/U 50 ohm coax,0.66,None,Standard,0,0,24 MHz,105.762,48 MHz,14.1,-1,3000,76.727,3000,1.69051,Waveform,82,-503
W50A000F,touch_1.7.0Beta1,6/11/2025 11:22:54,SSTDR,24,4,RG-58/U 50 ohm coax,0.66,None,Standard,0,0,24 MHz,105.762,48 MHz,14.1,-1,3000,76.727,3000,1.69051,Waveform,82.25,21.0911080514969
W50A000F,touch_1.7.0Beta1,6/11/2025 11:22:54,SSTDR,24,4,RG-58/U 50 ohm coax,0.66,None,Standard,0,0,24 MHz,105.762,48 MHz,14.1,-1,3000,76.727,3000,1.69051,Waveform,82.5,279.505189421108
W50A000F,touch_1.7.0Beta1,6/11/2025 11:22:54,SSTDR,24,4,RG-58/U 50 ohm coax,0.66,None,Standard,0,0,24 MHz,105.762,48 MHz,14.1,-1,3000,76.727,3000,1.69051,Waveform,82.75,317.077321225737
W50A000F,touch_1.7.0Beta1,6/11/2025 11:22:54,SSTDR,24,4,RG-58/U 50 ohm coax,0.66,None,Standard,0,0,24 MHz,105.762,48 MHz,14.1,-1,3000,76.727,3000,1.69051,Waveform,83,200.000000000001
W50A000F,touch_1.7.0Beta1,6/11/2025 11:22:54,SSTDR,24,4,RG-58/U 50 ohm coax,0.66,None,Standard,0,0,24 MHz,105.762,48 MHz,14.1,-1,3000,76.727,3000,1.69051,Waveform,83.25,6.25744914859365
W50A000F,touch_1.7.0Beta1,6/11/2025 11:22:54,SSTDR,24,4,RG-58/U 50 ohm coax,0.66,None,Standard,0,0,24 MHz,105.762,48 MHz,14.1,-1,3000,76.727,3000,1.69051,Waveform,83.5,-188.932384504212
W50A000F,touch_1.7.0Beta1,6/11/2025 11:22:54,SSTDR,24,4,RG-58/U 50 ohm coax,0.66,None,Standard,0,0,24 MHz,105.762,48 MHz,14.1,-1,3000,76.727,3000,1.69051,Waveform,83.75,-329.578667040466
W50A000F,touch_1.7.0Beta1,6/11/2025 11:22:54,SSTDR,24,4,RG-58/U 50 ohm coax,0.66,None,Standard,0,0,24 MHz,105.762,48 MHz,14.1,-1,3000,76.727,3000,1.69051,Waveform,84,-391
W50A000F,touch_1.7.0Beta1,6/11/2025 11:22:54,SSTDR,24,4,RG-58/U 50 ohm coax,0.66,None,Standard,0,0,24 MHz,105.762,48 MHz,14.1,-1,3000,76.727,3000,1.69051,Waveform,84.25,-381.746802485062
W50A000F,touch_1.7.0Beta1,6/11/2025 11:22:54,SSTDR,24,4,RG-58/U 50 ohm coax,0.66,None,Standard,0,0,24 MHz,105.762,48 MHz,14.1,-1,3000,76.727,3000,1.69051,Waveform,84.5,-333.833167468961
W50A000F,touch_1.7.0Beta1,6/11/2025 11:22:54,SSTDR,24,4,RG-58/U 50 ohm coax,0.66,None,Standard,0,0,24 MHz,105.762,48 MHz,14.1,-1,3000,76.727,3000,1.69051,Waveform,84.75,-285.433226431487
W50A000F,touch_1.7.0Beta1,6/11/2025 11:22:54,SSTDR,24,4,RG-58/U 50 ohm coax,0.66,None,Standard,0,0,24 MHz,105.762,48 MHz,14.1,-1,3000,76.727,3000,1.69051,Waveform,85,-264.000000000001
W50A000F,touch_1.7.0Beta1,6/11/2025 11:22:54,SSTDR,24,4,RG-58/U 50 ohm coax,0.66,None,Standard,0,0,24 MHz,105.762,48 MHz,14.1,-1,3000,76.727,3000,1.69051,Waveform,85.25,-277.369750036323
W50A000F,touch_1.7.0Beta1,6/11/2025 11:22:54,SSTDR,24,4,RG-58/U 50 ohm coax,0.66,None,Standard,0,0,24 MHz,105.762,48 MHz,14.1,-1,3000,76.727,3000,1.69051,Waveform,85.5,-315.938401668933
W50A000F,touch_1.7.0Beta1,6/11/2025 11:22:54,SSTDR,24,4,RG-58/U 50 ohm coax,0.66,None,Standard,0,0,24 MHz,105.762,48 MHz,14.1,-1,3000,76.727,3000,1.69051,Waveform,85.75,-362.97063435794
W50A000F,touch_1.7.0Beta1,6/11/2025 11:22:54,SSTDR,24,4,RG-58/U 50 ohm coax,0.66,None,Standard,0,0,24 MHz,105.762,48 MHz,14.1,-1,3000,76.727,3000,1.69051,Waveform,86,-405.999999999999
W50A000F,touch_1.7.0Beta1,6/11/2025 11:22:54,SSTDR,24,4,RG-58/U 50 ohm coax,0.66,None,Standard,0,0,24 MHz,105.762,48 MHz,14.1,-1,3000,76.727,3000,1.69051,Waveform,86.25,-442.447646247569
W50A000F,touch_1.7.0Beta1,6/11/2025 11:22:54,SSTDR,24,4,RG-58/U 50 ohm coax,0.66,None,Standard,0,0,24 MHz,105.762,48 MHz,14.1,-1,3000,76.727,3000,1.69051,Waveform,86.5,-476.827855433887
W50A000F,touch_1.7.0Beta1,6/11/2025 11:22:54,SSTDR,24,4,RG-58/U 50 ohm coax,0.66,None,Standard,0,0,24 MHz,105.762,48 MHz,14.1,-1,3000,76.727,3000,1.69051,Waveform,86.75,-512.565894720535
W50A000F,touch_1.7.0Beta1,6/11/2025 11:22:54,SSTDR,24,4,RG-58/U 50 ohm coax,0.66,None,Standard,0,0,24 MHz,105.762,48 MHz,14.1,-1,3000,76.727,3000,1.69051,Waveform,87,-545
W50A000F,touch_1.7.0Beta1,6/11/2025 11:22:54,SSTDR,24,4,RG-58/U 50 ohm coax,0.66,None,Standard,0,0,24 MHz,105.762,48 MHz,14.1,-1,3000,76.727,3000,1.69051,Waveform,87.25,-561.318628938887
W50A000F,touch_1.7.0Beta1,6/11/2025 11:22:54,SSTDR,24,4,RG-58/U 50 ohm coax,0.66,None,Standard,0,0,24 MHz,105.762,48 MHz,14.1,-1,3000,76.727,3000,1.69051,Waveform,87.5,-548.431062322252
W50A000F,touch_1.7.0Beta1,6/11/2025 11:22:54,SSTDR,24,4,RG-58/U 50 ohm coax,0.66,None,Standard,0,0,24 MHz,105.762,48 MHz,14.1,-1,3000,76.727,3000,1.69051,Waveform,87.75,-504.021148217664
W50A000F,touch_1.7.0Beta1,6/11/2025 11:22:54,SSTDR,24,4,RG-58/U 50 ohm coax,0.66,None,Standard,0,0,24 MHz,105.762,48 MHz,14.1,-1,3000,76.727,3000,1.69051,Waveform,88,-442.999999999999
W50A000F,touch_1.7.0Beta1,6/11/2025 11:22:54,SSTDR,24,4,RG-58/U 50 ohm coax,0.66,None,Standard,0,0,24 MHz,105.762,48 MHz,14.1,-1,3000,76.727,3000,1.69051,Waveform,88.25,-393.463329528945
W50A000F,touch_1.7.0Beta1,6/11/2025 11:22:54,SSTDR,24,4,RG-58/U 50 ohm coax,0.66,None,Standard,0,0,24 MHz,105.762,48 MHz,14.1,-1,3000,76.727,3000,1.69051,Waveform,88.5,-382.32771982621
W50A000F,touch_1.7.0Beta1,6/11/2025 11:22:54,SSTDR,24,4,RG-58/U 50 ohm coax,0.66,None,Standard,0,0,24 MHz,105.762,48 MHz,14.1,-1,3000,76.727,3000,1.69051,Waveform,88.75,-417.645596762059
W50A000F,touch_1.7.0Beta1,6/11/2025 11:22:54,SSTDR,24,4,RG-58/U 50 ohm coax,0.66,None,Standard,0,0,24 MHz,105.762,48 MHz,14.1,-1,3000,76.727,3000,1.69051,Waveform,89,-478.000000000001
W50A000F,touch_1.7.0Beta1,6/11/2025 11:22:54,SSTDR,24,4,RG-58/U 50 ohm coax,0.66,None,Standard,0,0,24 MHz,105.762,48 MHz,14.1,-1,3000,76.727,3000,1.69051,Waveform,89.25,-516.897577175578
W50A000F,touch_1.7.0Beta1,6/11/2025 11:22:54,SSTDR,24,4,RG-58/U 50 ohm coax,0.66,None,Standard,0,0,24 MHz,105.762,48 MHz,14.1,-1,3000,76.727,3000,1.69051,Waveform,89.5,-482.561048290283
W50A000F,touch_1.7.0Beta1,6/11/2025 11:22:54,SSTDR,24,4,RG-58/U 50 ohm coax,0.66,None,Standard,0,0,24 MHz,105.762,48 MHz,14.1,-1,3000,76.727,3000,1.69051,Waveform,89.75,-344.845749078798
W50A000F,touch_1.7.0Beta1,6/11/2025 11:22:54,SSTDR,24,4,RG-58/U 50 ohm coax,0.66,None,Standard,0,0,24 MHz,105.762,48 MHz,14.1,-1,3000,76.727,3000,1.69051,Waveform,90,-116.000000000001
W50A000F,touch_1.7.0Beta1,6/11/2025 11:22:54,SSTDR,24,4,RG-58/U 50 ohm coax,0.66,None,Standard,0,0,24 MHz,105.762,48 MHz,14.1,-1,3000,76.727,3000,1.69051,Waveform,90.25,146.275600274651
W50A000F,touch_1.7.0Beta1,6/11/2025 11:22:54,SSTDR,24,4,RG-58/U 50 ohm coax,0.66,None,Standard,0,0,24 MHz,105.762,48 MHz,14.1,-1,3000,76.727,3000,1.69051,Waveform,90.5,357.05235128609
W50A000F,touch_1.7.0Beta1,6/11/2025 11:22:54,SSTDR,24,4,RG-58/U 50 ohm coax,0.66,None,Standard,0,0,24 MHz,105.762,48 MHz,14.1,-1,3000,76.727,3000,1.69051,Waveform,90.75,437.014810425707
W50A000F,touch_1.7.0Beta1,6/11/2025 11:22:54,SSTDR,24,4,RG-58/U 50 ohm coax,0.66,None,Standard,0,0,24 MHz,105.762,48 MHz,14.1,-1,3000,76.727,3000,1.69051,Waveform,91,346.000000000001
W50A000F,touch_1.7.0Beta1,6/11/2025 11:22:54,SSTDR,24,4,RG-58/U 50 ohm coax,0.66,None,Standard,0,0,24 MHz,105.762,48 MHz,14.1,-1,3000,76.727,3000,1.69051,Waveform,91.25,102.808145235686
W50A000F,touch_1.7.0Beta1,6/11/2025 11:22:54,SSTDR,24,4,RG-58/U 50 ohm coax,0.66,None,Standard,0,0,24 MHz,105.762,48 MHz,14.1,-1,3000,76.727,3000,1.69051,Waveform,91.5,-216.727243956923
W50A000F,touch_1.7.0Beta1,6/11/2025 11:22:54,SSTDR,24,4,RG-58/U 50 ohm coax,0.66,None,Standard,0,0,24 MHz,105.762,48 MHz,14.1,-1,3000,76.727,3000,1.69051,Waveform,91.75,-501.547510620117
W50A000F,touch_1.7.0Beta1,6/11/2025 11:22:54,SSTDR,24,4,RG-58/U 50 ohm coax,0.66,None,Standard,0,0,24 MHz,105.762,48 MHz,14.1,-1,3000,76.727,3000,1.69051,Waveform,92,-637.000000000001
W50A000F,touch_1.7.0Beta1,6/11/2025 11:22:54,SSTDR,24,4,RG-58/U 50 ohm coax,0.66,None,Standard,0,0,24 MHz,105.762,48 MHz,14.1,-1,3000,76.727,3000,1.69051,Waveform,92.25,-533.699053860009
W50A000F,touch_1.7.0Beta1,6/11/2025 11:22:54,SSTDR,24,4,RG-58/U 50 ohm coax,0.66,None,Standard,0,0,24 MHz,105.762,48 MHz,14.1,-1,3000,76.727,3000,1.69051,Waveform,92.5,-144.81926537342
W50A000F,touch_1.7.0Beta1,6/11/2025 11:22:54,SSTDR,24,4,RG-58/U 50 ohm coax,0.66,None,Standard,0,0,24 MHz,105.762,48 MHz,14.1,-1,3000,76.727,3000,1.69051,Waveform,92.75,529.667284940971
W50A000F,touch_1.7.0Beta1,6/11/2025 11:22:54,SSTDR,24,4,RG-58/U 50 ohm coax,0.66,None,Standard,0,0,24 MHz,105.762,48 MHz,14.1,-1,3000,76.727,3000,1.69051,Waveform,93,1447
W50A000F,touch_1.7.0Beta1,6/11/2025 11:22:54,SSTDR,24,4,RG-58/U 50 ohm coax,0.66,None,Standard,0,0,24 MHz,105.762,48 MHz,14.1,-1,3000,76.727,3000,1.69051,Waveform,93.25,2527.3057235861
W50A000F,touch_1.7.0Beta1,6/11/2025 11:22:54,SSTDR,24,4,RG-58/U 50 ohm coax,0.66,None,Standard,0,0,24 MHz,105.762,48 MHz,14.1,-1,3000,76.727,3000,1.69051,Waveform,93.5,3657.60020485841
W50A000F,touch_1.7.0Beta1,6/11/2025 11:22:54,SSTDR,24,4,RG-58/U 50 ohm coax,0.66,None,Standard,0,0,24 MHz,105.762,48 MHz,14.1,-1,3000,76.727,3000,1.69051,Waveform,93.75,4696.29143612141
W50A000F,touch_1.7.0Beta1,6/11/2025 11:22:54,SSTDR,24,4,RG-58/U 50 ohm coax,0.66,None,Standard,0,0,24 MHz,105.762,48 MHz,14.1,-1,3000,76.727,3000,1.69051,Waveform,94,5484
W50A000F,touch_1.7.0Beta1,6/11/2025 11:22:54,SSTDR,24,4,RG-58/U 50 ohm coax,0.66,None,Standard,0,0,24 MHz,105.762,48 MHz,14.1,-1,3000,76.727,3000,1.69051,Waveform,94.25,5865.31753962139
W50A000F,touch_1.7.0Beta1,6/11/2025 11:22:54,SSTDR,24,4,RG-58/U 50 ohm coax,0.66,None,Standard,0,0,24 MHz,105.762,48 MHz,14.1,-1,3000,76.727,3000,1.69051,Waveform,94.5,5720.26125081866
W50A000F,touch_1.7.0Beta1,6/11/2025 11:22:54,SSTDR,24,4,RG-58/U 50 ohm coax,0.66,None,Standard,0,0,24 MHz,105.762,48 MHz,14.1,-1,3000,76.727,3000,1.69051,Waveform,94.75,4996.95384052425
W50A000F,touch_1.7.0Beta1,6/11/2025 11:22:54,SSTDR,24,4,RG-58/U 50 ohm coax,0.66,None,Standard,0,0,24 MHz,105.762,48 MHz,14.1,-1,3000,76.727,3000,1.69051,Waveform,95,3733
W50A000F,touch_1.7.0Beta1,6/11/2025 11:22:54,SSTDR,24,4,RG-58/U 50 ohm coax,0.66,None,Standard,0,0,24 MHz,105.762,48 MHz,14.1,-1,3000,76.727,3000,1.69051,Waveform,95.25,2055.17903064452
W50A000F,touch_1.7.0Beta1,6/11/2025 11:22:54,SSTDR,24,4,RG-58/U 50 ohm coax,0.66,None,Standard,0,0,24 MHz,105.762,48 MHz,14.1,-1,3000,76.727,3000,1.69051,Waveform,95.5,155.034882746004
W50A000F,touch_1.7.0Beta1,6/11/2025 11:22:54,SSTDR,24,4,RG-58/U 50 ohm coax,0.66,None,Standard,0,0,24 MHz,105.762,48 MHz,14.1,-1,3000,76.727,3000,1.69051,Waveform,95.75,-1752.06882720565
W50A000F,touch_1.7.0Beta1,6/11/2025 11:22:54,SSTDR,24,4,RG-58/U 50 ohm coax,0.66,None,Standard,0,0,24 MHz,105.762,48 MHz,14.1,-1,3000,76.727,3000,1.69051,Waveform,96,-3470
W50A000F,touch_1.7.0Beta1,6/11/2025 11:22:54,SSTDR,24,4,RG-58/U 50 ohm coax,0.66,None,Standard,0,0,24 MHz,105.762,48 MHz,14.1,-1,3000,76.727,3000,1.69051,Waveform,96.25,-4852.47872980301
W50A000F,touch_1.7.0Beta1,6/11/2025 11:22:54,SSTDR,24,4,RG-58/U 50 ohm coax,0.66,None,Standard,0,0,24 MHz,105.762,48 MHz,14.1,-1,3000,76.727,3000,1.69051,Waveform,96.5,-5813.41138981403
W50A000F,touch_1.7.0Beta1,6/11/2025 11:22:54,SSTDR,24,4,RG-58/U 50 ohm coax,0.66,None,Standard,0,0,24 MHz,105.762,48 MHz,14.1,-1,3000,76.727,3000,1.69051,Waveform,96.75,-6318.94012140468
W50A000F,touch_1.7.0Beta1,6/11/2025 11:22:54,SSTDR,24,4,RG-58/U 50 ohm coax,0.66,None,Standard,0,0,24 MHz,105.762,48 MHz,14.1,-1,3000,76.727,3000,1.69051,Waveform,97,-6371
W50A000F,touch_1.7.0Beta1,6/11/2025 11:22:54,SSTDR,24,4,RG-58/U 50 ohm coax,0.66,None,Standard,0,0,24 MHz,105.762,48 MHz,14.1,-1,3000,76.727,3000,1.69051,Waveform,97.25,-5993.94842271298
W50A000F,touch_1.7.0Beta1,6/11/2025 11:22:54,SSTDR,24,4,RG-58/U 50 ohm coax,0.66,None,Standard,0,0,24 MHz,105.762,48 MHz,14.1,-1,3000,76.727,3000,1.69051,Waveform,97.5,-5231.09894632259
W50A000F,touch_1.7.0Beta1,6/11/2025 11:22:54,SSTDR,24,4,RG-58/U 50 ohm coax,0.66,None,Standard,0,0,24 MHz,105.762,48 MHz,14.1,-1,3000,76.727,3000,1.69051,Waveform,97.75,-4149.90598382549
W50A000F,touch_1.7.0Beta1,6/11/2025 11:22:54,SSTDR,24,4,RG-58/U 50 ohm coax,0.66,None,Standard,0,0,24 MHz,105.762,48 MHz,14.1,-1,3000,76.727,3000,1.69051,Waveform,98,-2848
W50A000F,touch_1.7.0Beta1,6/11/2025 11:22:54,SSTDR,24,4,RG-58/U 50 ohm coax,0.66,None,Standard,0,0,24 MHz,105.762,48 MHz,14.1,-1,3000,76.727,3000,1.69051,Waveform,98.25,-1451.05259511903
W50A000F,touch_1.7.0Beta1,6/11/2025 11:22:54,SSTDR,24,4,RG-58/U 50 ohm coax,0.66,None,Standard,0,0,24 MHz,105.762,48 MHz,14.1,-1,3000,76.727,3000,1.69051,Waveform,98.5,-98.0981587169912
W50A000F,touch_1.7.0Beta1,6/11/2025 11:22:54,SSTDR,24,4,RG-58/U 50 ohm coax,0.66,None,Standard,0,0,24 MHz,105.762,48 MHz,14.1,-1,3000,76.727,3000,1.69051,Waveform,98.75,1082.46458241796
W50A000F,touch_1.7.0Beta1,6/11/2025 11:22:54,SSTDR,24,4,RG-58/U 50 ohm coax,0.66,None,Standard,0,0,24 MHz,105.762,48 MHz,14.1,-1,3000,76.727,3000,1.69051,Waveform,99,1997
W50A000F,touch_1.7.0Beta1,6/11/2025 11:22:54,SSTDR,24,4,RG-58/U 50 ohm coax,0.66,None,Standard,0,0,24 MHz,105.762,48 MHz,14.1,-1,3000,76.727,3000,1.69051,Waveform,99.25,2600.87931470768
W50A000F,touch_1.7.0Beta1,6/11/2025 11:22:54,SSTDR,24,4,RG-58/U 50 ohm coax,0.66,None,Standard,0,0,24 MHz,105.762,48 MHz,14.1,-1,3000,76.727,3000,1.69051,Waveform,99.5,2897.57674543785
W50A000F,touch_1.7.0Beta1,6/11/2025 11:22:54,SSTDR,24,4,RG-58/U 50 ohm coax,0.66,None,Standard,0,0,24 MHz,105.762,48 MHz,14.1,-1,3000,76.727,3000,1.69051,Waveform,99.75,2924.83628792572
W50A000F,touch_1.7.0Beta1,6/11/2025 11:22:54,SSTDR,24,4,RG-58/U 50 ohm coax,0.66,None,Standard,0,0,24 MHz,105.762,48 MHz,14.1,-1,3000,76.727,3000,1.69051,Waveform,100,2736
W50A000F,touch_1.7.0Beta1,6/11/2025 11:22:54,SSTDR,24,4,RG-58/U 50 ohm coax,0.66,None,Standard,0,0,24 MHz,105.762,48 MHz,14.1,-1,3000,76.727,3000,1.69051,Waveform,100.25,2385.60193800349
W50A000F,touch_1.7.0Beta1,6/11/2025 11:22:54,SSTDR,24,4,RG-58/U 50 ohm coax,0.66,None,Standard,0,0,24 MHz,105.762,48 MHz,14.1,-1,3000,76.727,3000,1.69051,Waveform,100.5,1924.21322794025
W50A000F,touch_1.7.0Beta1,6/11/2025 11:22:54,SSTDR,24,4,RG-58/U 50 ohm coax,0.66,None,Standard,0,0,24 MHz,105.762,48 MHz,14.1,-1,3000,76.727,3000,1.69051,Waveform,100.75,1401.04192638571
W50A000F,touch_1.7.0Beta1,6/11/2025 11:22:54,SSTDR,24,4,RG-58/U 50 ohm coax,0.66,None,Standard,0,0,24 MHz,105.762,48 MHz,14.1,-1,3000,76.727,3000,1.69051,Waveform,101,868.000000000001
W50A000F,touch_1.7.0Beta1,6/11/2025 11:22:54,SSTDR,24,4,RG-58/U 50 ohm coax,0.66,None,Standard,0,0,24 MHz,105.762,48 MHz,14.1,-1,3000,76.727,3000,1.69051,Waveform,101.25,378.701231974842
W50A000F,touch_1.7.0Beta1,6/11/2025 11:22:54,SSTDR,24,4,RG-58/U 50 ohm coax,0.66,None,Standard,0,0,24 MHz,105.762,48 MHz,14.1,-1,3000,76.727,3000,1.69051,Waveform,101.5,-19.9043062977761
W50A000F,touch_1.7.0Beta1,6/11/2025 11:22:54,SSTDR,24,4,RG-58/U 50 ohm coax,0.66,None,Standard,0,0,24 MHz,105.762,48 MHz,14.1,-1,3000,76.727,3000,1.69051,Waveform,101.75,-299.679901837749
W50A000F,touch_1.7.0Beta1,6/11/2025 11:22:54,SSTDR,24,4,RG-58/U 50 ohm coax,0.66,None,Standard,0,0,24 MHz,105.762,48 MHz,14.1,-1,3000,76.727,3000,1.69051,Waveform,102,-460
W50A000F,touch_1.7.0Beta1,6/11/2025 11:22:54,SSTDR,24,4,RG-58/U 50 ohm coax,0.66,None,Standard,0,0,24 MHz,105.762,48 MHz,14.1,-1,3000,76.727,3000,1.69051,Waveform,102.25,-526.755755031327
W50A000F,touch_1.7.0Beta1,6/11/2025 11:22:54,SSTDR,24,4,RG-58/U 50 ohm coax,0.66,None,Standard,0,0,24 MHz,105.762,48 MHz,14.1,-1,3000,76.727,3000,1.69051,Waveform,102.5,-540.583561980973
W50A000F,touch_1.7.0Beta1,6/11/2025 11:22:54,SSTDR,24,4,RG-58/U 50 ohm coax,0.66,None,Standard,0,0,24 MHz,105.762,48 MHz,14.1,-1,3000,76.727,3000,1.69051,Waveform,102.75,-539.430675738812
W50A000F,touch_1.7.0Beta1,6/11/2025 11:22:54,SSTDR,24,4,RG-58/U 50 ohm coax,0.66,None,Standard,0,0,24 MHz,105.762,48 MHz,14.1,-1,3000,76.727,3000,1.69051,Waveform,103,-544.000000000001
W50A000F,touch_1.7.0Beta1,6/11/2025 11:22:54,SSTDR,24,4,RG-58/U 50 ohm coax,0.66,None,Standard,0,0,24 MHz,105.762,48 MHz,14.1,-1,3000,76.727,3000,1.69051,Waveform,103.25,-553.123677397831
W50A000F,touch_1.7.0Beta1,6/11/2025 11:22:54,SSTDR,24,4,RG-58/U 50 ohm coax,0.66,None,Standard,0,0,24 MHz,105.762,48 MHz,14.1,-1,3000,76.727,3000,1.69051,Waveform,103.5,-550.555104972187
W50A000F,touch_1.7.0Beta1,6/11/2025 11:22:54,SSTDR,24,4,RG-58/U 50 ohm coax,0.66,None,Standard,0,0,24 MHz,105.762,48 MHz,14.1,-1,3000,76.727,3000,1.69051,Waveform,103.75,-518.380332389209
W50A000F,touch_1.7.0Beta1,6/11/2025 11:22:54,SSTDR,24,4,RG-58/U 50 ohm coax,0.66,None,Standard,0,0,24 MHz,105.762,48 MHz,14.1,-1,3000,76.727,3000,1.69051,Waveform,104,-449.000000000001
W50A000F,touch_1.7.0Beta1,6/11/2025 11:22:54,SSTDR,24,4,RG-58/U 50 ohm coax,0.66,None,Standard,0,0,24 MHz,105.762,48 MHz,14.1,-1,3000,76.727,3000,1.69051,Waveform,104.25,-349.289473373205
W50A000F,touch_1.7.0Beta1,6/11/2025 11:22:54,SSTDR,24,4,RG-58/U 50 ohm coax,0.66,None,Standard,0,0,24 MHz,105.762,48 MHz,14.1,-1,3000,76.727,3000,1.69051,Waveform,104.5,-235.922102302567
W50A000F,touch_1.7.0Beta1,6/11/2025 11:22:54,SSTDR,24,4,RG-58/U 50 ohm coax,0.66,None,Standard,0,0,24 MHz,105.762,48 MHz,14.1,-1,3000,76.727,3000,1.69051,Waveform,104.75,-126.450962264987
W50A000F,touch_1.7.0Beta1,6/11/2025 11:22:54,SSTDR,24,4,RG-58/U 50 ohm coax,0.66,None,Standard,0,0,24 MHz,105.762,48 MHz,14.1,-1,3000,76.727,3000,1.69051,Waveform,105,-33.0000000000003
W50A000F,touch_1.7.0Beta1,6/11/2025 11:22:54,SSTDR,24,4,RG-58/U 50 ohm coax,0.66,None,Standard,0,0,24 MHz,105.762,48 MHz,14.1,-1,3000,76.727,3000,1.69051,Waveform,105.25,37.0876400810284
W50A000F,touch_1.7.0Beta1,6/11/2025 11:22:54,SSTDR,24,4,RG-58/U 50 ohm coax,0.66,None,Standard,0,0,24 MHz,105.762,48 MHz,14.1,-1,3000,76.727,3000,1.69051,Waveform,105.5,74.8527669511971
W50A000F,touch_1.7.0Beta1,6/11/2025 11:22:54,SSTDR,24,4,RG-58/U 50 ohm coax,0.66,None,Standard,0,0,24 MHz,105.762,48 MHz,14.1,-1,3000,76.727,3000,1.69051,Waveform,105.75,63.6268343337776
W50A000F,touch_1.7.0Beta1,6/11/2025 11:22:54,SSTDR,24,4,RG-58/U 50 ohm coax,0.66,None,Standard,0,0,24 MHz,105.762,48 MHz,14.1,-1,3000,76.727,3000,1.69051,Waveform,106,-20
W50A000F,touch_1.7.0Beta1,6/11/2025 11:22:54,SSTDR,24,4,RG-58/U 50 ohm coax,0.66,None,Standard,0,0,24 MHz,105.762,48 MHz,14.1,-1,3000,76.727,3000,1.69051,Waveform,106.25,-195.643744393917
W50A000F,touch_1.7.0Beta1,6/11/2025 11:22:54,SSTDR,24,4,RG-58/U 50 ohm coax,0.66,None,Standard,0,0,24 MHz,105.762,48 MHz,14.1,-1,3000,76.727,3000,1.69051,Waveform,106.5,-463.274211596818
W50A000F,touch_1.7.0Beta1,6/11/2025 11:22:54,SSTDR,24,4,RG-58/U 50 ohm coax,0.66,None,Standard,0,0,24 MHz,105.762,48 MHz,14.1,-1,3000,76.727,3000,1.69051,Waveform,106.75,-791.239083075634
W50A000F,touch_1.7.0Beta1,6/11/2025 11:22:54,SSTDR,24,4,RG-58/U 50 ohm coax,0.66,None,Standard,0,0,24 MHz,105.762,48 MHz,14.1,-1,3000,76.727,3000,1.69051,Waveform,107,-1117
W50A000F,touch_1.7.0Beta1,6/11/2025 11:22:54,SSTDR,24,4,RG-58/U 50 ohm coax,0.66,None,Standard,0,0,24 MHz,105.762,48 MHz,14.1,-1,3000,76.727,3000,1.69051,Waveform,107.25,-1363.39449130142
W50A000F,touch_1.7.0Beta1,6/11/2025 11:22:54,SSTDR,24,4,RG-58/U 50 ohm coax,0.66,None,Standard,0,0,24 MHz,105.762,48 MHz,14.1,-1,3000,76.727,3000,1.69051,Waveform,107.5,-1464.75512854586
W50A000F,touch_1.7.0Beta1,6/11/2025 11:22:54,SSTDR,24,4,RG-58/U 50 ohm coax,0.66,None,Standard,0,0,24 MHz,105.762,48 MHz,14.1,-1,3000,76.727,3000,1.69051,Waveform,107.75,-1391.24209878303
W50A000F,touch_1.7.0Beta1,6/11/2025 11:22:54,SSTDR,24,4,RG-58/U 50 ohm coax,0.66,None,Standard,0,0,24 MHz,105.762,48 MHz,14.1,-1,3000,76.727,3000,1.69051,Waveform,108,-1160
W50A000F,touch_1.7.0Beta1,6/11/2025 11:22:54,SSTDR,24,4,RG-58/U 50 ohm coax,0.66,None,Standard,0,0,24 MHz,105.762,48 MHz,14.1,-1,3000,76.727,3000,1.69051,Waveform,108.25,-828.332250219562
W50A000F,touch_1.7.0Beta1,6/11/2025 11:22:54,SSTDR,24,4,RG-58/U 50 ohm coax,0.66,None,Standard,0,0,24 MHz,105.762,48 MHz,14.1,-1,3000,76.727,3000,1.69051,Waveform,108.5,-473.254108435767
W50A000F,touch_1.7.0Beta1,6/11/2025 11:22:54,SSTDR,24,4,RG-58/U 50 ohm coax,0.66,None,Standard,0,0,24 MHz,105.762,48 MHz,14.1,-1,3000,76.727,3000,1.69051,Waveform,108.75,-168.140610679182
W50A000F,touch_1.7.0Beta1,6/11/2025 11:22:54,SSTDR,24,4,RG-58/U 50 ohm coax,0.66,None,Standard,0,0,24 MHz,105.762,48 MHz,14.1,-1,3000,76.727,3000,1.69051,Waveform,109,33.0000000000005
W50A000F,touch_1.7.0Beta1,6/11/2025 11:22:54,SSTDR,24,4,RG-58/U 50 ohm coax,0.66,None,Standard,0,0,24 MHz,105.762,48 MHz,14.1,-1,3000,76.727,3000,1.69051,Waveform,109.25,99.4777997584637
W50A000F,touch_1.7.0Beta1,6/11/2025 11:22:54,SSTDR,24,4,RG-58/U 50 ohm coax,0.66,None,Standard,0,0,24 MHz,105.762,48 MHz,14.1,-1,3000,76.727,3000,1.69051,Waveform,109.5,20.197645539032
W50A000F,touch_1.7.0Beta1,6/11/2025 11:22:54,SSTDR,24,4,RG-58/U 50 ohm coax,0.66,None,Standard,0,0,24 MHz,105.762,48 MHz,14.1,-1,3000,76.727,3000,1.69051,Waveform,109.75,-199.157346748675
W50A000F,touch_1.7.0Beta1,6/11/2025 11:22:54,SSTDR,24,4,RG-58/U 50 ohm coax,0.66,None,Standard,0,0,24 MHz,105.762,48 MHz,14.1,-1,3000,76.727,3000,1.69051,Waveform,110,-532
W50A000F,touch_1.7.0Beta1,6/11/2025 11:22:54,SSTDR,24,4,RG-58/U 50 ohm coax,0.66,None,Standard,0,0,24 MHz,105.762,48 MHz,14.1,-1,3000,76.727,3000,1.69051,Waveform,110.25,-921.826928131694
W50A000F,touch_1.7.0Beta1,6/11/2025 11:22:54,SSTDR,24,4,RG-58/U 50 ohm coax,0.66,None,Standard,0,0,24 MHz,105.762,48 MHz,14.1,-1,3000,76.727,3000,1.69051,Waveform,110.5,-1278.37445118913
W50A000F,touch_1.7.0Beta1,6/11/2025 11:22:54,SSTDR,24,4,RG-58/U 50 ohm coax,0.66,None,Standard,0,0,24 MHz,105.762,48 MHz,14.1,-1,3000,76.727,3000,1.69051,Waveform,110.75,-1490.54286474553
W50A000F,touch_1.7.0Beta1,6/11/2025 11:22:54,SSTDR,24,4,RG-58/U 50 ohm coax,0.66,None,Standard,0,0,24 MHz,105.762,48 MHz,14.1,-1,3000,76.727,3000,1.69051,Waveform,111,-1460
W50A000F,touch_1.7.0Beta1,6/11/2025 11:22:54,SSTDR,24,4,RG-58/U 50 ohm coax,0.66,None,Standard,0,0,24 MHz,105.762,48 MHz,14.1,-1,3000,76.727,3000,1.69051,Waveform,111.25,-1145.69520959906
W50A000F,touch_1.7.0Beta1,6/11/2025 11:22:54,SSTDR,24,4,RG-58/U 50 ohm coax,0.66,None,Standard,0,0,24 MHz,105.762,48 MHz,14.1,-1,3000,76.727,3000,1.69051,Waveform,111.5,-597.911150366361
W50A000F,touch_1.7.0Beta1,6/11/2025 11:22:54,SSTDR,24,4,RG-58/U 50 ohm coax,0.66,None,Standard,0,0,24 MHz,105.762,48 MHz,14.1,-1,3000,76.727,3000,1.69051,Waveform,111.75,40.6871939739097
W50A000F,touch_1.7.0Beta1,6/11/2025 11:22:54,SSTDR,24,4,RG-58/U 50 ohm coax,0.66,None,Standard,0,0,24 MHz,105.762,48 MHz,14.1,-1,3000,76.727,3000,1.69051,Waveform,112,576.999999999999
W50A000F,touch_1.7.0Beta1,6/11/2025 11:22:54,SSTDR,24,4,RG-58/U 50 ohm coax,0.66,None,Standard,0,0,24 MHz,105.762,48 MHz,14.1,-1,3000,76.727,3000,1.69051,Waveform,112.25,840.903401582264
W50A000F,touch_1.7.0Beta1,6/11/2025 11:22:54,SSTDR,24,4,RG-58/U 50 ohm coax,0.66,None,Standard,0,0,24 MHz,105.762,48 MHz,14.1,-1,3000,76.727,3000,1.69051,Waveform,112.5,759.18305427956
W50A000F,touch_1.7.0Beta1,6/11/2025 11:22:54,SSTDR,24,4,RG-58/U 50 ohm coax,0.66,None,Standard,0,0,24 MHz,105.762,48 MHz,14.1,-1,3000,76.727,3000,1.69051,Waveform,112.75,393.443104994192
W50A000F,touch_1.7.0Beta1,6/11/2025 11:22:54,SSTDR,24,4,RG-58/U 50 ohm coax,0.66,None,Standard,0,0,24 MHz,105.762,24 MHz,13.15,-1,3000,44.431,3000,3.38103,Calibration,1,28
W50A000F,touch_1.7.0Beta1,6/11/2025 11:22:54,SSTDR,24,4,RG-58/U 50 ohm coax,0.66,None,Standard,0,0,24 MHz,105.762,24 MHz,13.15,-1,3000,44.431,3000,3.38103,Calibration,2,-35
W50A000F,touch_1.7.0Beta1,6/11/2025 11:22:54,SSTDR,24,4,RG-58/U 50 ohm coax,0.66,None,Standard,0,0,24 MHz,105.762,24 MHz,13.15,-1,3000,44.431,3000,3.38103,Calibration,3,-27
W50A000F,touch_1.7.0Beta1,6/11/2025 11:22:54,SSTDR,24,4,RG-58/U 50 ohm coax,0.66,None,Standard,0,0,24 MHz,105.762,24 MHz,13.15,-1,3000,44.431,3000,3.38103,Calibration,4,-1
W50A000F,touch_1.7.0Beta1,6/11/2025 11:22:54,SSTDR,24,4,RG-58/U 50 ohm coax,0.66,None,Standard,0,0,24 MHz,105.762,24 MHz,13.15,-1,3000,44.431,3000,3.38103,Calibration,5,18
W50A000F,touch_1.7.0Beta1,6/11/2025 11:22:54,SSTDR,24,4,RG-58/U 50 ohm coax,0.66,None,Standard,0,0,24 MHz,105.762,24 MHz,13.15,-1,3000,44.431,3000,3.38103,Calibration,6,-85
W50A000F,touch_1.7.0Beta1,6/11/2025 11:22:54,SSTDR,24,4,RG-58/U 50 ohm coax,0.66,None,Standard,0,0,24 MHz,105.762,24 MHz,13.15,-1,3000,44.431,3000,3.38103,Calibration,7,40
W50A000F,touch_1.7.0Beta1,6/11/2025 11:22:54,SSTDR,24,4,RG-58/U 50 ohm coax,0.66,None,Standard,0,0,24 MHz,105.762,24 MHz,13.15,-1,3000,44.431,3000,3.38103,Calibration,8,-198
W50A000F,touch_1.7.0Beta1,6/11/2025 11:22:54,SSTDR,24,4,RG-58/U 50 ohm coax,0.66,None,Standard,0,0,24 MHz,105.762,24 MHz,13.15,-1,3000,44.431,3000,3.38103,Calibration,9,-300
W50A000F,touch_1.7.0Beta1,6/11/2025 11:22:54,SSTDR,24,4,RG-58/U 50 ohm coax,0.66,None,Standard,0,0,24 MHz,105.762,24 MHz,13.15,-1,3000,44.431,3000,3.38103,Calibration,10,-4159
W50A000F,touch_1.7.0Beta1,6/11/2025 11:22:54,SSTDR,24,4,RG-58/U 50 ohm coax,0.66,None,Standard,0,0,24 MHz,105.762,24 MHz,13.15,-1,3000,44.431,3000,3.38103,Calibration,11,-15482
W50A000F,touch_1.7.0Beta1,6/11/2025 11:22:54,SSTDR,24,4,RG-58/U 50 ohm coax,0.66,None,Standard,0,0,24 MHz,105.762,24 MHz,13.15,-1,3000,44.431,3000,3.38103,Calibration,12,-9276
W50A000F,touch_1.7.0Beta1,6/11/2025 11:22:54,SSTDR,24,4,RG-58/U 50 ohm coax,0.66,None,Standard,0,0,24 MHz,105.762,24 MHz,13.15,-1,3000,44.431,3000,3.38103,Calibration,13,25421
W50A000F,touch_1.7.0Beta1,6/11/2025 11:22:54,SSTDR,24,4,RG-58/U 50 ohm coax,0.66,None,Standard,0,0,24 MHz,105.762,24 MHz,13.15,-1,3000,44.431,3000,3.38103,Calibration,14,32703
W50A000F,touch_1.7.0Beta1,6/11/2025 11:22:54,SSTDR,24,4,RG-58/U 50 ohm coax,0.66,None,Standard,0,0,24 MHz,105.762,24 MHz,13.15,-1,3000,44.431,3000,3.38103,Calibration,15,-1532
W50A000F,touch_1.7.0Beta1,6/11/2025 11:22:54,SSTDR,24,4,RG-58/U 50 ohm coax,0.66,None,Standard,0,0,24 MHz,105.762,24 MHz,13.15,-1,3000,44.431,3000,3.38103,Calibration,16,-17949
W50A000F,touch_1.7.0Beta1,6/11/2025 11:22:54,SSTDR,24,4,RG-58/U 50 ohm coax,0.66,None,Standard,0,0,24 MHz,105.762,24 MHz,13.15,-1,3000,44.431,3000,3.38103,Calibration,17,-7260
W50A000F,touch_1.7.0Beta1,6/11/2025 11:22:54,SSTDR,24,4,RG-58/U 50 ohm coax,0.66,None,Standard,0,0,24 MHz,105.762,24 MHz,13.15,-1,3000,44.431,3000,3.38103,Calibration,18,-424
W50A000F,touch_1.7.0Beta1,6/11/2025 11:22:54,SSTDR,24,4,RG-58/U 50 ohm coax,0.66,None,Standard,0,0,24 MHz,105.762,24 MHz,13.15,-1,3000,44.431,3000,3.38103,Calibration,19,-174
W50A000F,touch_1.7.0Beta1,6/11/2025 11:22:54,SSTDR,24,4,RG-58/U 50 ohm coax,0.66,None,Standard,0,0,24 MHz,105.762,24 MHz,13.15,-1,3000,44.431,3000,3.38103,Calibration,20,15
W50A000F,touch_1.7.0Beta1,6/11/2025 11:22:54,SSTDR,24,4,RG-58/U 50 ohm coax,0.66,None,Standard,0,0,24 MHz,105.762,24 MHz,13.15,-1,3000,44.431,3000,3.38103,Calibration,21,73
W50A000F,touch_1.7.0Beta1,6/11/2025 11:22:54,SSTDR,24,4,RG-58/U 50 ohm coax,0.66,None,Standard,0,0,24 MHz,105.762,24 MHz,13.15,-1,3000,44.431,3000,3.38103,Calibration,22,-98
W50A000F,touch_1.7.0Beta1,6/11/2025 11:22:54,SSTDR,24,4,RG-58/U 50 ohm coax,0.66,None,Standard,0,0,24 MHz,105.762,24 MHz,13.15,-1,3000,44.431,3000,3.38103,Calibration,23,-16
W50A000F,touch_1.7.0Beta1,6/11/2025 11:22:54,SSTDR,24,4,RG-58/U 50 ohm coax,0.66,None,Standard,0,0,24 MHz,105.762,24 MHz,13.15,-1,3000,44.431,3000,3.38103,Calibration,24,61
W50A000F,touch_1.7.0Beta1,6/11/2025 11:22:54,SSTDR,24,4,RG-58/U 50 ohm coax,0.66,None,Standard,0,0,24 MHz,105.762,24 MHz,13.15,-1,3000,44.431,3000,3.38103,Calibration,25,38
W50A000F,touch_1.7.0Beta1,6/11/2025 11:22:54,SSTDR,24,4,RG-58/U 50 ohm coax,0.66,None,Standard,0,0,24 MHz,105.762,24 MHz,13.15,-1,3000,44.431,3000,3.38103,Calibration,26,-75
W50A000F,touch_1.7.0Beta1,6/11/2025 11:22:54,SSTDR,24,4,RG-58/U 50 ohm coax,0.66,None,Standard,0,0,24 MHz,105.762,24 MHz,13.15,-1,3000,44.431,3000,3.38103,Calibration,27,-1
W50A000F,touch_1.7.0Beta1,6/11/2025 11:22:54,SSTDR,24,4,RG-58/U 50 ohm coax,0.66,None,Standard,0,0,24 MHz,105.762,24 MHz,13.15,-1,3000,44.431,3000,3.38103,Calibration,28,-56
W50A000F,touch_1.7.0Beta1,6/11/2025 11:22:54,SSTDR,24,4,RG-58/U 50 ohm coax,0.66,None,Standard,0,0,24 MHz,105.762,24 MHz,13.15,-1,3000,44.431,3000,3.38103,Calibration,29,59
W50A000F,touch_1.7.0Beta1,6/11/2025 11:22:54,SSTDR,24,4,RG-58/U 50 ohm coax,0.66,None,Standard,0,0,24 MHz,105.762,24 MHz,13.15,-1,3000,44.431,3000,3.38103,Calibration,30,-24
W50A000F,touch_1.7.0Beta1,6/11/2025 11:22:54,SSTDR,24,4,RG-58/U 50 ohm coax,0.66,None,Standard,0,0,24 MHz,105.762,24 MHz,13.15,-1,3000,44.431,3000,3.38103,Calibration,31,-21
W50A000F,touch_1.7.0Beta1,6/11/2025 11:22:54,SSTDR,24,4,RG-58/U 50 ohm coax,0.66,None,Standard,0,0,24 MHz,105.762,24 MHz,13.15,-1,3000,44.431,3000,3.38103,Calibration,32,4
W50A000F,touch_1.7.0Beta1,6/11/2025 11:22:54,SSTDR,24,4,RG-58/U 50 ohm coax,0.66,None,Standard,0,0,24 MHz,105.762,24 MHz,13.15,-1,3000,44.431,3000,3.38103,Calibration,33,67
W50A000F,touch_1.7.0Beta1,6/11/2025 11:22:54,SSTDR,24,4,RG-58/U 50 ohm coax,0.66,None,Standard,0,0,24 MHz,105.762,24 MHz,13.15,-1,3000,44.431,3000,3.38103,Calibration,34,-74
W50A000F,touch_1.7.0Beta1,6/11/2025 11:22:54,SSTDR,24,4,RG-58/U 50 ohm coax,0.66,None,Standard,0,0,24 MHz,105.762,24 MHz,13.15,-1,3000,44.431,3000,3.38103,Calibration,35,-20
W50A000F,touch_1.7.0Beta1,6/11/2025 11:22:54,SSTDR,24,4,RG-58/U 50 ohm coax,0.66,None,Standard,0,0,24 MHz,105.762,24 MHz,13.15,-1,3000,44.431,3000,3.38103,Calibration,36,27
W50A000F,touch_1.7.0Beta1,6/11/2025 11:22:54,SSTDR,24,4,RG-58/U 50 ohm coax,0.66,None,Standard,0,0,24 MHz,105.762,24 MHz,13.15,-1,3000,44.431,3000,3.38103,Calibration,37,37
W50A000F,touch_1.7.0Beta1,6/11/2025 11:22:54,SSTDR,24,4,RG-58/U 50 ohm coax,0.66,None,Standard,0,0,24 MHz,105.762,24 MHz,13.15,-1,3000,44.431,3000,3.38103,Calibration,38,-37
W50A000F,touch_1.7.0Beta1,6/11/2025 11:22:54,SSTDR,24,4,RG-58/U 50 ohm coax,0.66,None,Standard,0,0,24 MHz,105.762,24 MHz,13.15,-1,3000,44.431,3000,3.38103,Calibration,39,-30
W50A000F,touch_1.7.0Beta1,6/11/2025 11:22:54,SSTDR,24,4,RG-58/U 50 ohm coax,0.66,None,Standard,0,0,24 MHz,105.762,24 MHz,13.15,-1,3000,44.431,3000,3.38103,Calibration,40,-11
W50A000F,touch_1.7.0Beta1,6/11/2025 11:22:54,SSTDR,24,4,RG-58/U 50 ohm coax,0.66,None,Standard,0,0,24 MHz,105.762,24 MHz,13.15,-1,3000,44.431,3000,3.38103,Calibration,41,15
W50A000F,touch_1.7.0Beta1,6/11/2025 11:22:54,SSTDR,24,4,RG-58/U 50 ohm coax,0.66,None,Standard,0,0,24 MHz,105.762,24 MHz,13.15,-1,3000,44.431,3000,3.38103,Calibration,42,-68
W50A000F,touch_1.7.0Beta1,6/11/2025 11:22:54,SSTDR,24,4,RG-58/U 50 ohm coax,0.66,None,Standard,0,0,24 MHz,105.762,24 MHz,13.15,-1,3000,44.431,3000,3.38103,Calibration,43,-64
W50A000F,touch_1.7.0Beta1,6/11/2025 11:22:54,SSTDR,24,4,RG-58/U 50 ohm coax,0.66,None,Standard,0,0,24 MHz,105.762,24 MHz,13.15,-1,3000,44.431,3000,3.38103,Calibration,44,3
W50A000F,touch_1.7.0Beta1,6/11/2025 11:22:54,SSTDR,24,4,RG-58/U 50 ohm coax,0.66,None,Standard,0,0,24 MHz,105.762,24 MHz,13.15,-1,3000,44.431,3000,3.38103,Calibration,45,50
W50A000F,touch_1.7.0Beta1,6/11/2025 11:22:54,SSTDR,24,4,RG-58/U 50 ohm coax,0.66,None,Standard,0,0,24 MHz,105.762,24 MHz,13.15,-1,3000,44.431,3000,3.38103,Calibration,46,-28
W50A000F,touch_1.7.0Beta1,6/11/2025 11:22:54,SSTDR,24,4,RG-58/U 50 ohm coax,0.66,None,Standard,0,0,24 MHz,105.762,24 MHz,13.15,-1,3000,44.431,3000,3.38103,Calibration,47,-36
W50A000F,touch_1.7.0Beta1,6/11/2025 11:22:54,SSTDR,24,4,RG-58/U 50 ohm coax,0.66,None,Standard,0,0,24 MHz,105.762,24 MHz,13.15,-1,3000,44.431,3000,3.38103,Calibration,48,7
W50A000F,touch_1.7.0Beta1,6/11/2025 11:22:54,SSTDR,24,4,RG-58/U 50 ohm coax,0.66,None,Standard,0,0,24 MHz,105.762,24 MHz,13.15,-1,3000,44.431,3000,3.38103,Calibration,49,28
W50A000F,touch_1.7.0Beta1,6/11/2025 11:22:54,SSTDR,24,4,RG-58/U 50 ohm coax,0.66,None,Standard,0,0,24 MHz,105.762,24 MHz,13.15,-1,3000,44.431,3000,3.38103,Calibration,50,-32
W50A000F,touch_1.7.0Beta1,6/11/2025 11:22:54,SSTDR,24,4,RG-58/U 50 ohm coax,0.66,None,Standard,0,0,24 MHz,105.762,24 MHz,13.15,-1,3000,44.431,3000,3.38103,Calibration,51,-12
W50A000F,touch_1.7.0Beta1,6/11/2025 11:22:54,SSTDR,24,4,RG-58/U 50 ohm coax,0.66,None,Standard,0,0,24 MHz,105.762,24 MHz,13.15,-1,3000,44.431,3000,3.38103,Calibration,52,12
W50A000F,touch_1.7.0Beta1,6/11/2025 11:22:54,SSTDR,24,4,RG-58/U 50 ohm coax,0.66,None,Standard,0,0,24 MHz,105.762,24 MHz,13.15,-1,3000,44.431,3000,3.38103,Calibration,53,82
W50A000F,touch_1.7.0Beta1,6/11/2025 11:22:54,SSTDR,24,4,RG-58/U 50 ohm coax,0.66,None,Standard,0,0,24 MHz,105.762,24 MHz,13.15,-1,3000,44.431,3000,3.38103,Calibration,54,-30
W50A000F,touch_1.7.0Beta1,6/11/2025 11:22:54,SSTDR,24,4,RG-58/U 50 ohm coax,0.66,None,Standard,0,0,24 MHz,105.762,24 MHz,13.15,-1,3000,44.431,3000,3.38103,Calibration,55,-5
W50A000F,touch_1.7.0Beta1,6/11/2025 11:22:54,SSTDR,24,4,RG-58/U 50 ohm coax,0.66,None,Standard,0,0,24 MHz,105.762,24 MHz,13.15,-1,3000,44.431,3000,3.38103,Calibration,56,41
W50A000F,touch_1.7.0Beta1,6/11/2025 11:22:54,SSTDR,24,4,RG-58/U 50 ohm coax,0.66,None,Standard,0,0,24 MHz,105.762,24 MHz,13.15,-1,3000,44.431,3000,3.38103,Calibration,57,60
W50A000F,touch_1.7.0Beta1,6/11/2025 11:22:54,SSTDR,24,4,RG-58/U 50 ohm coax,0.66,None,Standard,0,0,24 MHz,105.762,24 MHz,13.15,-1,3000,44.431,3000,3.38103,Calibration,58,-36
W50A000F,touch_1.7.0Beta1,6/11/2025 11:22:54,SSTDR,24,4,RG-58/U 50 ohm coax,0.66,None,Standard,0,0,24 MHz,105.762,24 MHz,13.15,-1,3000,44.431,3000,3.38103,Calibration,59,-12
W50A000F,touch_1.7.0Beta1,6/11/2025 11:22:54,SSTDR,24,4,RG-58/U 50 ohm coax,0.66,None,Standard,0,0,24 MHz,105.762,24 MHz,13.15,-1,3000,44.431,3000,3.38103,Calibration,60,-24
W50A000F,touch_1.7.0Beta1,6/11/2025 11:22:54,SSTDR,24,4,RG-58/U 50 ohm coax,0.66,None,Standard,0,0,24 MHz,105.762,24 MHz,13.15,-1,3000,44.431,3000,3.38103,Calibration,61,27
W50A000F,touch_1.7.0Beta1,6/11/2025 11:22:54,SSTDR,24,4,RG-58/U 50 ohm coax,0.66,None,Standard,0,0,24 MHz,105.762,24 MHz,13.15,-1,3000,44.431,3000,3.38103,Calibration,62,-91
W50A000F,touch_1.7.0Beta1,6/11/2025 11:22:54,SSTDR,24,4,RG-58/U 50 ohm coax,0.66,None,Standard,0,0,24 MHz,105.762,24 MHz,13.15,-1,3000,44.431,3000,3.38103,Calibration,63,-37
W50A000F,touch_1.7.0Beta1,6/11/2025 11:22:54,SSTDR,24,4,RG-58/U 50 ohm coax,0.66,None,Standard,0,0,24 MHz,105.762,24 MHz,13.15,-1,3000,44.431,3000,3.38103,Calibration,64,-26
W50A000F,touch_1.7.0Beta1,6/11/2025 11:22:54,SSTDR,24,4,RG-58/U 50 ohm coax,0.66,None,Standard,0,0,24 MHz,105.762,24 MHz,13.15,-1,3000,44.431,3000,3.38103,Calibration,65,60
W50A000F,touch_1.7.0Beta1,6/11/2025 11:22:54,SSTDR,24,4,RG-58/U 50 ohm coax,0.66,None,Standard,0,0,24 MHz,105.762,24 MHz,13.15,-1,3000,44.431,3000,3.38103,Calibration,66,-44
W50A000F,touch_1.7.0Beta1,6/11/2025 11:22:54,SSTDR,24,4,RG-58/U 50 ohm coax,0.66,None,Standard,0,0,24 MHz,105.762,24 MHz,13.15,-1,3000,44.431,3000,3.38103,Calibration,67,-54
W50A000F,touch_1.7.0Beta1,6/11/2025 11:22:54,SSTDR,24,4,RG-58/U 50 ohm coax,0.66,None,Standard,0,0,24 MHz,105.762,24 MHz,13.15,-1,3000,44.431,3000,3.38103,Calibration,68,1
W50A000F,touch_1.7.0Beta1,6/11/2025 11:22:54,SSTDR,24,4,RG-58/U 50 ohm coax,0.66,None,Standard,0,0,24 MHz,105.762,24 MHz,13.15,-1,3000,44.431,3000,3.38103,Calibration,69,56
W50A000F,touch_1.7.0Beta1,6/11/2025 11:22:54,SSTDR,24,4,RG-58/U 50 ohm coax,0.66,None,Standard,0,0,24 MHz,105.762,24 MHz,13.15,-1,3000,44.431,3000,3.38103,Calibration,70,-66
W50A000F,touch_1.7.0Beta1,6/11/2025 11:22:54,SSTDR,24,4,RG-58/U 50 ohm coax,0.66,None,Standard,0,0,24 MHz,105.762,24 MHz,13.15,-1,3000,44.431,3000,3.38103,Calibration,71,-8
W50A000F,touch_1.7.0Beta1,6/11/2025 11:22:54,SSTDR,24,4,RG-58/U 50 ohm coax,0.66,None,Standard,0,0,24 MHz,105.762,24 MHz,13.15,-1,3000,44.431,3000,3.38103,Calibration,72,8
W50A000F,touch_1.7.0Beta1,6/11/2025 11:22:54,SSTDR,24,4,RG-58/U 50 ohm coax,0.66,None,Standard,0,0,24 MHz,105.762,24 MHz,13.15,-1,3000,44.431,3000,3.38103,Calibration,73,11
W50A000F,touch_1.7.0Beta1,6/11/2025 11:22:54,SSTDR,24,4,RG-58/U 50 ohm coax,0.66,None,Standard,0,0,24 MHz,105.762,24 MHz,13.15,-1,3000,44.431,3000,3.38103,Calibration,74,5
W50A000F,touch_1.7.0Beta1,6/11/2025 11:22:54,SSTDR,24,4,RG-58/U 50 ohm coax,0.66,None,Standard,0,0,24 MHz,105.762,24 MHz,13.15,-1,3000,44.431,3000,3.38103,Calibration,75,-11
W50A000F,touch_1.7.0Beta1,6/11/2025 11:22:54,SSTDR,24,4,RG-58/U 50 ohm coax,0.66,None,Standard,0,0,24 MHz,105.762,24 MHz,13.15,-1,3000,44.431,3000,3.38103,Calibration,76,1
W50A000F,touch_1.7.0Beta1,6/11/2025 11:22:54,SSTDR,24,4,RG-58/U 50 ohm coax,0.66,None,Standard,0,0,24 MHz,105.762,24 MHz,13.15,-1,3000,44.431,3000,3.38103,Calibration,77,74
W50A000F,touch_1.7.0Beta1,6/11/2025 11:22:54,SSTDR,24,4,RG-58/U 50 ohm coax,0.66,None,Standard,0,0,24 MHz,105.762,24 MHz,13.15,-1,3000,44.431,3000,3.38103,Calibration,78,-45
W50A000F,touch_1.7.0Beta1,6/11/2025 11:22:54,SSTDR,24,4,RG-58/U 50 ohm coax,0.66,None,Standard,0,0,24 MHz,105.762,24 MHz,13.15,-1,3000,44.431,3000,3.38103,Calibration,79,0
W50A000F,touch_1.7.0Beta1,6/11/2025 11:22:54,SSTDR,24,4,RG-58/U 50 ohm coax,0.66,None,Standard,0,0,24 MHz,105.762,24 MHz,13.15,-1,3000,44.431,3000,3.38103,Calibration,80,1
W50A000F,touch_1.7.0Beta1,6/11/2025 11:22:54,SSTDR,24,4,RG-58/U 50 ohm coax,0.66,None,Standard,0,0,24 MHz,105.762,24 MHz,13.15,-1,3000,44.431,3000,3.38103,Calibration,81,47
W50A000F,touch_1.7.0Beta1,6/11/2025 11:22:54,SSTDR,24,4,RG-58/U 50 ohm coax,0.66,None,Standard,0,0,24 MHz,105.762,24 MHz,13.15,-1,3000,44.431,3000,3.38103,Calibration,82,-75
W50A000F,touch_1.7.0Beta1,6/11/2025 11:22:54,SSTDR,24,4,RG-58/U 50 ohm coax,0.66,None,Standard,0,0,24 MHz,105.762,24 MHz,13.15,-1,3000,44.431,3000,3.38103,Calibration,83,-44
W50A000F,touch_1.7.0Beta1,6/11/2025 11:22:54,SSTDR,24,4,RG-58/U 50 ohm coax,0.66,None,Standard,0,0,24 MHz,105.762,24 MHz,13.15,-1,3000,44.431,3000,3.38103,Calibration,84,0
W50A000F,touch_1.7.0Beta1,6/11/2025 11:22:54,SSTDR,24,4,RG-58/U 50 ohm coax,0.66,None,Standard,0,0,24 MHz,105.762,24 MHz,13.15,-1,3000,44.431,3000,3.38103,Calibration,85,50
W50A000F,touch_1.7.0Beta1,6/11/2025 11:22:54,SSTDR,24,4,RG-58/U 50 ohm coax,0.66,None,Standard,0,0,24 MHz,105.762,24 MHz,13.15,-1,3000,44.431,3000,3.38103,Calibration,86,-99
W50A000F,touch_1.7.0Beta1,6/11/2025 11:22:54,SSTDR,24,4,RG-58/U 50 ohm coax,0.66,None,Standard,0,0,24 MHz,105.762,24 MHz,13.15,-1,3000,44.431,3000,3.38103,Calibration,87,-9
W50A000F,touch_1.7.0Beta1,6/11/2025 11:22:54,SSTDR,24,4,RG-58/U 50 ohm coax,0.66,None,Standard,0,0,24 MHz,105.762,24 MHz,13.15,-1,3000,44.431,3000,3.38103,Calibration,88,6
W50A000F,touch_1.7.0Beta1,6/11/2025 11:22:54,SSTDR,24,4,RG-58/U 50 ohm coax,0.66,None,Standard,0,0,24 MHz,105.762,24 MHz,13.15,-1,3000,44.431,3000,3.38103,Calibration,89,0
W50A000F,touch_1.7.0Beta1,6/11/2025 11:22:54,SSTDR,24,4,RG-58/U 50 ohm coax,0.66,None,Standard,0,0,24 MHz,105.762,24 MHz,13.15,-1,3000,44.431,3000,3.38103,Calibration,90,0
W50A000F,touch_1.7.0Beta1,6/11/2025 11:22:54,SSTDR,24,4,RG-58/U 50 ohm coax,0.66,None,Standard,0,0,24 MHz,105.762,24 MHz,13.15,-1,3000,44.431,3000,3.38103,Calibration,91,0
W50A000F,touch_1.7.0Beta1,6/11/2025 11:22:54,SSTDR,24,4,RG-58/U 50 ohm coax,0.66,None,Standard,0,0,24 MHz,105.762,24 MHz,13.15,-1,3000,44.431,3000,3.38103,Calibration,92,0
W50A000F,touch_1.7.0Beta1,6/11/2025 11:22:54,SSTDR,24,4,RG-58/U 50 ohm coax,0.66,None,Standard,0,0,24 MHz,105.762,24 MHz,13.15,-1,3000,44.431,3000,3.38103,Calibration,93,0
W50A000F,touch_1.7.0Beta1,6/11/2025 11:22:54,SSTDR,24,4,RG-58/U 50 ohm coax,0.66,None,Standard,0,0,24 MHz,105.762,24 MHz,13.15,-1,3000,44.431,3000,3.38103,Calibration,94,0
W50A000F,touch_1.7.0Beta1,6/11/2025 11:22:54,SSTDR,24,4,RG-58/U 50 ohm coax,0.66,None,Standard,0,0,24 MHz,105.762,24 MHz,13.15,-1,3000,44.431,3000,3.38103,Calibration,95,0
W50A000F,touch_1.7.0Beta1,6/11/2025 11:22:54,SSTDR,24,4,RG-58/U 50 ohm coax,0.66,None,Standard,0,0,24 MHz,105.762,24 MHz,13.15,-1,3000,44.431,3000,3.38103,Calibration,96,0
W50A000F,touch_1.7.0Beta1,6/11/2025 11:22:54,SSTDR,24,4,RG-58/U 50 ohm coax,0.66,None,Standard,0,0,24 MHz,105.762,24 MHz,13.15,-1,3000,44.431,3000,3.38103,Calibration,97,0
W50A000F,touch_1.7.0Beta1,6/11/2025 11:22:54,SSTDR,24,4,RG-58/U 50 ohm coax,0.66,None,Standard,0,0,24 MHz,105.762,24 MHz,13.15,-1,3000,44.431,3000,3.38103,Calibration,98,0
W50A000F,touch_1.7.0Beta1,6/11/2025 11:22:54,SSTDR,24,4,RG-58/U 50 ohm coax,0.66,None,Standard,0,0,24 MHz,105.762,24 MHz,13.15,-1,3000,44.431,3000,3.38103,Calibration,99,0
W50A000F,touch_1.7.0Beta1,6/11/2025 11:22:54,SSTDR,24,4,RG-58/U 50 ohm coax,0.66,None,Standard,0,0,24 MHz,105.762,24 MHz,13.15,-1,3000,44.431,3000,3.38103,Calibration,100,0
W50A000F,touch_1.7.0Beta1,6/11/2025 11:22:54,SSTDR,24,4,RG-58/U 50 ohm coax,0.66,None,Standard,0,0,24 MHz,105.762,24 MHz,13.15,-1,3000,44.431,3000,3.38103,Calibration,101,0
W50A000F,touch_1.7.0Beta1,6/11/2025 11:22:54,SSTDR,24,4,RG-58/U 50 ohm coax,0.66,None,Standard,0,0,24 MHz,105.762,24 MHz,13.15,-1,3000,44.431,3000,3.38103,Calibration,102,0
W50A000F,touch_1.7.0Beta1,6/11/2025 11:22:54,SSTDR,24,4,RG-58/U 50 ohm coax,0.66,None,Standard,0,0,24 MHz,105.762,24 MHz,13.15,-1,3000,44.431,3000,3.38103,Calibration,103,0
W50A000F,touch_1.7.0Beta1,6/11/2025 11:22:54,SSTDR,24,4,RG-58/U 50 ohm coax,0.66,None,Standard,0,0,24 MHz,105.762,24 MHz,13.15,-1,3000,44.431,3000,3.38103,Calibration,104,0
W50A000F,touch_1.7.0Beta1,6/11/2025 11:22:54,SSTDR,24,4,RG-58/U 50 ohm coax,0.66,None,Standard,0,0,24 MHz,105.762,24 MHz,13.15,-1,3000,44.431,3000,3.38103,Calibration,105,0
W50A000F,touch_1.7.0Beta1,6/11/2025 11:22:54,SSTDR,24,4,RG-58/U 50 ohm coax,0.66,None,Standard,0,0,24 MHz,105.762,24 MHz,13.15,-1,3000,44.431,3000,3.38103,Calibration,106,0
W50A000F,touch_1.7.0Beta1,6/11/2025 11:22:54,SSTDR,24,4,RG-58/U 50 ohm coax,0.66,None,Standard,0,0,24 MHz,105.762,24 MHz,13.15,-1,3000,44.431,3000,3.38103,Calibration,107,0
W50A000F,touch_1.7.0Beta1,6/11/2025 11:22:54,SSTDR,24,4,RG-58/U 50 ohm coax,0.66,None,Standard,0,0,24 MHz,105.762,24 MHz,13.15,-1,3000,44.431,3000,3.38103,Calibration,108,0
W50A000F,touch_1.7.0Beta1,6/11/2025 11:22:54,SSTDR,24,4,RG-58/U 50 ohm coax,0.66,None,Standard,0,0,24 MHz,105.762,24 MHz,13.15,-1,3000,44.431,3000,3.38103,Calibration,109,0
W50A000F,touch_1.7.0Beta1,6/11/2025 11:22:54,SSTDR,24,4,RG-58/U 50 ohm coax,0.66,None,Standard,0,0,24 MHz,105.762,24 MHz,13.15,-1,3000,44.431,3000,3.38103,Calibration,110,0
W50A000F,touch_1.7.0Beta1,6/11/2025 11:22:54,SSTDR,24,4,RG-58/U 50 ohm coax,0.66,None,Standard,0,0,24 MHz,105.762,24 MHz,13.15,-1,3000,44.431,3000,3.38103,Calibration,111,0
W50A000F,touch_1.7.0Beta1,6/11/2025 11:22:54,SSTDR,24,4,RG-58/U 50 ohm coax,0.66,None,Standard,0,0,24 MHz,105.762,24 MHz,13.15,-1,3000,44.431,3000,3.38103,Calibration,112,0
W50A000F,touch_1.7.0Beta1,6/11/2025 11:22:54,SSTDR,24,4,RG-58/U 50 ohm coax,0.66,None,Standard,0,0,24 MHz,105.762,24 MHz,13.15,-1,3000,44.431,3000,3.38103,Waveform,1,-31.9999999999997
W50A000F,touch_1.7.0Beta1,6/11/2025 11:22:54,SSTDR,24,4,RG-58/U 50 ohm coax,0.66,None,Standard,0,0,24 MHz,105.762,24 MHz,13.15,-1,3000,44.431,3000,3.38103,Waveform,1.25,-2.35087550051373
W50A000F,touch_1.7.0Beta1,6/11/2025 11:22:54,SSTDR,24,4,RG-58/U 50 ohm coax,0.66,None,Standard,0,0,24 MHz,105.762,24 MHz,13.15,-1,3000,44.431,3000,3.38103,Waveform,1.5,17.1538841347725
W50A000F,touch_1.7.0Beta1,6/11/2025 11:22:54,SSTDR,24,4,RG-58/U 50 ohm coax,0.66,None,Standard,0,0,24 MHz,105.762,24 MHz,13.15,-1,3000,44.431,3000,3.38103,Waveform,1.75,18.4155553593535
W50A000F,touch_1.7.0Beta1,6/11/2025 11:22:54,SSTDR,24,4,RG-58/U 50 ohm coax,0.66,None,Standard,0,0,24 MHz,105.762,24 MHz,13.15,-1,3000,44.431,3000,3.38103,Waveform,2,3.99999999999961
W50A000F,touch_1.7.0Beta1,6/11/2025 11:22:54,SSTDR,24,4,RG-58/U 50 ohm coax,0.66,None,Standard,0,0,24 MHz,105.762,24 MHz,13.15,-1,3000,44.431,3000,3.38103,Waveform,2.25,-15.018843098366
W50A000F,touch_1.7.0Beta1,6/11/2025 11:22:54,SSTDR,24,4,RG-58/U 50 ohm coax,0.66,None,Standard,0,0,24 MHz,105.762,24 MHz,13.15,-1,3000,44.431,3000,3.38103,Waveform,2.5,-25.9668022403907
W50A000F,touch_1.7.0Beta1,6/11/2025 11:22:54,SSTDR,24,4,RG-58/U 50 ohm coax,0.66,None,Standard,0,0,24 MHz,105.762,24 MHz,13.15,-1,3000,44.431,3000,3.38103,Waveform,2.75,-22.0378315636839
W50A000F,touch_1.7.0Beta1,6/11/2025 11:22:54,SSTDR,24,4,RG-58/U 50 ohm coax,0.66,None,Standard,0,0,24 MHz,105.762,24 MHz,13.15,-1,3000,44.431,3000,3.38103,Waveform,3,-5.99999999999922
W50A000F,touch_1.7.0Beta1,6/11/2025 11:22:54,SSTDR,24,4,RG-58/U 50 ohm coax,0.66,None,Standard,0,0,24 MHz,105.762,24 MHz,13.15,-1,3000,44.431,3000,3.38103,Waveform,3.25,11.8864981137927
W50A000F,touch_1.7.0Beta1,6/11/2025 11:22:54,SSTDR,24,4,RG-58/U 50 ohm coax,0.66,None,Standard,0,0,24 MHz,105.762,24 MHz,13.15,-1,3000,44.431,3000,3.38103,Waveform,3.5,20.3594273953729
W50A000F,touch_1.7.0Beta1,6/11/2025 11:22:54,SSTDR,24,4,RG-58/U 50 ohm coax,0.66,None,Standard,0,0,24 MHz,105.762,24 MHz,13.15,-1,3000,44.431,3000,3.38103,Waveform,3.75,14.1078194230176
W50A000F,touch_1.7.0Beta1,6/11/2025 11:22:54,SSTDR,24,4,RG-58/U 50 ohm coax,0.66,None,Standard,0,0,24 MHz,105.762,24 MHz,13.15,-1,3000,44.431,3000,3.38103,Waveform,4,-3
W50A000F,touch_1.7.0Beta1,6/11/2025 11:22:54,SSTDR,24,4,RG-58/U 50 ohm coax,0.66,None,Standard,0,0,24 MHz,105.762,24 MHz,13.15,-1,3000,44.431,3000,3.38103,Waveform,4.25,-20.3653785328302
W50A000F,touch_1.7.0Beta1,6/11/2025 11:22:54,SSTDR,24,4,RG-58/U 50 ohm coax,0.66,None,Standard,0,0,24 MHz,105.762,24 MHz,13.15,-1,3000,44.431,3000,3.38103,Waveform,4.5,-27.3028715950191
W50A000F,touch_1.7.0Beta1,6/11/2025 11:22:54,SSTDR,24,4,RG-58/U 50 ohm coax,0.66,None,Standard,0,0,24 MHz,105.762,24 MHz,13.15,-1,3000,44.431,3000,3.38103,Waveform,4.75,-19.7842336357114
W50A000F,touch_1.7.0Beta1,6/11/2025 11:22:54,SSTDR,24,4,RG-58/U 50 ohm coax,0.66,None,Standard,0,0,24 MHz,105.762,24 MHz,13.15,-1,3000,44.431,3000,3.38103,Waveform,5,-3.00000000000104
W50A000F,touch_1.7.0Beta1,6/11/2025 11:22:54,SSTDR,24,4,RG-58/U 50 ohm coax,0.66,None,Standard,0,0,24 MHz,105.762,24 MHz,13.15,-1,3000,44.431,3000,3.38103,Waveform,5.25,12.0880620599564
W50A000F,touch_1.7.0Beta1,6/11/2025 11:22:54,SSTDR,24,4,RG-58/U 50 ohm coax,0.66,None,Standard,0,0,24 MHz,105.762,24 MHz,13.15,-1,3000,44.431,3000,3.38103,Waveform,5.5,16.2851509538758
W50A000F,touch_1.7.0Beta1,6/11/2025 11:22:54,SSTDR,24,4,RG-58/U 50 ohm coax,0.66,None,Standard,0,0,24 MHz,105.762,24 MHz,13.15,-1,3000,44.431,3000,3.38103,Waveform,5.75,9.05944524284616
W50A000F,touch_1.7.0Beta1,6/11/2025 11:22:54,SSTDR,24,4,RG-58/U 50 ohm coax,0.66,None,Standard,0,0,24 MHz,105.762,24 MHz,13.15,-1,3000,44.431,3000,3.38103,Waveform,6,1.03942251631192e-12
W50A000F,touch_1.7.0Beta1,6/11/2025 11:22:54,SSTDR,24,4,RG-58/U 50 ohm coax,0.66,None,Standard,0,0,24 MHz,105.762,24 MHz,13.15,-1,3000,44.431,3000,3.38103,Waveform,6.25,3.03495900409221
W50A000F,touch_1.7.0Beta1,6/11/2025 11:22:54,SSTDR,24,4,RG-58/U 50 ohm coax,0.66,None,Standard,0,0,24 MHz,105.762,24 MHz,13.15,-1,3000,44.431,3000,3.38103,Waveform,6.5,26.1412235053659
W50A000F,touch_1.7.0Beta1,6/11/2025 11:22:54,SSTDR,24,4,RG-58/U 50 ohm coax,0.66,None,Standard,0,0,24 MHz,105.762,24 MHz,13.15,-1,3000,44.431,3000,3.38103,Waveform,6.75,62.7317789566691
W50A000F,touch_1.7.0Beta1,6/11/2025 11:22:54,SSTDR,24,4,RG-58/U 50 ohm coax,0.66,None,Standard,0,0,24 MHz,105.762,24 MHz,13.15,-1,3000,44.431,3000,3.38103,Waveform,7,91.000000000001
W50A000F,touch_1.7.0Beta1,6/11/2025 11:22:54,SSTDR,24,4,RG-58/U 50 ohm coax,0.66,None,Standard,0,0,24 MHz,105.762,24 MHz,13.15,-1,3000,44.431,3000,3.38103,Waveform,7.25,83.6488355908342
W50A000F,touch_1.7.0Beta1,6/11/2025 11:22:54,SSTDR,24,4,RG-58/U 50 ohm coax,0.66,None,Standard,0,0,24 MHz,105.762,24 MHz,13.15,-1,3000,44.431,3000,3.38103,Waveform,7.5,24.2891121634984
W50A000F,touch_1.7.0Beta1,6/11/2025 11:22:54,SSTDR,24,4,RG-58/U 50 ohm coax,0.66,None,Standard,0,0,24 MHz,105.762,24 MHz,13.15,-1,3000,44.431,3000,3.38103,Waveform,7.75,-78.4282534207024
W50A000F,touch_1.7.0Beta1,6/11/2025 11:22:54,SSTDR,24,4,RG-58/U 50 ohm coax,0.66,None,Standard,0,0,24 MHz,105.762,24 MHz,13.15,-1,3000,44.431,3000,3.38103,Waveform,8,-189
W50A000F,touch_1.7.0Beta1,6/11/2025 11:22:54,SSTDR,24,4,RG-58/U 50 ohm coax,0.66,None,Standard,0,0,24 MHz,105.762,24 MHz,13.15,-1,3000,44.431,3000,3.38103,Waveform,8.25,-261.253776979185
W50A000F,touch_1.7.0Beta1,6/11/2025 11:22:54,SSTDR,24,4,RG-58/U 50 ohm coax,0.66,None,Standard,0,0,24 MHz,105.762,24 MHz,13.15,-1,3000,44.431,3000,3.38103,Waveform,8.5,-269.666920522511
W50A000F,touch_1.7.0Beta1,6/11/2025 11:22:54,SSTDR,24,4,RG-58/U 50 ohm coax,0.66,None,Standard,0,0,24 MHz,105.762,24 MHz,13.15,-1,3000,44.431,3000,3.38103,Waveform,8.75,-243.954776360246
W50A000F,touch_1.7.0Beta1,6/11/2025 11:22:54,SSTDR,24,4,RG-58/U 50 ohm coax,0.66,None,Standard,0,0,24 MHz,105.762,24 MHz,13.15,-1,3000,44.431,3000,3.38103,Waveform,9,-289.999999999999
W50A000F,touch_1.7.0Beta1,6/11/2025 11:22:54,SSTDR,24,4,RG-58/U 50 ohm coax,0.66,None,Standard,0,0,24 MHz,105.762,24 MHz,13.15,-1,3000,44.431,3000,3.38103,Waveform,9.25,-582.11756311229
W50A000F,touch_1.7.0Beta1,6/11/2025 11:22:54,SSTDR,24,4,RG-58/U 50 ohm coax,0.66,None,Standard,0,0,24 MHz,105.762,24 MHz,13.15,-1,3000,44.431,3000,3.38103,Waveform,9.5,-1320.67537534598
W50A000F,touch_1.7.0Beta1,6/11/2025 11:22:54,SSTDR,24,4,RG-58/U 50 ohm coax,0.66,None,Standard,0,0,24 MHz,105.762,24 MHz,13.15,-1,3000,44.431,3000,3.38103,Waveform,9.75,-2662.17024181424
W50A000F,touch_1.7.0Beta1,6/11/2025 11:22:54,SSTDR,24,4,RG-58/U 50 ohm coax,0.66,None,Standard,0,0,24 MHz,105.762,24 MHz,13.15,-1,3000,44.431,3000,3.38103,Waveform,10,-4641
W50A000F,touch_1.7.0Beta1,6/11/2025 11:22:54,SSTDR,24,4,RG-58/U 50 ohm coax,0.66,None,Standard,0,0,24 MHz,105.762,24 MHz,13.15,-1,3000,44.431,3000,3.38103,Waveform,10.25,-7108.53701748959
W50A000F,touch_1.7.0Beta1,6/11/2025 11:22:54,SSTDR,24,4,RG-58/U 50 ohm coax,0.66,None,Standard,0,0,24 MHz,105.762,24 MHz,13.15,-1,3000,44.431,3000,3.38103,Waveform,10.5,-9713.01680088418
W50A000F,touch_1.7.0Beta1,6/11/2025 11:22:54,SSTDR,24,4,RG-58/U 50 ohm coax,0.66,None,Standard,0,0,24 MHz,105.762,24 MHz,13.15,-1,3000,44.431,3000,3.38103,Waveform,10.75,-11933.6965597577
W50A000F,touch_1.7.0Beta1,6/11/2025 11:22:54,SSTDR,24,4,RG-58/U 50 ohm coax,0.66,None,Standard,0,0,24 MHz,105.762,24 MHz,13.15,-1,3000,44.431,3000,3.38103,Waveform,11,-13168
W50A000F,touch_1.7.0Beta1,6/11/2025 11:22:54,SSTDR,24,4,RG-58/U 50 ohm coax,0.66,None,Standard,0,0,24 MHz,105.762,24 MHz,13.15,-1,3000,44.431,3000,3.38103,Waveform,11.25,-12855.5799850464
W50A000F,touch_1.7.0Beta1,6/11/2025 11:22:54,SSTDR,24,4,RG-58/U 50 ohm coax,0.66,None,Standard,0,0,24 MHz,105.762,24 MHz,13.15,-1,3000,44.431,3000,3.38103,Waveform,11.5,-10612.6022799005
W50A000F,touch_1.7.0Beta1,6/11/2025 11:22:54,SSTDR,24,4,RG-58/U 50 ohm coax,0.66,None,Standard,0,0,24 MHz,105.762,24 MHz,13.15,-1,3000,44.431,3000,3.38103,Waveform,11.75,-6345.56260902098
W50A000F,touch_1.7.0Beta1,6/11/2025 11:22:54,SSTDR,24,4,RG-58/U 50 ohm coax,0.66,None,Standard,0,0,24 MHz,105.762,24 MHz,13.15,-1,3000,44.431,3000,3.38103,Waveform,12,-316.999999999999
W50A000F,touch_1.7.0Beta1,6/11/2025 11:22:54,SSTDR,24,4,RG-58/U 50 ohm coax,0.66,None,Standard,0,0,24 MHz,105.762,24 MHz,13.15,-1,3000,44.431,3000,3.38103,Waveform,12.25,6855.62931895734
W50A000F,touch_1.7.0Beta1,6/11/2025 11:22:54,SSTDR,24,4,RG-58/U 50 ohm coax,0.66,None,Standard,0,0,24 MHz,105.762,24 MHz,13.15,-1,3000,44.431,3000,3.38103,Waveform,12.5,14273.8715150987
W50A000F,touch_1.7.0Beta1,6/11/2025 11:22:54,SSTDR,24,4,RG-58/U 50 ohm coax,0.66,None,Standard,0,0,24 MHz,105.762,24 MHz,13.15,-1,3000,44.431,3000,3.38103,Waveform,12.75,20896.4329597575
W50A000F,touch_1.7.0Beta1,6/11/2025 11:22:54,SSTDR,24,4,RG-58/U 50 ohm coax,0.66,None,Standard,0,0,24 MHz,105.762,24 MHz,13.15,-1,3000,44.431,3000,3.38103,Waveform,13,25719
W50A000F,touch_1.7.0Beta1,6/11/2025 11:22:54,SSTDR,24,4,RG-58/U 50 ohm coax,0.66,None,Standard,0,0,24 MHz,105.762,24 MHz,13.15,-1,3000,44.431,3000,3.38103,Waveform,13.25,27962.0706728215
W50A000F,touch_1.7.0Beta1,6/11/2025 11:22:54,SSTDR,24,4,RG-58/U 50 ohm coax,0.66,None,Standard,0,0,24 MHz,105.762,24 MHz,13.15,-1,3000,44.431,3000,3.38103,Waveform,13.5,27227.7434916989
W50A000F,touch_1.7.0Beta1,6/11/2025 11:22:54,SSTDR,24,4,RG-58/U 50 ohm coax,0.66,None,Standard,0,0,24 MHz,105.762,24 MHz,13.15,-1,3000,44.431,3000,3.38103,Waveform,13.75,23589.1280131249
W50A000F,touch_1.7.0Beta1,6/11/2025 11:22:54,SSTDR,24,4,RG-58/U 50 ohm coax,0.66,None,Standard,0,0,24 MHz,105.762,24 MHz,13.15,-1,3000,44.431,3000,3.38103,Waveform,14,17588
W50A000F,touch_1.7.0Beta1,6/11/2025 11:22:54,SSTDR,24,4,RG-58/U 50 ohm coax,0.66,None,Standard,0,0,24 MHz,105.762,24 MHz,13.15,-1,3000,44.431,3000,3.38103,Waveform,14.25,10136.1553040864
W50A000F,touch_1.7.0Beta1,6/11/2025 11:22:54,SSTDR,24,4,RG-58/U 50 ohm coax,0.66,None,Standard,0,0,24 MHz,105.762,24 MHz,13.15,-1,3000,44.431,3000,3.38103,Waveform,14.5,2339.31297413641
W50A000F,touch_1.7.0Beta1,6/11/2025 11:22:54,SSTDR,24,4,RG-58/U 50 ohm coax,0.66,None,Standard,0,0,24 MHz,105.762,24 MHz,13.15,-1,3000,44.431,3000,3.38103,Waveform,14.75,-4717.09767816013
W50A000F,touch_1.7.0Beta1,6/11/2025 11:22:54,SSTDR,24,4,RG-58/U 50 ohm coax,0.66,None,Standard,0,0,24 MHz,105.762,24 MHz,13.15,-1,3000,44.431,3000,3.38103,Waveform,15,-10170
W50A000F,touch_1.7.0Beta1,6/11/2025 11:22:54,SSTDR,24,4,RG-58/U 50 ohm coax,0.66,None,Standard,0,0,24 MHz,105.762,24 MHz,13.15,-1,3000,44.431,3000,3.38103,Waveform,15.25,-13521.1930527446
W50A000F,touch_1.7.0Beta1,6/11/2025 11:22:54,SSTDR,24,4,RG-58/U 50 ohm coax,0.66,None,Standard,0,0,24 MHz,105.762,24 MHz,13.15,-1,3000,44.431,3000,3.38103,Waveform,15.5,-14689.5146602273
W50A000F,touch_1.7.0Beta1,6/11/2025 11:22:54,SSTDR,24,4,RG-58/U 50 ohm coax,0.66,None,Standard,0,0,24 MHz,105.762,24 MHz,13.15,-1,3000,44.431,3000,3.38103,Waveform,15.75,-13967.1960374113
W50A000F,touch_1.7.0Beta1,6/11/2025 11:22:54,SSTDR,24,4,RG-58/U 50 ohm coax,0.66,None,Standard,0,0,24 MHz,105.762,24 MHz,13.15,-1,3000,44.431,3000,3.38103,Waveform,16,-11901
W50A000F,touch_1.7.0Beta1,6/11/2025 11:22:54,SSTDR,24,4,RG-58/U 50 ohm coax,0.66,None,Standard,0,0,24 MHz,105.762,24 MHz,13.15,-1,3000,44.431,3000,3.38103,Waveform,16.25,-9137.03524657574
W50A000F,touch_1.7.0Beta1,6/11/2025 11:22:54,SSTDR,24,4,RG-58/U 50 ohm coax,0.66,None,Standard,0,0,24 MHz,105.762,24 MHz,13.15,-1,3000,44.431,3000,3.38103,Waveform,16.5,-6273.19902896703
W50A000F,touch_1.7.0Beta1,6/11/2025 11:22:54,SSTDR,24,4,RG-58/U 50 ohm coax,0.66,None,Standard,0,0,24 MHz,105.762,24 MHz,13.15,-1,3000,44.431,3000,3.38103,Waveform,16.75,-3754.45733366681
W50A000F,touch_1.7.0Beta1,6/11/2025 11:22:54,SSTDR,24,4,RG-58/U 50 ohm coax,0.66,None,Standard,0,0,24 MHz,105.762,24 MHz,13.15,-1,3000,44.431,3000,3.38103,Waveform,17,-1828
W50A000F,touch_1.7.0Beta1,6/11/2025 11:22:54,SSTDR,24,4,RG-58/U 50 ohm coax,0.66,None,Standard,0,0,24 MHz,105.762,24 MHz,13.15,-1,3000,44.431,3000,3.38103,Waveform,17.25,-555.017764701965
W50A000F,touch_1.7.0Beta1,6/11/2025 11:22:54,SSTDR,24,4,RG-58/U 50 ohm coax,0.66,None,Standard,0,0,24 MHz,105.762,24 MHz,13.15,-1,3000,44.431,3000,3.38103,Waveform,17.5,139.389625422801
W50A000F,touch_1.7.0Beta1,6/11/2025 11:22:54,SSTDR,24,4,RG-58/U 50 ohm coax,0.66,None,Standard,0,0,24 MHz,105.762,24 MHz,13.15,-1,3000,44.431,3000,3.38103,Waveform,17.75,402.585891518277
W50A000F,touch_1.7.0Beta1,6/11/2025 11:22:54,SSTDR,24,4,RG-58/U 50 ohm coax,0.66,None,Standard,0,0,24 MHz,105.762,24 MHz,13.15,-1,3000,44.431,3000,3.38103,Waveform,18,397.999999999999
W50A000F,touch_1.7.0Beta1,6/11/2025 11:22:54,SSTDR,24,4,RG-58/U 50 ohm coax,0.66,None,Standard,0,0,24 MHz,105.762,24 MHz,13.15,-1,3000,44.431,3000,3.38103,Waveform,18.25,267.572974752126
W50A000F,touch_1.7.0Beta1,6/11/2025 11:22:54,SSTDR,24,4,RG-58/U 50 ohm coax,0.66,None,Standard,0,0,24 MHz,105.762,24 MHz,13.15,-1,3000,44.431,3000,3.38103,Waveform,18.5,114.50056691148
W50A000F,touch_1.7.0Beta1,6/11/2025 11:22:54,SSTDR,24,4,RG-58/U 50 ohm coax,0.66,None,Standard,0,0,24 MHz,105.762,24 MHz,13.15,-1,3000,44.431,3000,3.38103,Waveform,18.75,0.880092692810909
W50A000F,touch_1.7.0Beta1,6/11/2025 11:22:54,SSTDR,24,4,RG-58/U 50 ohm coax,0.66,None,Standard,0,0,24 MHz,105.762,24 MHz,13.15,-1,3000,44.431,3000,3.38103,Waveform,19,-46.999999999999
W50A000F,touch_1.7.0Beta1,6/11/2025 11:22:54,SSTDR,24,4,RG-58/U 50 ohm coax,0.66,None,Standard,0,0,24 MHz,105.762,24 MHz,13.15,-1,3000,44.431,3000,3.38103,Waveform,19.25,-30.9299473349121
W50A000F,touch_1.7.0Beta1,6/11/2025 11:22:54,SSTDR,24,4,RG-58/U 50 ohm coax,0.66,None,Standard,0,0,24 MHz,105.762,24 MHz,13.15,-1,3000,44.431,3000,3.38103,Waveform,19.5,27.5613609228887
W50A000F,touch_1.7.0Beta1,6/11/2025 11:22:54,SSTDR,24,4,RG-58/U 50 ohm coax,0.66,None,Standard,0,0,24 MHz,105.762,24 MHz,13.15,-1,3000,44.431,3000,3.38103,Waveform,19.75,96.5040473419992
W50A000F,touch_1.7.0Beta1,6/11/2025 11:22:54,SSTDR,24,4,RG-58/U 50 ohm coax,0.66,None,Standard,0,0,24 MHz,105.762,24 MHz,13.15,-1,3000,44.431,3000,3.38103,Waveform,20,144
W50A000F,touch_1.7.0Beta1,6/11/2025 11:22:54,SSTDR,24,4,RG-58/U 50 ohm coax,0.66,None,Standard,0,0,24 MHz,105.762,24 MHz,13.15,-1,3000,44.431,3000,3.38103,Waveform,20.25,148.520123002508
W50A000F,touch_1.7.0Beta1,6/11/2025 11:22:54,SSTDR,24,4,RG-58/U 50 ohm coax,0.66,None,Standard,0,0,24 MHz,105.762,24 MHz,13.15,-1,3000,44.431,3000,3.38103,Waveform,20.5,105.978579100839
W50A000F,touch_1.7.0Beta1,6/11/2025 11:22:54,SSTDR,24,4,RG-58/U 50 ohm coax,0.66,None,Standard,0,0,24 MHz,105.762,24 MHz,13.15,-1,3000,44.431,3000,3.38103,Waveform,20.75,30.6409988397603
W50A000F,touch_1.7.0Beta1,6/11/2025 11:22:54,SSTDR,24,4,RG-58/U 50 ohm coax,0.66,None,Standard,0,0,24 MHz,105.762,24 MHz,13.15,-1,3000,44.431,3000,3.38103,Waveform,21,-50.9999999999987
W50A000F,touch_1.7.0Beta1,6/11/2025 11:22:54,SSTDR,24,4,RG-58/U 50 ohm coax,0.66,None,Standard,0,0,24 MHz,105.762,24 MHz,13.15,-1,3000,44.431,3000,3.38103,Waveform,21.25,-111.155821475958
W50A000F,touch_1.7.0Beta1,6/11/2025 11:22:54,SSTDR,24,4,RG-58/U 50 ohm coax,0.66,None,Standard,0,0,24 MHz,105.762,24 MHz,13.15,-1,3000,44.431,3000,3.38103,Waveform,21.5,-131.875955463671
W50A000F,touch_1.7.0Beta1,6/11/2025 11:22:54,SSTDR,24,4,RG-58/U 50 ohm coax,0.66,None,Standard,0,0,24 MHz,105.762,24 MHz,13.15,-1,3000,44.431,3000,3.38103,Waveform,21.75,-111.538248238473
W50A000F,touch_1.7.0Beta1,6/11/2025 11:22:54,SSTDR,24,4,RG-58/U 50 ohm coax,0.66,None,Standard,0,0,24 MHz,105.762,24 MHz,13.15,-1,3000,44.431,3000,3.38103,Waveform,22,-64.0000000000013
W50A000F,touch_1.7.0Beta1,6/11/2025 11:22:54,SSTDR,24,4,RG-58/U 50 ohm coax,0.66,None,Standard,0,0,24 MHz,105.762,24 MHz,13.15,-1,3000,44.431,3000,3.38103,Waveform,22.25,-11.2021349395005
W50A000F,touch_1.7.0Beta1,6/11/2025 11:22:54,SSTDR,24,4,RG-58/U 50 ohm coax,0.66,None,Standard,0,0,24 MHz,105.762,24 MHz,13.15,-1,3000,44.431,3000,3.38103,Waveform,22.5,26.9470851510118
W50A000F,touch_1.7.0Beta1,6/11/2025 11:22:54,SSTDR,24,4,RG-58/U 50 ohm coax,0.66,None,Standard,0,0,24 MHz,105.762,24 MHz,13.15,-1,3000,44.431,3000,3.38103,Waveform,22.75,40.5370079431423
W50A000F,touch_1.7.0Beta1,6/11/2025 11:22:54,SSTDR,24,4,RG-58/U 50 ohm coax,0.66,None,Standard,0,0,24 MHz,105.762,24 MHz,13.15,-1,3000,44.431,3000,3.38103,Waveform,23,32.0000000000001
W50A000F,touch_1.7.0Beta1,6/11/2025 11:22:54,SSTDR,24,4,RG-58/U 50 ohm coax,0.66,None,Standard,0,0,24 MHz,105.762,24 MHz,13.15,-1,3000,44.431,3000,3.38103,Waveform,23.25,12.3936103753858
W50A000F,touch_1.7.0Beta1,6/11/2025 11:22:54,SSTDR,24,4,RG-58/U 50 ohm coax,0.66,None,Standard,0,0,24 MHz,105.762,24 MHz,13.15,-1,3000,44.431,3000,3.38103,Waveform,23.5,-5.80707267231394
W50A000F,touch_1.7.0Beta1,6/11/2025 11:22:54,SSTDR,24,4,RG-58/U 50 ohm coax,0.66,None,Standard,0,0,24 MHz,105.762,24 MHz,13.15,-1,3000,44.431,3000,3.38103,Waveform,23.75,-15.3584687019414
W50A000F,touch_1.7.0Beta1,6/11/2025 11:22:54,SSTDR,24,4,RG-58/U 50 ohm coax,0.66,None,Standard,0,0,24 MHz,105.762,24 MHz,13.15,-1,3000,44.431,3000,3.38103,Waveform,24,-16.9999999999991
W50A000F,touch_1.7.0Beta1,6/11/2025 11:22:54,SSTDR,24,4,RG-58/U 50 ohm coax,0.66,None,Standard,0,0,24 MHz,105.762,24 MHz,13.15,-1,3000,44.431,3000,3.38103,Waveform,24.25,-17.3303920092541
W50A000F,touch_1.7.0Beta1,6/11/2025 11:22:54,SSTDR,24,4,RG-58/U 50 ohm coax,0.66,None,Standard,0,0,24 MHz,105.762,24 MHz,13.15,-1,3000,44.431,3000,3.38103,Waveform,24.5,-23.4924335362812
W50A000F,touch_1.7.0Beta1,6/11/2025 11:22:54,SSTDR,24,4,RG-58/U 50 ohm coax,0.66,None,Standard,0,0,24 MHz,105.762,24 MHz,13.15,-1,3000,44.431,3000,3.38103,Waveform,24.75,-37.9041728721082
W50A000F,touch_1.7.0Beta1,6/11/2025 11:22:54,SSTDR,24,4,RG-58/U 50 ohm coax,0.66,None,Standard,0,0,24 MHz,105.762,24 MHz,13.15,-1,3000,44.431,3000,3.38103,Waveform,25,-56.0000000000003
W50A000F,touch_1.7.0Beta1,6/11/2025 11:22:54,SSTDR,24,4,RG-58/U 50 ohm coax,0.66,None,Standard,0,0,24 MHz,105.762,24 MHz,13.15,-1,3000,44.431,3000,3.38103,Waveform,25.25,-68.1302497446069
W50A000F,touch_1.7.0Beta1,6/11/2025 11:22:54,SSTDR,24,4,RG-58/U 50 ohm coax,0.66,None,Standard,0,0,24 MHz,105.762,24 MHz,13.15,-1,3000,44.431,3000,3.38103,Waveform,25.5,-64.480889271606
W50A000F,touch_1.7.0Beta1,6/11/2025 11:22:54,SSTDR,24,4,RG-58/U 50 ohm coax,0.66,None,Standard,0,0,24 MHz,105.762,24 MHz,13.15,-1,3000,44.431,3000,3.38103,Waveform,25.75,-40.341331230365
W50A000F,touch_1.7.0Beta1,6/11/2025 11:22:54,SSTDR,24,4,RG-58/U 50 ohm coax,0.66,None,Standard,0,0,24 MHz,105.762,24 MHz,13.15,-1,3000,44.431,3000,3.38103,Waveform,26,0.999999999999708
W50A000F,touch_1.7.0Beta1,6/11/2025 11:22:54,SSTDR,24,4,RG-58/U 50 ohm coax,0.66,None,Standard,0,0,24 MHz,105.762,24 MHz,13.15,-1,3000,44.431,3000,3.38103,Waveform,26.25,49.1144624764259
W50A000F,touch_1.7.0Beta1,6/11/2025 11:22:54,SSTDR,24,4,RG-58/U 50 ohm coax,0.66,None,Standard,0,0,24 MHz,105.762,24 MHz,13.15,-1,3000,44.431,3000,3.38103,Waveform,26.5,90.5031698465528
W50A000F,touch_1.7.0Beta1,6/11/2025 11:22:54,SSTDR,24,4,RG-58/U 50 ohm coax,0.66,None,Standard,0,0,24 MHz,105.762,24 MHz,13.15,-1,3000,44.431,3000,3.38103,Waveform,26.75,113.842136580281
W50A000F,touch_1.7.0Beta1,6/11/2025 11:22:54,SSTDR,24,4,RG-58/U 50 ohm coax,0.66,None,Standard,0,0,24 MHz,105.762,24 MHz,13.15,-1,3000,44.431,3000,3.38103,Waveform,27,114
W50A000F,touch_1.7.0Beta1,6/11/2025 11:22:54,SSTDR,24,4,RG-58/U 50 ohm coax,0.66,None,Standard,0,0,24 MHz,105.762,24 MHz,13.15,-1,3000,44.431,3000,3.38103,Waveform,27.25,93.2365501827561
W50A000F,touch_1.7.0Beta1,6/11/2025 11:22:54,SSTDR,24,4,RG-58/U 50 ohm coax,0.66,None,Standard,0,0,24 MHz,105.762,24 MHz,13.15,-1,3000,44.431,3000,3.38103,Waveform,27.5,59.439252941024
W50A000F,touch_1.7.0Beta1,6/11/2025 11:22:54,SSTDR,24,4,RG-58/U 50 ohm coax,0.66,None,Standard,0,0,24 MHz,105.762,24 MHz,13.15,-1,3000,44.431,3000,3.38103,Waveform,27.75,22.5619205293732
W50A000F,touch_1.7.0Beta1,6/11/2025 11:22:54,SSTDR,24,4,RG-58/U 50 ohm coax,0.66,None,Standard,0,0,24 MHz,105.762,24 MHz,13.15,-1,3000,44.431,3000,3.38103,Waveform,28,-9.0000000000001
W50A000F,touch_1.7.0Beta1,6/11/2025 11:22:54,SSTDR,24,4,RG-58/U 50 ohm coax,0.66,None,Standard,0,0,24 MHz,105.762,24 MHz,13.15,-1,3000,44.431,3000,3.38103,Waveform,28.25,-30.6692868489651
W50A000F,touch_1.7.0Beta1,6/11/2025 11:22:54,SSTDR,24,4,RG-58/U 50 ohm coax,0.66,None,Standard,0,0,24 MHz,105.762,24 MHz,13.15,-1,3000,44.431,3000,3.38103,Waveform,28.5,-42.0276694620703
W50A000F,touch_1.7.0Beta1,6/11/2025 11:22:54,SSTDR,24,4,RG-58/U 50 ohm coax,0.66,None,Standard,0,0,24 MHz,105.762,24 MHz,13.15,-1,3000,44.431,3000,3.38103,Waveform,28.75,-45.6028130208354
W50A000F,touch_1.7.0Beta1,6/11/2025 11:22:54,SSTDR,24,4,RG-58/U 50 ohm coax,0.66,None,Standard,0,0,24 MHz,105.762,24 MHz,13.15,-1,3000,44.431,3000,3.38103,Waveform,29,-44.9999999999981
W50A000F,touch_1.7.0Beta1,6/11/2025 11:22:54,SSTDR,24,4,RG-58/U 50 ohm coax,0.66,None,Standard,0,0,24 MHz,105.762,24 MHz,13.15,-1,3000,44.431,3000,3.38103,Waveform,29.25,-43.2780379273091
W50A000F,touch_1.7.0Beta1,6/11/2025 11:22:54,SSTDR,24,4,RG-58/U 50 ohm coax,0.66,None,Standard,0,0,24 MHz,105.762,24 MHz,13.15,-1,3000,44.431,3000,3.38103,Waveform,29.5,-42.0860611264716
W50A000F,touch_1.7.0Beta1,6/11/2025 11:22:54,SSTDR,24,4,RG-58/U 50 ohm coax,0.66,None,Standard,0,0,24 MHz,105.762,24 MHz,13.15,-1,3000,44.431,3000,3.38103,Waveform,29.75,-41.6029222846207
W50A000F,touch_1.7.0Beta1,6/11/2025 11:22:54,SSTDR,24,4,RG-58/U 50 ohm coax,0.66,None,Standard,0,0,24 MHz,105.762,24 MHz,13.15,-1,3000,44.431,3000,3.38103,Waveform,30,-41.0000000000005
W50A000F,touch_1.7.0Beta1,6/11/2025 11:22:54,SSTDR,24,4,RG-58/U 50 ohm coax,0.66,None,Standard,0,0,24 MHz,105.762,24 MHz,13.15,-1,3000,44.431,3000,3.38103,Waveform,30.25,-39.0679189987318
W50A000F,touch_1.7.0Beta1,6/11/2025 11:22:54,SSTDR,24,4,RG-58/U 50 ohm coax,0.66,None,Standard,0,0,24 MHz,105.762,24 MHz,13.15,-1,3000,44.431,3000,3.38103,Waveform,30.5,-34.7426011362304
W50A000F,touch_1.7.0Beta1,6/11/2025 11:22:54,SSTDR,24,4,RG-58/U 50 ohm coax,0.66,None,Standard,0,0,24 MHz,105.762,24 MHz,13.15,-1,3000,44.431,3000,3.38103,Waveform,30.75,-27.412406490869
W50A000F,touch_1.7.0Beta1,6/11/2025 11:22:54,SSTDR,24,4,RG-58/U 50 ohm coax,0.66,None,Standard,0,0,24 MHz,105.762,24 MHz,13.15,-1,3000,44.431,3000,3.38103,Waveform,31,-17.0000000000001
W50A000F,touch_1.7.0Beta1,6/11/2025 11:22:54,SSTDR,24,4,RG-58/U 50 ohm coax,0.66,None,Standard,0,0,24 MHz,105.762,24 MHz,13.15,-1,3000,44.431,3000,3.38103,Waveform,31.25,-3.87681595895174
W50A000F,touch_1.7.0Beta1,6/11/2025 11:22:54,SSTDR,24,4,RG-58/U 50 ohm coax,0.66,None,Standard,0,0,24 MHz,105.762,24 MHz,13.15,-1,3000,44.431,3000,3.38103,Waveform,31.5,11.2899647550153
W50A000F,touch_1.7.0Beta1,6/11/2025 11:22:54,SSTDR,24,4,RG-58/U 50 ohm coax,0.66,None,Standard,0,0,24 MHz,105.762,24 MHz,13.15,-1,3000,44.431,3000,3.38103,Waveform,31.75,27.6307557685785
W50A000F,touch_1.7.0Beta1,6/11/2025 11:22:54,SSTDR,24,4,RG-58/U 50 ohm coax,0.66,None,Standard,0,0,24 MHz,105.762,24 MHz,13.15,-1,3000,44.431,3000,3.38103,Waveform,32,43.9999999999994
W50A000F,touch_1.7.0Beta1,6/11/2025 11:22:54,SSTDR,24,4,RG-58/U 50 ohm coax,0.66,None,Standard,0,0,24 MHz,105.762,24 MHz,13.15,-1,3000,44.431,3000,3.38103,Waveform,32.25,58.7330672243423
W50A000F,touch_1.7.0Beta1,6/11/2025 11:22:54,SSTDR,24,4,RG-58/U 50 ohm coax,0.66,None,Standard,0,0,24 MHz,105.762,24 MHz,13.15,-1,3000,44.431,3000,3.38103,Waveform,32.5,69.4025601762219
W50A000F,touch_1.7.0Beta1,6/11/2025 11:22:54,SSTDR,24,4,RG-58/U 50 ohm coax,0.66,None,Standard,0,0,24 MHz,105.762,24 MHz,13.15,-1,3000,44.431,3000,3.38103,Waveform,32.75,72.8823366870786
W50A000F,touch_1.7.0Beta1,6/11/2025 11:22:54,SSTDR,24,4,RG-58/U 50 ohm coax,0.66,None,Standard,0,0,24 MHz,105.762,24 MHz,13.15,-1,3000,44.431,3000,3.38103,Waveform,33,66.0000000000001
W50A000F,touch_1.7.0Beta1,6/11/2025 11:22:54,SSTDR,24,4,RG-58/U 50 ohm coax,0.66,None,Standard,0,0,24 MHz,105.762,24 MHz,13.15,-1,3000,44.431,3000,3.38103,Waveform,33.25,46.7947336822472
W50A000F,touch_1.7.0Beta1,6/11/2025 11:22:54,SSTDR,24,4,RG-58/U 50 ohm coax,0.66,None,Standard,0,0,24 MHz,105.762,24 MHz,13.15,-1,3000,44.431,3000,3.38103,Waveform,33.5,15.9794050079925
W50A000F,touch_1.7.0Beta1,6/11/2025 11:22:54,SSTDR,24,4,RG-58/U 50 ohm coax,0.66,None,Standard,0,0,24 MHz,105.762,24 MHz,13.15,-1,3000,44.431,3000,3.38103,Waveform,33.75,-22.1354437582982
W50A000F,touch_1.7.0Beta1,6/11/2025 11:22:54,SSTDR,24,4,RG-58/U 50 ohm coax,0.66,None,Standard,0,0,24 MHz,105.762,24 MHz,13.15,-1,3000,44.431,3000,3.38103,Waveform,34,-60.0000000000003
W50A000F,touch_1.7.0Beta1,6/11/2025 11:22:54,SSTDR,24,4,RG-58/U 50 ohm coax,0.66,None,Standard,0,0,24 MHz,105.762,24 MHz,13.15,-1,3000,44.431,3000,3.38103,Waveform,34.25,-88.7522290176397
W50A000F,touch_1.7.0Beta1,6/11/2025 11:22:54,SSTDR,24,4,RG-58/U 50 ohm coax,0.66,None,Standard,0,0,24 MHz,105.762,24 MHz,13.15,-1,3000,44.431,3000,3.38103,Waveform,34.5,-101.225866470442
W50A000F,touch_1.7.0Beta1,6/11/2025 11:22:54,SSTDR,24,4,RG-58/U 50 ohm coax,0.66,None,Standard,0,0,24 MHz,105.762,24 MHz,13.15,-1,3000,44.431,3000,3.38103,Waveform,34.75,-94.8445260590702
W50A000F,touch_1.7.0Beta1,6/11/2025 11:22:54,SSTDR,24,4,RG-58/U 50 ohm coax,0.66,None,Standard,0,0,24 MHz,105.762,24 MHz,13.15,-1,3000,44.431,3000,3.38103,Waveform,35,-73.0000000000023
W50A000F,touch_1.7.0Beta1,6/11/2025 11:22:54,SSTDR,24,4,RG-58/U 50 ohm coax,0.66,None,Standard,0,0,24 MHz,105.762,24 MHz,13.15,-1,3000,44.431,3000,3.38103,Waveform,35.25,-44.0303965459173
W50A000F,touch_1.7.0Beta1,6/11/2025 11:22:54,SSTDR,24,4,RG-58/U 50 ohm coax,0.66,None,Standard,0,0,24 MHz,105.762,24 MHz,13.15,-1,3000,44.431,3000,3.38103,Waveform,35.5,-17.9954725242843
W50A000F,touch_1.7.0Beta1,6/11/2025 11:22:54,SSTDR,24,4,RG-58/U 50 ohm coax,0.66,None,Standard,0,0,24 MHz,105.762,24 MHz,13.15,-1,3000,44.431,3000,3.38103,Waveform,35.75,-2.57767470292359
W50A000F,touch_1.7.0Beta1,6/11/2025 11:22:54,SSTDR,24,4,RG-58/U 50 ohm coax,0.66,None,Standard,0,0,24 MHz,105.762,24 MHz,13.15,-1,3000,44.431,3000,3.38103,Waveform,36,3.89783443616969e-13
W50A000F,touch_1.7.0Beta1,6/11/2025 11:22:54,SSTDR,24,4,RG-58/U 50 ohm coax,0.66,None,Standard,0,0,24 MHz,105.762,24 MHz,13.15,-1,3000,44.431,3000,3.38103,Waveform,36.25,-6.47245505736906
W50A000F,touch_1.7.0Beta1,6/11/2025 11:22:54,SSTDR,24,4,RG-58/U 50 ohm coax,0.66,None,Standard,0,0,24 MHz,105.762,24 MHz,13.15,-1,3000,44.431,3000,3.38103,Waveform,36.5,-14.4753450878392
W50A000F,touch_1.7.0Beta1,6/11/2025 11:22:54,SSTDR,24,4,RG-58/U 50 ohm coax,0.66,None,Standard,0,0,24 MHz,105.762,24 MHz,13.15,-1,3000,44.431,3000,3.38103,Waveform,36.75,-16.7532031899704
W50A000F,touch_1.7.0Beta1,6/11/2025 11:22:54,SSTDR,24,4,RG-58/U 50 ohm coax,0.66,None,Standard,0,0,24 MHz,105.762,24 MHz,13.15,-1,3000,44.431,3000,3.38103,Waveform,37,-9.99999999999666
W50A000F,touch_1.7.0Beta1,6/11/2025 11:22:54,SSTDR,24,4,RG-58/U 50 ohm coax,0.66,None,Standard,0,0,24 MHz,105.762,24 MHz,13.15,-1,3000,44.431,3000,3.38103,Waveform,37.25,3.61515140251251
W50A000F,touch_1.7.0Beta1,6/11/2025 11:22:54,SSTDR,24,4,RG-58/U 50 ohm coax,0.66,None,Standard,0,0,24 MHz,105.762,24 MHz,13.15,-1,3000,44.431,3000,3.38103,Waveform,37.5,17.7543999555751
W50A000F,touch_1.7.0Beta1,6/11/2025 11:22:54,SSTDR,24,4,RG-58/U 50 ohm coax,0.66,None,Standard,0,0,24 MHz,105.762,24 MHz,13.15,-1,3000,44.431,3000,3.38103,Waveform,37.75,25.1703664821138
W50A000F,touch_1.7.0Beta1,6/11/2025 11:22:54,SSTDR,24,4,RG-58/U 50 ohm coax,0.66,None,Standard,0,0,24 MHz,105.762,24 MHz,13.15,-1,3000,44.431,3000,3.38103,Waveform,38,21.0000000000016
W50A000F,touch_1.7.0Beta1,6/11/2025 11:22:54,SSTDR,24,4,RG-58/U 50 ohm coax,0.66,None,Standard,0,0,24 MHz,105.762,24 MHz,13.15,-1,3000,44.431,3000,3.38103,Waveform,38.25,4.27802610982469
W50A000F,touch_1.7.0Beta1,6/11/2025 11:22:54,SSTDR,24,4,RG-58/U 50 ohm coax,0.66,None,Standard,0,0,24 MHz,105.762,24 MHz,13.15,-1,3000,44.431,3000,3.38103,Waveform,38.5,-22.925957263993
W50A000F,touch_1.7.0Beta1,6/11/2025 11:22:54,SSTDR,24,4,RG-58/U 50 ohm coax,0.66,None,Standard,0,0,24 MHz,105.762,24 MHz,13.15,-1,3000,44.431,3000,3.38103,Waveform,38.75,-57.7265870054681
W50A000F,touch_1.7.0Beta1,6/11/2025 11:22:54,SSTDR,24,4,RG-58/U 50 ohm coax,0.66,None,Standard,0,0,24 MHz,105.762,24 MHz,13.15,-1,3000,44.431,3000,3.38103,Waveform,39,-97.9999999999992
W50A000F,touch_1.7.0Beta1,6/11/2025 11:22:54,SSTDR,24,4,RG-58/U 50 ohm coax,0.66,None,Standard,0,0,24 MHz,105.762,24 MHz,13.15,-1,3000,44.431,3000,3.38103,Waveform,39.25,-141.725165563432
W50A000F,touch_1.7.0Beta1,6/11/2025 11:22:54,SSTDR,24,4,RG-58/U 50 ohm coax,0.66,None,Standard,0,0,24 MHz,105.762,24 MHz,13.15,-1,3000,44.431,3000,3.38103,Waveform,39.5,-184.232574668322
W50A000F,touch_1.7.0Beta1,6/11/2025 11:22:54,SSTDR,24,4,RG-58/U 50 ohm coax,0.66,None,Standard,0,0,24 MHz,105.762,24 MHz,13.15,-1,3000,44.431,3000,3.38103,Waveform,39.75,-215.648560656886
W50A000F,touch_1.7.0Beta1,6/11/2025 11:22:54,SSTDR,24,4,RG-58/U 50 ohm coax,0.66,None,Standard,0,0,24 MHz,105.762,24 MHz,13.15,-1,3000,44.431,3000,3.38103,Waveform,40,-222
W50A000F,touch_1.7.0Beta1,6/11/2025 11:22:54,SSTDR,24,4,RG-58/U 50 ohm coax,0.66,None,Standard,0,0,24 MHz,105.762,24 MHz,13.15,-1,3000,44.431,3000,3.38103,Waveform,40.25,-192.577504551868
W50A000F,touch_1.7.0Beta1,6/11/2025 11:22:54,SSTDR,24,4,RG-58/U 50 ohm coax,0.66,None,Standard,0,0,24 MHz,105.762,24 MHz,13.15,-1,3000,44.431,3000,3.38103,Waveform,40.5,-133.158382885239
W50A000F,touch_1.7.0Beta1,6/11/2025 11:22:54,SSTDR,24,4,RG-58/U 50 ohm coax,0.66,None,Standard,0,0,24 MHz,105.762,24 MHz,13.15,-1,3000,44.431,3000,3.38103,Waveform,40.75,-80.6929108146412
W50A000F,touch_1.7.0Beta1,6/11/2025 11:22:54,SSTDR,24,4,RG-58/U 50 ohm coax,0.66,None,Standard,0,0,24 MHz,105.762,24 MHz,13.15,-1,3000,44.431,3000,3.38103,Waveform,41,-111.999999999998
W50A000F,touch_1.7.0Beta1,6/11/2025 11:22:54,SSTDR,24,4,RG-58/U 50 ohm coax,0.66,None,Standard,0,0,24 MHz,105.762,24 MHz,13.15,-1,3000,44.431,3000,3.38103,Waveform,41.25,-338.766306441413
W50A000F,touch_1.7.0Beta1,6/11/2025 11:22:54,SSTDR,24,4,RG-58/U 50 ohm coax,0.66,None,Standard,0,0,24 MHz,105.762,24 MHz,13.15,-1,3000,44.431,3000,3.38103,Waveform,41.5,-884.529971724586
W50A000F,touch_1.7.0Beta1,6/11/2025 11:22:54,SSTDR,24,4,RG-58/U 50 ohm coax,0.66,None,Standard,0,0,24 MHz,105.762,24 MHz,13.15,-1,3000,44.431,3000,3.38103,Waveform,41.75,-1845.61427109453
W50A000F,touch_1.7.0Beta1,6/11/2025 11:22:54,SSTDR,24,4,RG-58/U 50 ohm coax,0.66,None,Standard,0,0,24 MHz,105.762,24 MHz,13.15,-1,3000,44.431,3000,3.38103,Waveform,42,-3245
W50A000F,touch_1.7.0Beta1,6/11/2025 11:22:54,SSTDR,24,4,RG-58/U 50 ohm coax,0.66,None,Standard,0,0,24 MHz,105.762,24 MHz,13.15,-1,3000,44.431,3000,3.38103,Waveform,42.25,-4993.13989586377
W50A000F,touch_1.7.0Beta1,6/11/2025 11:22:54,SSTDR,24,4,RG-58/U 50 ohm coax,0.66,None,Standard,0,0,24 MHz,105.762,24 MHz,13.15,-1,3000,44.431,3000,3.38103,Waveform,42.5,-6870.50845012759
W50A000F,touch_1.7.0Beta1,6/11/2025 11:22:54,SSTDR,24,4,RG-58/U 50 ohm coax,0.66,None,Standard,0,0,24 MHz,105.762,24 MHz,13.15,-1,3000,44.431,3000,3.38103,Waveform,42.75,-8542.48501556079
W50A000F,touch_1.7.0Beta1,6/11/2025 11:22:54,SSTDR,24,4,RG-58/U 50 ohm coax,0.66,None,Standard,0,0,24 MHz,105.762,24 MHz,13.15,-1,3000,44.431,3000,3.38103,Waveform,43,-9609
W50A000F,touch_1.7.0Beta1,6/11/2025 11:22:54,SSTDR,24,4,RG-58/U 50 ohm coax,0.66,None,Standard,0,0,24 MHz,105.762,24 MHz,13.15,-1,3000,44.431,3000,3.38103,Waveform,43.25,-9681.63112776656
W50A000F,touch_1.7.0Beta1,6/11/2025 11:22:54,SSTDR,24,4,RG-58/U 50 ohm coax,0.66,None,Standard,0,0,24 MHz,105.762,24 MHz,13.15,-1,3000,44.431,3000,3.38103,Waveform,43.5,-8472.41839042399
W50A000F,touch_1.7.0Beta1,6/11/2025 11:22:54,SSTDR,24,4,RG-58/U 50 ohm coax,0.66,None,Standard,0,0,24 MHz,105.762,24 MHz,13.15,-1,3000,44.431,3000,3.38103,Waveform,43.75,-5873.99750778767
W50A000F,touch_1.7.0Beta1,6/11/2025 11:22:54,SSTDR,24,4,RG-58/U 50 ohm coax,0.66,None,Standard,0,0,24 MHz,105.762,24 MHz,13.15,-1,3000,44.431,3000,3.38103,Waveform,44,-2011
W50A000F,touch_1.7.0Beta1,6/11/2025 11:22:54,SSTDR,24,4,RG-58/U 50 ohm coax,0.66,None,Standard,0,0,24 MHz,105.762,24 MHz,13.15,-1,3000,44.431,3000,3.38103,Waveform,44.25,2752.06093517429
W50A000F,touch_1.7.0Beta1,6/11/2025 11:22:54,SSTDR,24,4,RG-58/U 50 ohm coax,0.66,None,Standard,0,0,24 MHz,105.762,24 MHz,13.15,-1,3000,44.431,3000,3.38103,Waveform,44.5,7852.24283285586
W50A000F,touch_1.7.0Beta1,6/11/2025 11:22:54,SSTDR,24,4,RG-58/U 50 ohm coax,0.66,None,Standard,0,0,24 MHz,105.762,24 MHz,13.15,-1,3000,44.431,3000,3.38103,Waveform,44.75,12614.0967889329
W50A000F,touch_1.7.0Beta1,6/11/2025 11:22:54,SSTDR,24,4,RG-58/U 50 ohm coax,0.66,None,Standard,0,0,24 MHz,105.762,24 MHz,13.15,-1,3000,44.431,3000,3.38103,Waveform,45,16365
W50A000F,touch_1.7.0Beta1,6/11/2025 11:22:54,SSTDR,24,4,RG-58/U 50 ohm coax,0.66,None,Standard,0,0,24 MHz,105.762,24 MHz,13.15,-1,3000,44.431,3000,3.38103,Waveform,45.25,18557.3219814927
W50A000F,touch_1.7.0Beta1,6/11/2025 11:22:54,SSTDR,24,4,RG-58/U 50 ohm coax,0.66,None,Standard,0,0,24 MHz,105.762,24 MHz,13.15,-1,3000,44.431,3000,3.38103,Waveform,45.5,18871.8336672595
W50A000F,touch_1.7.0Beta1,6/11/2025 11:22:54,SSTDR,24,4,RG-58/U 50 ohm coax,0.66,None,Standard,0,0,24 MHz,105.762,24 MHz,13.15,-1,3000,44.431,3000,3.38103,Waveform,45.75,17279.3719728513
W50A000F,touch_1.7.0Beta1,6/11/2025 11:22:54,SSTDR,24,4,RG-58/U 50 ohm coax,0.66,None,Standard,0,0,24 MHz,105.762,24 MHz,13.15,-1,3000,44.431,3000,3.38103,Waveform,46,14046
W50A000F,touch_1.7.0Beta1,6/11/2025 11:22:54,SSTDR,24,4,RG-58/U 50 ohm coax,0.66,None,Standard,0,0,24 MHz,105.762,24 MHz,13.15,-1,3000,44.431,3000,3.38103,Waveform,46.25,9679.33639078505
W50A000F,touch_1.7.0Beta1,6/11/2025 11:22:54,SSTDR,24,4,RG-58/U 50 ohm coax,0.66,None,Standard,0,0,24 MHz,105.762,24 MHz,13.15,-1,3000,44.431,3000,3.38103,Waveform,46.5,4827.55102616907
W50A000F,touch_1.7.0Beta1,6/11/2025 11:22:54,SSTDR,24,4,RG-58/U 50 ohm coax,0.66,None,Standard,0,0,24 MHz,105.762,24 MHz,13.15,-1,3000,44.431,3000,3.38103,Waveform,46.75,154.083947058679
W50A000F,touch_1.7.0Beta1,6/11/2025 11:22:54,SSTDR,24,4,RG-58/U 50 ohm coax,0.66,None,Standard,0,0,24 MHz,105.762,24 MHz,13.15,-1,3000,44.431,3000,3.38103,Waveform,47,-3783
W50A000F,touch_1.7.0Beta1,6/11/2025 11:22:54,SSTDR,24,4,RG-58/U 50 ohm coax,0.66,None,Standard,0,0,24 MHz,105.762,24 MHz,13.15,-1,3000,44.431,3000,3.38103,Waveform,47.25,-6619.9563425305
W50A000F,touch_1.7.0Beta1,6/11/2025 11:22:54,SSTDR,24,4,RG-58/U 50 ohm coax,0.66,None,Standard,0,0,24 MHz,105.762,24 MHz,13.15,-1,3000,44.431,3000,3.38103,Waveform,47.5,-8226.76132376049
W50A000F,touch_1.7.0Beta1,6/11/2025 11:22:54,SSTDR,24,4,RG-58/U 50 ohm coax,0.66,None,Standard,0,0,24 MHz,105.762,24 MHz,13.15,-1,3000,44.431,3000,3.38103,Waveform,47.75,-8692.95284686549
W50A000F,touch_1.7.0Beta1,6/11/2025 11:22:54,SSTDR,24,4,RG-58/U 50 ohm coax,0.66,None,Standard,0,0,24 MHz,105.762,24 MHz,13.15,-1,3000,44.431,3000,3.38103,Waveform,48,-8270
W50A000F,touch_1.7.0Beta1,6/11/2025 11:22:54,SSTDR,24,4,RG-58/U 50 ohm coax,0.66,None,Standard,0,0,24 MHz,105.762,24 MHz,13.15,-1,3000,44.431,3000,3.38103,Waveform,48.25,-7290.28532697366
W50A000F,touch_1.7.0Beta1,6/11/2025 11:22:54,SSTDR,24,4,RG-58/U 50 ohm coax,0.66,None,Standard,0,0,24 MHz,105.762,24 MHz,13.15,-1,3000,44.431,3000,3.38103,Waveform,48.5,-6085.86181028171
W50A000F,touch_1.7.0Beta1,6/11/2025 11:22:54,SSTDR,24,4,RG-58/U 50 ohm coax,0.66,None,Standard,0,0,24 MHz,105.762,24 MHz,13.15,-1,3000,44.431,3000,3.38103,Waveform,48.75,-4926.05650161946
W50A000F,touch_1.7.0Beta1,6/11/2025 11:22:54,SSTDR,24,4,RG-58/U 50 ohm coax,0.66,None,Standard,0,0,24 MHz,105.762,24 MHz,13.15,-1,3000,44.431,3000,3.38103,Waveform,49,-3984
W50A000F,touch_1.7.0Beta1,6/11/2025 11:22:54,SSTDR,24,4,RG-58/U 50 ohm coax,0.66,None,Standard,0,0,24 MHz,105.762,24 MHz,13.15,-1,3000,44.431,3000,3.38103,Waveform,49.25,-3331.98841868825
W50A000F,touch_1.7.0Beta1,6/11/2025 11:22:54,SSTDR,24,4,RG-58/U 50 ohm coax,0.66,None,Standard,0,0,24 MHz,105.762,24 MHz,13.15,-1,3000,44.431,3000,3.38103,Waveform,49.5,-2957.83836828219
W50A000F,touch_1.7.0Beta1,6/11/2025 11:22:54,SSTDR,24,4,RG-58/U 50 ohm coax,0.66,None,Standard,0,0,24 MHz,105.762,24 MHz,13.15,-1,3000,44.431,3000,3.38103,Waveform,49.75,-2791.18429076229
W50A000F,touch_1.7.0Beta1,6/11/2025 11:22:54,SSTDR,24,4,RG-58/U 50 ohm coax,0.66,None,Standard,0,0,24 MHz,105.762,24 MHz,13.15,-1,3000,44.431,3000,3.38103,Waveform,50,-2730
W50A000F,touch_1.7.0Beta1,6/11/2025 11:22:54,SSTDR,24,4,RG-58/U 50 ohm coax,0.66,None,Standard,0,0,24 MHz,105.762,24 MHz,13.15,-1,3000,44.431,3000,3.38103,Waveform,50.25,-2661.77560062558
W50A000F,touch_1.7.0Beta1,6/11/2025 11:22:54,SSTDR,24,4,RG-58/U 50 ohm coax,0.66,None,Standard,0,0,24 MHz,105.762,24 MHz,13.15,-1,3000,44.431,3000,3.38103,Waveform,50.5,-2478.3350957737
W50A000F,touch_1.7.0Beta1,6/11/2025 11:22:54,SSTDR,24,4,RG-58/U 50 ohm coax,0.66,None,Standard,0,0,24 MHz,105.762,24 MHz,13.15,-1,3000,44.431,3000,3.38103,Waveform,50.75,-2086.30497202147
W50A000F,touch_1.7.0Beta1,6/11/2025 11:22:54,SSTDR,24,4,RG-58/U 50 ohm coax,0.66,None,Standard,0,0,24 MHz,105.762,24 MHz,13.15,-1,3000,44.431,3000,3.38103,Waveform,51,-1416
W50A000F,touch_1.7.0Beta1,6/11/2025 11:22:54,SSTDR,24,4,RG-58/U 50 ohm coax,0.66,None,Standard,0,0,24 MHz,105.762,24 MHz,13.15,-1,3000,44.431,3000,3.38103,Waveform,51.25,-430.43911990317
W50A000F,touch_1.7.0Beta1,6/11/2025 11:22:54,SSTDR,24,4,RG-58/U 50 ohm coax,0.66,None,Standard,0,0,24 MHz,105.762,24 MHz,13.15,-1,3000,44.431,3000,3.38103,Waveform,51.5,865.568623800884
W50A000F,touch_1.7.0Beta1,6/11/2025 11:22:54,SSTDR,24,4,RG-58/U 50 ohm coax,0.66,None,Standard,0,0,24 MHz,105.762,24 MHz,13.15,-1,3000,44.431,3000,3.38103,Waveform,51.75,2417.82852206823
W50A000F,touch_1.7.0Beta1,6/11/2025 11:22:54,SSTDR,24,4,RG-58/U 50 ohm coax,0.66,None,Standard,0,0,24 MHz,105.762,24 MHz,13.15,-1,3000,44.431,3000,3.38103,Waveform,52,4119
W50A000F,touch_1.7.0Beta1,6/11/2025 11:22:54,SSTDR,24,4,RG-58/U 50 ohm coax,0.66,None,Standard,0,0,24 MHz,105.762,24 MHz,13.15,-1,3000,44.431,3000,3.38103,Waveform,52.25,5811.16253216706
W50A000F,touch_1.7.0Beta1,6/11/2025 11:22:54,SSTDR,24,4,RG-58/U 50 ohm coax,0.66,None,Standard,0,0,24 MHz,105.762,24 MHz,13.15,-1,3000,44.431,3000,3.38103,Waveform,52.5,7296.92123813671
W50A000F,touch_1.7.0Beta1,6/11/2025 11:22:54,SSTDR,24,4,RG-58/U 50 ohm coax,0.66,None,Standard,0,0,24 MHz,105.762,24 MHz,13.15,-1,3000,44.431,3000,3.38103,Waveform,52.75,8360.53295647981
W50A000F,touch_1.7.0Beta1,6/11/2025 11:22:54,SSTDR,24,4,RG-58/U 50 ohm coax,0.66,None,Standard,0,0,24 MHz,105.762,24 MHz,13.15,-1,3000,44.431,3000,3.38103,Waveform,53,8799
W50A000F,touch_1.7.0Beta1,6/11/2025 11:22:54,SSTDR,24,4,RG-58/U 50 ohm coax,0.66,None,Standard,0,0,24 MHz,105.762,24 MHz,13.15,-1,3000,44.431,3000,3.38103,Waveform,53.25,8460.43101193275
W50A000F,touch_1.7.0Beta1,6/11/2025 11:22:54,SSTDR,24,4,RG-58/U 50 ohm coax,0.66,None,Standard,0,0,24 MHz,105.762,24 MHz,13.15,-1,3000,44.431,3000,3.38103,Waveform,53.5,7283.45257122059
W50A000F,touch_1.7.0Beta1,6/11/2025 11:22:54,SSTDR,24,4,RG-58/U 50 ohm coax,0.66,None,Standard,0,0,24 MHz,105.762,24 MHz,13.15,-1,3000,44.431,3000,3.38103,Waveform,53.75,5328.18378256649
W50A000F,touch_1.7.0Beta1,6/11/2025 11:22:54,SSTDR,24,4,RG-58/U 50 ohm coax,0.66,None,Standard,0,0,24 MHz,105.762,24 MHz,13.15,-1,3000,44.431,3000,3.38103,Waveform,54,2788
W50A000F,touch_1.7.0Beta1,6/11/2025 11:22:54,SSTDR,24,4,RG-58/U 50 ohm coax,0.66,None,Standard,0,0,24 MHz,105.762,24 MHz,13.15,-1,3000,44.431,3000,3.38103,Waveform,54.25,-26.4120052886308
W50A000F,touch_1.7.0Beta1,6/11/2025 11:22:54,SSTDR,24,4,RG-58/U 50 ohm coax,0.66,None,Standard,0,0,24 MHz,105.762,24 MHz,13.15,-1,3000,44.431,3000,3.38103,Waveform,54.5,-2732.94379513424
W50A000F,touch_1.7.0Beta1,6/11/2025 11:22:54,SSTDR,24,4,RG-58/U 50 ohm coax,0.66,None,Standard,0,0,24 MHz,105.762,24 MHz,13.15,-1,3000,44.431,3000,3.38103,Waveform,54.75,-4947.24816732149
W50A000F,touch_1.7.0Beta1,6/11/2025 11:22:54,SSTDR,24,4,RG-58/U 50 ohm coax,0.66,None,Standard,0,0,24 MHz,105.762,24 MHz,13.15,-1,3000,44.431,3000,3.38103,Waveform,55,-6360
W50A000F,touch_1.7.0Beta1,6/11/2025 11:22:54,SSTDR,24,4,RG-58/U 50 ohm coax,0.66,None,Standard,0,0,24 MHz,105.762,24 MHz,13.15,-1,3000,44.431,3000,3.38103,Waveform,55.25,-6802.25857055503
W50A000F,touch_1.7.0Beta1,6/11/2025 11:22:54,SSTDR,24,4,RG-58/U 50 ohm coax,0.66,None,Standard,0,0,24 MHz,105.762,24 MHz,13.15,-1,3000,44.431,3000,3.38103,Waveform,55.5,-6280.46759330389
W50A000F,touch_1.7.0Beta1,6/11/2025 11:22:54,SSTDR,24,4,RG-58/U 50 ohm coax,0.66,None,Standard,0,0,24 MHz,105.762,24 MHz,13.15,-1,3000,44.431,3000,3.38103,Waveform,55.75,-4970.60586900188
W50A000F,touch_1.7.0Beta1,6/11/2025 11:22:54,SSTDR,24,4,RG-58/U 50 ohm coax,0.66,None,Standard,0,0,24 MHz,105.762,24 MHz,13.15,-1,3000,44.431,3000,3.38103,Waveform,56,-3173
W50A000F,touch_1.7.0Beta1,6/11/2025 11:22:54,SSTDR,24,4,RG-58/U 50 ohm coax,0.66,None,Standard,0,0,24 MHz,105.762,24 MHz,13.15,-1,3000,44.431,3000,3.38103,Waveform,56.25,-1241.09476641451
W50A000F,touch_1.7.0Beta1,6/11/2025 11:22:54,SSTDR,24,4,RG-58/U 50 ohm coax,0.66,None,Standard,0,0,24 MHz,105.762,24 MHz,13.15,-1,3000,44.431,3000,3.38103,Waveform,56.5,495.271075039352
W50A000F,touch_1.7.0Beta1,6/11/2025 11:22:54,SSTDR,24,4,RG-58/U 50 ohm coax,0.66,None,Standard,0,0,24 MHz,105.762,24 MHz,13.15,-1,3000,44.431,3000,3.38103,Waveform,56.75,1791.38828762505
W50A000F,touch_1.7.0Beta1,6/11/2025 11:22:54,SSTDR,24,4,RG-58/U 50 ohm coax,0.66,None,Standard,0,0,24 MHz,105.762,24 MHz,13.15,-1,3000,44.431,3000,3.38103,Waveform,57,2520
W50A000F,touch_1.7.0Beta1,6/11/2025 11:22:54,SSTDR,24,4,RG-58/U 50 ohm coax,0.66,None,Standard,0,0,24 MHz,105.762,24 MHz,13.15,-1,3000,44.431,3000,3.38103,Waveform,57.25,2671.02963086569
W50A000F,touch_1.7.0Beta1,6/11/2025 11:22:54,SSTDR,24,4,RG-58/U 50 ohm coax,0.66,None,Standard,0,0,24 MHz,105.762,24 MHz,13.15,-1,3000,44.431,3000,3.38103,Waveform,57.5,2325.57189555789
W50A000F,touch_1.7.0Beta1,6/11/2025 11:22:54,SSTDR,24,4,RG-58/U 50 ohm coax,0.66,None,Standard,0,0,24 MHz,105.762,24 MHz,13.15,-1,3000,44.431,3000,3.38103,Waveform,57.75,1617.18603796572
W50A000F,touch_1.7.0Beta1,6/11/2025 11:22:54,SSTDR,24,4,RG-58/U 50 ohm coax,0.66,None,Standard,0,0,24 MHz,105.762,24 MHz,13.15,-1,3000,44.431,3000,3.38103,Waveform,58,694
W50A000F,touch_1.7.0Beta1,6/11/2025 11:22:54,SSTDR,24,4,RG-58/U 50 ohm coax,0.66,None,Standard,0,0,24 MHz,105.762,24 MHz,13.15,-1,3000,44.431,3000,3.38103,Waveform,58.25,-309.179448607136
W50A000F,touch_1.7.0Beta1,6/11/2025 11:22:54,SSTDR,24,4,RG-58/U 50 ohm coax,0.66,None,Standard,0,0,24 MHz,105.762,24 MHz,13.15,-1,3000,44.431,3000,3.38103,Waveform,58.5,-1285.87276589508
W50A000F,touch_1.7.0Beta1,6/11/2025 11:22:54,SSTDR,24,4,RG-58/U 50 ohm coax,0.66,None,Standard,0,0,24 MHz,105.762,24 MHz,13.15,-1,3000,44.431,3000,3.38103,Waveform,58.75,-2162.36562923089
W50A000F,touch_1.7.0Beta1,6/11/2025 11:22:54,SSTDR,24,4,RG-58/U 50 ohm coax,0.66,None,Standard,0,0,24 MHz,105.762,24 MHz,13.15,-1,3000,44.431,3000,3.38103,Waveform,59,-2896
W50A000F,touch_1.7.0Beta1,6/11/2025 11:22:54,SSTDR,24,4,RG-58/U 50 ohm coax,0.66,None,Standard,0,0,24 MHz,105.762,24 MHz,13.15,-1,3000,44.431,3000,3.38103,Waveform,59.25,-3470.7320674071
W50A000F,touch_1.7.0Beta1,6/11/2025 11:22:54,SSTDR,24,4,RG-58/U 50 ohm coax,0.66,None,Standard,0,0,24 MHz,105.762,24 MHz,13.15,-1,3000,44.431,3000,3.38103,Waveform,59.5,-3890.88554424966
W50A000F,touch_1.7.0Beta1,6/11/2025 11:22:54,SSTDR,24,4,RG-58/U 50 ohm coax,0.66,None,Standard,0,0,24 MHz,105.762,24 MHz,13.15,-1,3000,44.431,3000,3.38103,Waveform,59.75,-4172.2473898919
W50A000F,touch_1.7.0Beta1,6/11/2025 11:22:54,SSTDR,24,4,RG-58/U 50 ohm coax,0.66,None,Standard,0,0,24 MHz,105.762,24 MHz,13.15,-1,3000,44.431,3000,3.38103,Waveform,60,-4330
W50A000F,touch_1.7.0Beta1,6/11/2025 11:22:54,SSTDR,24,4,RG-58/U 50 ohm coax,0.66,None,Standard,0,0,24 MHz,105.762,24 MHz,13.15,-1,3000,44.431,3000,3.38103,Waveform,60.25,-4365.33054374233
W50A000F,touch_1.7.0Beta1,6/11/2025 11:22:54,SSTDR,24,4,RG-58/U 50 ohm coax,0.66,None,Standard,0,0,24 MHz,105.762,24 MHz,13.15,-1,3000,44.431,3000,3.38103,Waveform,60.5,-4255.3370093998
W50A000F,touch_1.7.0Beta1,6/11/2025 11:22:54,SSTDR,24,4,RG-58/U 50 ohm coax,0.66,None,Standard,0,0,24 MHz,105.762,24 MHz,13.15,-1,3000,44.431,3000,3.38103,Waveform,60.75,-3951.98520878383
W50A000F,touch_1.7.0Beta1,6/11/2025 11:22:54,SSTDR,24,4,RG-58/U 50 ohm coax,0.66,None,Standard,0,0,24 MHz,105.762,24 MHz,13.15,-1,3000,44.431,3000,3.38103,Waveform,61,-3394
W50A000F,touch_1.7.0Beta1,6/11/2025 11:22:54,SSTDR,24,4,RG-58/U 50 ohm coax,0.66,None,Standard,0,0,24 MHz,105.762,24 MHz,13.15,-1,3000,44.431,3000,3.38103,Waveform,61.25,-2530.90660148198
W50A000F,touch_1.7.0Beta1,6/11/2025 11:22:54,SSTDR,24,4,RG-58/U 50 ohm coax,0.66,None,Standard,0,0,24 MHz,105.762,24 MHz,13.15,-1,3000,44.431,3000,3.38103,Waveform,61.5,-1352.78560266943
W50A000F,touch_1.7.0Beta1,6/11/2025 11:22:54,SSTDR,24,4,RG-58/U 50 ohm coax,0.66,None,Standard,0,0,24 MHz,105.762,24 MHz,13.15,-1,3000,44.431,3000,3.38103,Waveform,61.75,84.7330076811995
W50A000F,touch_1.7.0Beta1,6/11/2025 11:22:54,SSTDR,24,4,RG-58/U 50 ohm coax,0.66,None,Standard,0,0,24 MHz,105.762,24 MHz,13.15,-1,3000,44.431,3000,3.38103,Waveform,62,1651
W50A000F,touch_1.7.0Beta1,6/11/2025 11:22:54,SSTDR,24,4,RG-58/U 50 ohm coax,0.66,None,Standard,0,0,24 MHz,105.762,24 MHz,13.15,-1,3000,44.431,3000,3.38103,Waveform,62.25,3153.09328369107
W50A000F,touch_1.7.0Beta1,6/11/2025 11:22:54,SSTDR,24,4,RG-58/U 50 ohm coax,0.66,None,Standard,0,0,24 MHz,105.762,24 MHz,13.15,-1,3000,44.431,3000,3.38103,Waveform,62.5,4370.31439811046
W50A000F,touch_1.7.0Beta1,6/11/2025 11:22:54,SSTDR,24,4,RG-58/U 50 ohm coax,0.66,None,Standard,0,0,24 MHz,105.762,24 MHz,13.15,-1,3000,44.431,3000,3.38103,Waveform,62.75,5102.36759143068
W50A000F,touch_1.7.0Beta1,6/11/2025 11:22:54,SSTDR,24,4,RG-58/U 50 ohm coax,0.66,None,Standard,0,0,24 MHz,105.762,24 MHz,13.15,-1,3000,44.431,3000,3.38103,Waveform,63,5218
W50A000F,touch_1.7.0Beta1,6/11/2025 11:22:54,SSTDR,24,4,RG-58/U 50 ohm coax,0.66,None,Standard,0,0,24 MHz,105.762,24 MHz,13.15,-1,3000,44.431,3000,3.38103,Waveform,63.25,4690.10713709531
W50A000F,touch_1.7.0Beta1,6/11/2025 11:22:54,SSTDR,24,4,RG-58/U 50 ohm coax,0.66,None,Standard,0,0,24 MHz,105.762,24 MHz,13.15,-1,3000,44.431,3000,3.38103,Waveform,63.5,3607.13836385269
W50A000F,touch_1.7.0Beta1,6/11/2025 11:22:54,SSTDR,24,4,RG-58/U 50 ohm coax,0.66,None,Standard,0,0,24 MHz,105.762,24 MHz,13.15,-1,3000,44.431,3000,3.38103,Waveform,63.75,2157.59394484824
W50A000F,touch_1.7.0Beta1,6/11/2025 11:22:54,SSTDR,24,4,RG-58/U 50 ohm coax,0.66,None,Standard,0,0,24 MHz,105.762,24 MHz,13.15,-1,3000,44.431,3000,3.38103,Waveform,64,591.999999999999
W50A000F,touch_1.7.0Beta1,6/11/2025 11:22:54,SSTDR,24,4,RG-58/U 50 ohm coax,0.66,None,Standard,0,0,24 MHz,105.762,24 MHz,13.15,-1,3000,44.431,3000,3.38103,Waveform,64.25,-827.494847326506
W50A000F,touch_1.7.0Beta1,6/11/2025 11:22:54,SSTDR,24,4,RG-58/U 50 ohm coax,0.66,None,Standard,0,0,24 MHz,105.762,24 MHz,13.15,-1,3000,44.431,3000,3.38103,Waveform,64.5,-1877.40362425836
W50A000F,touch_1.7.0Beta1,6/11/2025 11:22:54,SSTDR,24,4,RG-58/U 50 ohm coax,0.66,None,Standard,0,0,24 MHz,105.762,24 MHz,13.15,-1,3000,44.431,3000,3.38103,Waveform,64.75,-2411.85616224732
W50A000F,touch_1.7.0Beta1,6/11/2025 11:22:54,SSTDR,24,4,RG-58/U 50 ohm coax,0.66,None,Standard,0,0,24 MHz,105.762,24 MHz,13.15,-1,3000,44.431,3000,3.38103,Waveform,65,-2383
W50A000F,touch_1.7.0Beta1,6/11/2025 11:22:54,SSTDR,24,4,RG-58/U 50 ohm coax,0.66,None,Standard,0,0,24 MHz,105.762,24 MHz,13.15,-1,3000,44.431,3000,3.38103,Waveform,65.25,-1840.72978444182
W50A000F,touch_1.7.0Beta1,6/11/2025 11:22:54,SSTDR,24,4,RG-58/U 50 ohm coax,0.66,None,Standard,0,0,24 MHz,105.762,24 MHz,13.15,-1,3000,44.431,3000,3.38103,Waveform,65.5,-914.316227090963
W50A000F,touch_1.7.0Beta1,6/11/2025 11:22:54,SSTDR,24,4,RG-58/U 50 ohm coax,0.66,None,Standard,0,0,24 MHz,105.762,24 MHz,13.15,-1,3000,44.431,3000,3.38103,Waveform,65.75,218.256102911357
W50A000F,touch_1.7.0Beta1,6/11/2025 11:22:54,SSTDR,24,4,RG-58/U 50 ohm coax,0.66,None,Standard,0,0,24 MHz,105.762,24 MHz,13.15,-1,3000,44.431,3000,3.38103,Waveform,66,1366
W50A000F,touch_1.7.0Beta1,6/11/2025 11:22:54,SSTDR,24,4,RG-58/U 50 ohm coax,0.66,None,Standard,0,0,24 MHz,105.762,24 MHz,13.15,-1,3000,44.431,3000,3.38103,Waveform,66.25,2358.62567500778
W50A000F,touch_1.7.0Beta1,6/11/2025 11:22:54,SSTDR,24,4,RG-58/U 50 ohm coax,0.66,None,Standard,0,0,24 MHz,105.762,24 MHz,13.15,-1,3000,44.431,3000,3.38103,Waveform,66.5,3072.50444608508
W50A000F,touch_1.7.0Beta1,6/11/2025 11:22:54,SSTDR,24,4,RG-58/U 50 ohm coax,0.66,None,Standard,0,0,24 MHz,105.762,24 MHz,13.15,-1,3000,44.431,3000,3.38103,Waveform,66.75,3445.17797577024
W50A000F,touch_1.7.0Beta1,6/11/2025 11:22:54,SSTDR,24,4,RG-58/U 50 ohm coax,0.66,None,Standard,0,0,24 MHz,105.762,24 MHz,13.15,-1,3000,44.431,3000,3.38103,Waveform,67,3477
W50A000F,touch_1.7.0Beta1,6/11/2025 11:22:54,SSTDR,24,4,RG-58/U 50 ohm coax,0.66,None,Standard,0,0,24 MHz,105.762,24 MHz,13.15,-1,3000,44.431,3000,3.38103,Waveform,67.25,3220.8250224667
W50A000F,touch_1.7.0Beta1,6/11/2025 11:22:54,SSTDR,24,4,RG-58/U 50 ohm coax,0.66,None,Standard,0,0,24 MHz,105.762,24 MHz,13.15,-1,3000,44.431,3000,3.38103,Waveform,67.5,2762.75616629809
W50A000F,touch_1.7.0Beta1,6/11/2025 11:22:54,SSTDR,24,4,RG-58/U 50 ohm coax,0.66,None,Standard,0,0,24 MHz,105.762,24 MHz,13.15,-1,3000,44.431,3000,3.38103,Waveform,67.75,2198.5456494226
W50A000F,touch_1.7.0Beta1,6/11/2025 11:22:54,SSTDR,24,4,RG-58/U 50 ohm coax,0.66,None,Standard,0,0,24 MHz,105.762,24 MHz,13.15,-1,3000,44.431,3000,3.38103,Waveform,68,1611
W50A000F,touch_1.7.0Beta1,6/11/2025 11:22:54,SSTDR,24,4,RG-58/U 50 ohm coax,0.66,None,Standard,0,0,24 MHz,105.762,24 MHz,13.15,-1,3000,44.431,3000,3.38103,Waveform,68.25,1053.43946494902
W50A000F,touch_1.7.0Beta1,6/11/2025 11:22:54,SSTDR,24,4,RG-58/U 50 ohm coax,0.66,None,Standard,0,0,24 MHz,105.762,24 MHz,13.15,-1,3000,44.431,3000,3.38103,Waveform,68.5,542.840746072539
W50A000F,touch_1.7.0Beta1,6/11/2025 11:22:54,SSTDR,24,4,RG-58/U 50 ohm coax,0.66,None,Standard,0,0,24 MHz,105.762,24 MHz,13.15,-1,3000,44.431,3000,3.38103,Waveform,68.75,63.9631561571296
W50A000F,touch_1.7.0Beta1,6/11/2025 11:22:54,SSTDR,24,4,RG-58/U 50 ohm coax,0.66,None,Standard,0,0,24 MHz,105.762,24 MHz,13.15,-1,3000,44.431,3000,3.38103,Waveform,69,-417
W50A000F,touch_1.7.0Beta1,6/11/2025 11:22:54,SSTDR,24,4,RG-58/U 50 ohm coax,0.66,None,Standard,0,0,24 MHz,105.762,24 MHz,13.15,-1,3000,44.431,3000,3.38103,Waveform,69.25,-933.227932482891
W50A000F,touch_1.7.0Beta1,6/11/2025 11:22:54,SSTDR,24,4,RG-58/U 50 ohm coax,0.66,None,Standard,0,0,24 MHz,105.762,24 MHz,13.15,-1,3000,44.431,3000,3.38103,Waveform,69.5,-1498.1282809638
W50A000F,touch_1.7.0Beta1,6/11/2025 11:22:54,SSTDR,24,4,RG-58/U 50 ohm coax,0.66,None,Standard,0,0,24 MHz,105.762,24 MHz,13.15,-1,3000,44.431,3000,3.38103,Waveform,69.75,-2092.01765352788
W50A000F,touch_1.7.0Beta1,6/11/2025 11:22:54,SSTDR,24,4,RG-58/U 50 ohm coax,0.66,None,Standard,0,0,24 MHz,105.762,24 MHz,13.15,-1,3000,44.431,3000,3.38103,Waveform,70,-2659
W50A000F,touch_1.7.0Beta1,6/11/2025 11:22:54,SSTDR,24,4,RG-58/U 50 ohm coax,0.66,None,Standard,0,0,24 MHz,105.762,24 MHz,13.15,-1,3000,44.431,3000,3.38103,Waveform,70.25,-3115.70647615248
W50A000F,touch_1.7.0Beta1,6/11/2025 11:22:54,SSTDR,24,4,RG-58/U 50 ohm coax,0.66,None,Standard,0,0,24 MHz,105.762,24 MHz,13.15,-1,3000,44.431,3000,3.38103,Waveform,70.5,-3370.22929536728
W50A000F,touch_1.7.0Beta1,6/11/2025 11:22:54,SSTDR,24,4,RG-58/U 50 ohm coax,0.66,None,Standard,0,0,24 MHz,105.762,24 MHz,13.15,-1,3000,44.431,3000,3.38103,Waveform,70.75,-3346.55686907195
W50A000F,touch_1.7.0Beta1,6/11/2025 11:22:54,SSTDR,24,4,RG-58/U 50 ohm coax,0.66,None,Standard,0,0,24 MHz,105.762,24 MHz,13.15,-1,3000,44.431,3000,3.38103,Waveform,71,-3008
W50A000F,touch_1.7.0Beta1,6/11/2025 11:22:54,SSTDR,24,4,RG-58/U 50 ohm coax,0.66,None,Standard,0,0,24 MHz,105.762,24 MHz,13.15,-1,3000,44.431,3000,3.38103,Waveform,71.25,-2373.07433031588
W50A000F,touch_1.7.0Beta1,6/11/2025 11:22:54,SSTDR,24,4,RG-58/U 50 ohm coax,0.66,None,Standard,0,0,24 MHz,105.762,24 MHz,13.15,-1,3000,44.431,3000,3.38103,Waveform,71.5,-1519.13056467482
W50A000F,touch_1.7.0Beta1,6/11/2025 11:22:54,SSTDR,24,4,RG-58/U 50 ohm coax,0.66,None,Standard,0,0,24 MHz,105.762,24 MHz,13.15,-1,3000,44.431,3000,3.38103,Waveform,71.75,-572.188006821337
W50A000F,touch_1.7.0Beta1,6/11/2025 11:22:54,SSTDR,24,4,RG-58/U 50 ohm coax,0.66,None,Standard,0,0,24 MHz,105.762,24 MHz,13.15,-1,3000,44.431,3000,3.38103,Waveform,72,315
W50A000F,touch_1.7.0Beta1,6/11/2025 11:22:54,SSTDR,24,4,RG-58/U 50 ohm coax,0.66,None,Standard,0,0,24 MHz,105.762,24 MHz,13.15,-1,3000,44.431,3000,3.38103,Waveform,72.25,991.674244440209
W50A000F,touch_1.7.0Beta1,6/11/2025 11:22:54,SSTDR,24,4,RG-58/U 50 ohm coax,0.66,None,Standard,0,0,24 MHz,105.762,24 MHz,13.15,-1,3000,44.431,3000,3.38103,Waveform,72.5,1338.09554944223
W50A000F,touch_1.7.0Beta1,6/11/2025 11:22:54,SSTDR,24,4,RG-58/U 50 ohm coax,0.66,None,Standard,0,0,24 MHz,105.762,24 MHz,13.15,-1,3000,44.431,3000,3.38103,Waveform,72.75,1288.58450695251
W50A000F,touch_1.7.0Beta1,6/11/2025 11:22:54,SSTDR,24,4,RG-58/U 50 ohm coax,0.66,None,Standard,0,0,24 MHz,105.762,24 MHz,13.15,-1,3000,44.431,3000,3.38103,Waveform,73,843.999999999999
W50A000F,touch_1.7.0Beta1,6/11/2025 11:22:54,SSTDR,24,4,RG-58/U 50 ohm coax,0.66,None,Standard,0,0,24 MHz,105.762,24 MHz,13.15,-1,3000,44.431,3000,3.38103,Waveform,73.25,71.652534926667
W50A000F,touch_1.7.0Beta1,6/11/2025 11:22:54,SSTDR,24,4,RG-58/U 50 ohm coax,0.66,None,Standard,0,0,24 MHz,105.762,24 MHz,13.15,-1,3000,44.431,3000,3.38103,Waveform,73.5,-906.677987428545
W50A000F,touch_1.7.0Beta1,6/11/2025 11:22:54,SSTDR,24,4,RG-58/U 50 ohm coax,0.66,None,Standard,0,0,24 MHz,105.762,24 MHz,13.15,-1,3000,44.431,3000,3.38103,Waveform,73.75,-1935.78872967152
W50A000F,touch_1.7.0Beta1,6/11/2025 11:22:54,SSTDR,24,4,RG-58/U 50 ohm coax,0.66,None,Standard,0,0,24 MHz,105.762,24 MHz,13.15,-1,3000,44.431,3000,3.38103,Waveform,74,-2853
W50A000F,touch_1.7.0Beta1,6/11/2025 11:22:54,SSTDR,24,4,RG-58/U 50 ohm coax,0.66,None,Standard,0,0,24 MHz,105.762,24 MHz,13.15,-1,3000,44.431,3000,3.38103,Waveform,74.25,-3514.35954782807
W50A000F,touch_1.7.0Beta1,6/11/2025 11:22:54,SSTDR,24,4,RG-58/U 50 ohm coax,0.66,None,Standard,0,0,24 MHz,105.762,24 MHz,13.15,-1,3000,44.431,3000,3.38103,Waveform,74.5,-3816.71131745972
W50A000F,touch_1.7.0Beta1,6/11/2025 11:22:54,SSTDR,24,4,RG-58/U 50 ohm coax,0.66,None,Standard,0,0,24 MHz,105.762,24 MHz,13.15,-1,3000,44.431,3000,3.38103,Waveform,74.75,-3712.06224482612
W50A000F,touch_1.7.0Beta1,6/11/2025 11:22:54,SSTDR,24,4,RG-58/U 50 ohm coax,0.66,None,Standard,0,0,24 MHz,105.762,24 MHz,13.15,-1,3000,44.431,3000,3.38103,Waveform,75,-3212
W50A000F,touch_1.7.0Beta1,6/11/2025 11:22:54,SSTDR,24,4,RG-58/U 50 ohm coax,0.66,None,Standard,0,0,24 MHz,105.762,24 MHz,13.15,-1,3000,44.431,3000,3.38103,Waveform,75.25,-2381.65209419318
W50A000F,touch_1.7.0Beta1,6/11/2025 11:22:54,SSTDR,24,4,RG-58/U 50 ohm coax,0.66,None,Standard,0,0,24 MHz,105.762,24 MHz,13.15,-1,3000,44.431,3000,3.38103,Waveform,75.5,-1324.66149124659
W50A000F,touch_1.7.0Beta1,6/11/2025 11:22:54,SSTDR,24,4,RG-58/U 50 ohm coax,0.66,None,Standard,0,0,24 MHz,105.762,24 MHz,13.15,-1,3000,44.431,3000,3.38103,Waveform,75.75,-162.5349672742
W50A000F,touch_1.7.0Beta1,6/11/2025 11:22:54,SSTDR,24,4,RG-58/U 50 ohm coax,0.66,None,Standard,0,0,24 MHz,105.762,24 MHz,13.15,-1,3000,44.431,3000,3.38103,Waveform,76,986.999999999999
W50A000F,touch_1.7.0Beta1,6/11/2025 11:22:54,SSTDR,24,4,RG-58/U 50 ohm coax,0.66,None,Standard,0,0,24 MHz,105.762,24 MHz,13.15,-1,3000,44.431,3000,3.38103,Waveform,76.25,2027.79398147315
W50A000F,touch_1.7.0Beta1,6/11/2025 11:22:54,SSTDR,24,4,RG-58/U 50 ohm coax,0.66,None,Standard,0,0,24 MHz,105.762,24 MHz,13.15,-1,3000,44.431,3000,3.38103,Waveform,76.5,2895.49827896512
W50A000F,touch_1.7.0Beta1,6/11/2025 11:22:54,SSTDR,24,4,RG-58/U 50 ohm coax,0.66,None,Standard,0,0,24 MHz,105.762,24 MHz,13.15,-1,3000,44.431,3000,3.38103,Waveform,76.75,3558.68432631559
W50A000F,touch_1.7.0Beta1,6/11/2025 11:22:54,SSTDR,24,4,RG-58/U 50 ohm coax,0.66,None,Standard,0,0,24 MHz,105.762,24 MHz,13.15,-1,3000,44.431,3000,3.38103,Waveform,77,4012
W50A000F,touch_1.7.0Beta1,6/11/2025 11:22:54,SSTDR,24,4,RG-58/U 50 ohm coax,0.66,None,Standard,0,0,24 MHz,105.762,24 MHz,13.15,-1,3000,44.431,3000,3.38103,Waveform,77.25,4264.76119855391
W50A000F,touch_1.7.0Beta1,6/11/2025 11:22:54,SSTDR,24,4,RG-58/U 50 ohm coax,0.66,None,Standard,0,0,24 MHz,105.762,24 MHz,13.15,-1,3000,44.431,3000,3.38103,Waveform,77.5,4329.45147413243
W50A000F,touch_1.7.0Beta1,6/11/2025 11:22:54,SSTDR,24,4,RG-58/U 50 ohm coax,0.66,None,Standard,0,0,24 MHz,105.762,24 MHz,13.15,-1,3000,44.431,3000,3.38103,Waveform,77.75,4214.13559615429
W50A000F,touch_1.7.0Beta1,6/11/2025 11:22:54,SSTDR,24,4,RG-58/U 50 ohm coax,0.66,None,Standard,0,0,24 MHz,105.762,24 MHz,13.15,-1,3000,44.431,3000,3.38103,Waveform,78,3921
W50A000F,touch_1.7.0Beta1,6/11/2025 11:22:54,SSTDR,24,4,RG-58/U 50 ohm coax,0.66,None,Standard,0,0,24 MHz,105.762,24 MHz,13.15,-1,3000,44.431,3000,3.38103,Waveform,78.25,3450.81723243437
W50A000F,touch_1.7.0Beta1,6/11/2025 11:22:54,SSTDR,24,4,RG-58/U 50 ohm coax,0.66,None,Standard,0,0,24 MHz,105.762,24 MHz,13.15,-1,3000,44.431,3000,3.38103,Waveform,78.5,2810.99311331694
W50A000F,touch_1.7.0Beta1,6/11/2025 11:22:54,SSTDR,24,4,RG-58/U 50 ohm coax,0.66,None,Standard,0,0,24 MHz,105.762,24 MHz,13.15,-1,3000,44.431,3000,3.38103,Waveform,78.75,2023.72801671656
W50A000F,touch_1.7.0Beta1,6/11/2025 11:22:54,SSTDR,24,4,RG-58/U 50 ohm coax,0.66,None,Standard,0,0,24 MHz,105.762,24 MHz,13.15,-1,3000,44.431,3000,3.38103,Waveform,79,1131
W50A000F,touch_1.7.0Beta1,6/11/2025 11:22:54,SSTDR,24,4,RG-58/U 50 ohm coax,0.66,None,Standard,0,0,24 MHz,105.762,24 MHz,13.15,-1,3000,44.431,3000,3.38103,Waveform,79.25,194.339038158979
W50A000F,touch_1.7.0Beta1,6/11/2025 11:22:54,SSTDR,24,4,RG-58/U 50 ohm coax,0.66,None,Standard,0,0,24 MHz,105.762,24 MHz,13.15,-1,3000,44.431,3000,3.38103,Waveform,79.5,-710.872894664391
W50A000F,touch_1.7.0Beta1,6/11/2025 11:22:54,SSTDR,24,4,RG-58/U 50 ohm coax,0.66,None,Standard,0,0,24 MHz,105.762,24 MHz,13.15,-1,3000,44.431,3000,3.38103,Waveform,79.75,-1505.23665237779
W50A000F,touch_1.7.0Beta1,6/11/2025 11:22:54,SSTDR,24,4,RG-58/U 50 ohm coax,0.66,None,Standard,0,0,24 MHz,105.762,24 MHz,13.15,-1,3000,44.431,3000,3.38103,Waveform,80,-2117
W50A000F,touch_1.7.0Beta1,6/11/2025 11:22:54,SSTDR,24,4,RG-58/U 50 ohm coax,0.66,None,Standard,0,0,24 MHz,105.762,24 MHz,13.15,-1,3000,44.431,3000,3.38103,Waveform,80.25,-2493.06112745892
W50A000F,touch_1.7.0Beta1,6/11/2025 11:22:54,SSTDR,24,4,RG-58/U 50 ohm coax,0.66,None,Standard,0,0,24 MHz,105.762,24 MHz,13.15,-1,3000,44.431,3000,3.38103,Waveform,80.5,-2607.25645246283
W50A000F,touch_1.7.0Beta1,6/11/2025 11:22:54,SSTDR,24,4,RG-58/U 50 ohm coax,0.66,None,Standard,0,0,24 MHz,105.762,24 MHz,13.15,-1,3000,44.431,3000,3.38103,Waveform,80.75,-2464.61357295268
W50A000F,touch_1.7.0Beta1,6/11/2025 11:22:54,SSTDR,24,4,RG-58/U 50 ohm coax,0.66,None,Standard,0,0,24 MHz,105.762,24 MHz,13.15,-1,3000,44.431,3000,3.38103,Waveform,81,-2101
W50A000F,touch_1.7.0Beta1,6/11/2025 11:22:54,SSTDR,24,4,RG-58/U 50 ohm coax,0.66,None,Standard,0,0,24 MHz,105.762,24 MHz,13.15,-1,3000,44.431,3000,3.38103,Waveform,81.25,-1578.22331524638
W50A000F,touch_1.7.0Beta1,6/11/2025 11:22:54,SSTDR,24,4,RG-58/U 50 ohm coax,0.66,None,Standard,0,0,24 MHz,105.762,24 MHz,13.15,-1,3000,44.431,3000,3.38103,Waveform,81.5,-975.15635864434
W50A000F,touch_1.7.0Beta1,6/11/2025 11:22:54,SSTDR,24,4,RG-58/U 50 ohm coax,0.66,None,Standard,0,0,24 MHz,105.762,24 MHz,13.15,-1,3000,44.431,3000,3.38103,Waveform,81.75,-375.96000169026
W50A000F,touch_1.7.0Beta1,6/11/2025 11:22:54,SSTDR,24,4,RG-58/U 50 ohm coax,0.66,None,Standard,0,0,24 MHz,105.762,24 MHz,13.15,-1,3000,44.431,3000,3.38103,Waveform,82,143
W50A000F,touch_1.7.0Beta1,6/11/2025 11:22:54,SSTDR,24,4,RG-58/U 50 ohm coax,0.66,None,Standard,0,0,24 MHz,105.762,24 MHz,13.15,-1,3000,44.431,3000,3.38103,Waveform,82.25,525.469308869326
W50A000F,touch_1.7.0Beta1,6/11/2025 11:22:54,SSTDR,24,4,RG-58/U 50 ohm coax,0.66,None,Standard,0,0,24 MHz,105.762,24 MHz,13.15,-1,3000,44.431,3000,3.38103,Waveform,82.5,744.534486743218
W50A000F,touch_1.7.0Beta1,6/11/2025 11:22:54,SSTDR,24,4,RG-58/U 50 ohm coax,0.66,None,Standard,0,0,24 MHz,105.762,24 MHz,13.15,-1,3000,44.431,3000,3.38103,Waveform,82.75,806.636964659035
W50A000F,touch_1.7.0Beta1,6/11/2025 11:22:54,SSTDR,24,4,RG-58/U 50 ohm coax,0.66,None,Standard,0,0,24 MHz,105.762,24 MHz,13.15,-1,3000,44.431,3000,3.38103,Waveform,83,749.000000000001
W50A000F,touch_1.7.0Beta1,6/11/2025 11:22:54,SSTDR,24,4,RG-58/U 50 ohm coax,0.66,None,Standard,0,0,24 MHz,105.762,24 MHz,13.15,-1,3000,44.431,3000,3.38103,Waveform,83.25,630.37900116878
W50A000F,touch_1.7.0Beta1,6/11/2025 11:22:54,SSTDR,24,4,RG-58/U 50 ohm coax,0.66,None,Standard,0,0,24 MHz,105.762,24 MHz,13.15,-1,3000,44.431,3000,3.38103,Waveform,83.5,516.616288605636
W50A000F,touch_1.7.0Beta1,6/11/2025 11:22:54,SSTDR,24,4,RG-58/U 50 ohm coax,0.66,None,Standard,0,0,24 MHz,105.762,24 MHz,13.15,-1,3000,44.431,3000,3.38103,Waveform,83.75,463.954400601193
W50A000F,touch_1.7.0Beta1,6/11/2025 11:22:54,SSTDR,24,4,RG-58/U 50 ohm coax,0.66,None,Standard,0,0,24 MHz,105.762,24 MHz,13.15,-1,3000,44.431,3000,3.38103,Waveform,84,503.999999999999
W50A000F,touch_1.7.0Beta1,6/11/2025 11:22:54,SSTDR,24,4,RG-58/U 50 ohm coax,0.66,None,Standard,0,0,24 MHz,105.762,24 MHz,13.15,-1,3000,44.431,3000,3.38103,Waveform,84.25,634.2718704543
W50A000F,touch_1.7.0Beta1,6/11/2025 11:22:54,SSTDR,24,4,RG-58/U 50 ohm coax,0.66,None,Standard,0,0,24 MHz,105.762,24 MHz,13.15,-1,3000,44.431,3000,3.38103,Waveform,84.5,817.248340756315
W50A000F,touch_1.7.0Beta1,6/11/2025 11:22:54,SSTDR,24,4,RG-58/U 50 ohm coax,0.66,None,Standard,0,0,24 MHz,105.762,24 MHz,13.15,-1,3000,44.431,3000,3.38103,Waveform,84.75,988.872471713011
W50A000F,touch_1.7.0Beta1,6/11/2025 11:22:54,SSTDR,24,4,RG-58/U 50 ohm coax,0.66,None,Standard,0,0,24 MHz,105.762,24 MHz,13.15,-1,3000,44.431,3000,3.38103,Waveform,85,1075
W50A000F,touch_1.7.0Beta1,6/11/2025 11:22:54,SSTDR,24,4,RG-58/U 50 ohm coax,0.66,None,Standard,0,0,24 MHz,105.762,24 MHz,13.15,-1,3000,44.431,3000,3.38103,Waveform,85.25,1011.93741155554
W50A000F,touch_1.7.0Beta1,6/11/2025 11:22:54,SSTDR,24,4,RG-58/U 50 ohm coax,0.66,None,Standard,0,0,24 MHz,105.762,24 MHz,13.15,-1,3000,44.431,3000,3.38103,Waveform,85.5,765.732433523447
W50A000F,touch_1.7.0Beta1,6/11/2025 11:22:54,SSTDR,24,4,RG-58/U 50 ohm coax,0.66,None,Standard,0,0,24 MHz,105.762,24 MHz,13.15,-1,3000,44.431,3000,3.38103,Waveform,85.75,344.802849886423
W50A000F,touch_1.7.0Beta1,6/11/2025 11:22:54,SSTDR,24,4,RG-58/U 50 ohm coax,0.66,None,Standard,0,0,24 MHz,105.762,24 MHz,13.15,-1,3000,44.431,3000,3.38103,Waveform,86,-198.000000000002
W50A000F,touch_1.7.0Beta1,6/11/2025 11:22:54,SSTDR,24,4,RG-58/U 50 ohm coax,0.66,None,Standard,0,0,24 MHz,105.762,24 MHz,13.15,-1,3000,44.431,3000,3.38103,Waveform,86.25,-775.020612596644
W50A000F,touch_1.7.0Beta1,6/11/2025 11:22:54,SSTDR,24,4,RG-58/U 50 ohm coax,0.66,None,Standard,0,0,24 MHz,105.762,24 MHz,13.15,-1,3000,44.431,3000,3.38103,Waveform,86.5,-1282.98258922975
W50A000F,touch_1.7.0Beta1,6/11/2025 11:22:54,SSTDR,24,4,RG-58/U 50 ohm coax,0.66,None,Standard,0,0,24 MHz,105.762,24 MHz,13.15,-1,3000,44.431,3000,3.38103,Waveform,86.75,-1626.83268636831
W50A000F,touch_1.7.0Beta1,6/11/2025 11:22:54,SSTDR,24,4,RG-58/U 50 ohm coax,0.66,None,Standard,0,0,24 MHz,105.762,24 MHz,13.15,-1,3000,44.431,3000,3.38103,Waveform,87,-1742
W50A000F,touch_1.7.0Beta1,6/11/2025 11:22:54,SSTDR,24,4,RG-58/U 50 ohm coax,0.66,None,Standard,0,0,24 MHz,105.762,24 MHz,13.15,-1,3000,44.431,3000,3.38103,Waveform,87.25,-1609.31842798139
W50A000F,touch_1.7.0Beta1,6/11/2025 11:22:54,SSTDR,24,4,RG-58/U 50 ohm coax,0.66,None,Standard,0,0,24 MHz,105.762,24 MHz,13.15,-1,3000,44.431,3000,3.38103,Waveform,87.5,-1259.02253113394
W50A000F,touch_1.7.0Beta1,6/11/2025 11:22:54,SSTDR,24,4,RG-58/U 50 ohm coax,0.66,None,Standard,0,0,24 MHz,105.762,24 MHz,13.15,-1,3000,44.431,3000,3.38103,Waveform,87.75,-763.315355747642
W50A000F,touch_1.7.0Beta1,6/11/2025 11:22:54,SSTDR,24,4,RG-58/U 50 ohm coax,0.66,None,Standard,0,0,24 MHz,105.762,24 MHz,13.15,-1,3000,44.431,3000,3.38103,Waveform,88,-220
W50A000F,touch_1.7.0Beta1,6/11/2025 11:22:54,SSTDR,24,4,RG-58/U 50 ohm coax,0.66,None,Standard,0,0,24 MHz,105.762,24 MHz,13.15,-1,3000,44.431,3000,3.38103,Waveform,88.25,268.345374927786
W50A000F,touch_1.7.0Beta1,6/11/2025 11:22:54,SSTDR,24,4,RG-58/U 50 ohm coax,0.66,None,Standard,0,0,24 MHz,105.762,24 MHz,13.15,-1,3000,44.431,3000,3.38103,Waveform,88.5,614.654668440449
W50A000F,touch_1.7.0Beta1,6/11/2025 11:22:54,SSTDR,24,4,RG-58/U 50 ohm coax,0.66,None,Standard,0,0,24 MHz,105.762,24 MHz,13.15,-1,3000,44.431,3000,3.38103,Waveform,88.75,762.985715972322
W50A000F,touch_1.7.0Beta1,6/11/2025 11:22:54,SSTDR,24,4,RG-58/U 50 ohm coax,0.66,None,Standard,0,0,24 MHz,105.762,24 MHz,13.15,-1,3000,44.431,3000,3.38103,Waveform,89,697
W50A000F,touch_1.7.0Beta1,6/11/2025 11:22:54,SSTDR,24,4,RG-58/U 50 ohm coax,0.66,None,Standard,0,0,24 MHz,105.762,24 MHz,13.15,-1,3000,44.431,3000,3.38103,Waveform,89.25,440.660769878662
W50A000F,touch_1.7.0Beta1,6/11/2025 11:22:54,SSTDR,24,4,RG-58/U 50 ohm coax,0.66,None,Standard,0,0,24 MHz,105.762,24 MHz,13.15,-1,3000,44.431,3000,3.38103,Waveform,89.5,51.9099720783501
W50A000F,touch_1.7.0Beta1,6/11/2025 11:22:54,SSTDR,24,4,RG-58/U 50 ohm coax,0.66,None,Standard,0,0,24 MHz,105.762,24 MHz,13.15,-1,3000,44.431,3000,3.38103,Waveform,89.75,-389.073132609343
W50A000F,touch_1.7.0Beta1,6/11/2025 11:22:54,SSTDR,24,4,RG-58/U 50 ohm coax,0.66,None,Standard,0,0,24 MHz,105.762,24 MHz,13.15,-1,3000,44.431,3000,3.38103,Waveform,90,-794.999999999999
W50A000F,touch_1.7.0Beta1,6/11/2025 11:22:54,SSTDR,24,4,RG-58/U 50 ohm coax,0.66,None,Standard,0,0,24 MHz,105.762,24 MHz,13.15,-1,3000,44.431,3000,3.38103,Waveform,90.25,-1087.67016858312
W50A000F,touch_1.7.0Beta1,6/11/2025 11:22:54,SSTDR,24,4,RG-58/U 50 ohm coax,0.66,None,Standard,0,0,24 MHz,105.762,24 MHz,13.15,-1,3000,44.431,3000,3.38103,Waveform,90.5,-1212.63786206189
W50A000F,touch_1.7.0Beta1,6/11/2025 11:22:54,SSTDR,24,4,RG-58/U 50 ohm coax,0.66,None,Standard,0,0,24 MHz,105.762,24 MHz,13.15,-1,3000,44.431,3000,3.38103,Waveform,90.75,-1149.5927537581
W50A000F,touch_1.7.0Beta1,6/11/2025 11:22:54,SSTDR,24,4,RG-58/U 50 ohm coax,0.66,None,Standard,0,0,24 MHz,105.762,24 MHz,13.15,-1,3000,44.431,3000,3.38103,Waveform,91,-916
W50A000F,touch_1.7.0Beta1,6/11/2025 11:22:54,SSTDR,24,4,RG-58/U 50 ohm coax,0.66,None,Standard,0,0,24 MHz,105.762,24 MHz,13.15,-1,3000,44.431,3000,3.38103,Waveform,91.25,-562.600246981722
W50A000F,touch_1.7.0Beta1,6/11/2025 11:22:54,SSTDR,24,4,RG-58/U 50 ohm coax,0.66,None,Standard,0,0,24 MHz,105.762,24 MHz,13.15,-1,3000,44.431,3000,3.38103,Waveform,91.5,-161.191228034475
W50A000F,touch_1.7.0Beta1,6/11/2025 11:22:54,SSTDR,24,4,RG-58/U 50 ohm coax,0.66,None,Standard,0,0,24 MHz,105.762,24 MHz,13.15,-1,3000,44.431,3000,3.38103,Waveform,91.75,212.716337231773
W50A000F,touch_1.7.0Beta1,6/11/2025 11:22:54,SSTDR,24,4,RG-58/U 50 ohm coax,0.66,None,Standard,0,0,24 MHz,105.762,24 MHz,13.15,-1,3000,44.431,3000,3.38103,Waveform,92,498
W50A000F,touch_1.7.0Beta1,6/11/2025 11:22:54,SSTDR,24,4,RG-58/U 50 ohm coax,0.66,None,Standard,0,0,24 MHz,105.762,24 MHz,13.15,-1,3000,44.431,3000,3.38103,Waveform,92.25,661.807558185971
W50A000F,touch_1.7.0Beta1,6/11/2025 11:22:54,SSTDR,24,4,RG-58/U 50 ohm coax,0.66,None,Standard,0,0,24 MHz,105.762,24 MHz,13.15,-1,3000,44.431,3000,3.38103,Waveform,92.5,705.230372956655
W50A000F,touch_1.7.0Beta1,6/11/2025 11:22:54,SSTDR,24,4,RG-58/U 50 ohm coax,0.66,None,Standard,0,0,24 MHz,105.762,24 MHz,13.15,-1,3000,44.431,3000,3.38103,Waveform,92.75,659.187377905583
W50A000F,touch_1.7.0Beta1,6/11/2025 11:22:54,SSTDR,24,4,RG-58/U 50 ohm coax,0.66,None,Standard,0,0,24 MHz,105.762,24 MHz,13.15,-1,3000,44.431,3000,3.38103,Waveform,93,572
W50A000F,touch_1.7.0Beta1,6/11/2025 11:22:54,SSTDR,24,4,RG-58/U 50 ohm coax,0.66,None,Standard,0,0,24 MHz,105.762,24 MHz,13.15,-1,3000,44.431,3000,3.38103,Waveform,93.25,492.766137826909
W50A000F,touch_1.7.0Beta1,6/11/2025 11:22:54,SSTDR,24,4,RG-58/U 50 ohm coax,0.66,None,Standard,0,0,24 MHz,105.762,24 MHz,13.15,-1,3000,44.431,3000,3.38103,Waveform,93.5,455.875115282682
W50A000F,touch_1.7.0Beta1,6/11/2025 11:22:54,SSTDR,24,4,RG-58/U 50 ohm coax,0.66,None,Standard,0,0,24 MHz,105.762,24 MHz,13.15,-1,3000,44.431,3000,3.38103,Waveform,93.75,471.407675839645
W50A000F,touch_1.7.0Beta1,6/11/2025 11:22:54,SSTDR,24,4,RG-58/U 50 ohm coax,0.66,None,Standard,0,0,24 MHz,105.762,24 MHz,13.15,-1,3000,44.431,3000,3.38103,Waveform,94,523.999999999999
W50A000F,touch_1.7.0Beta1,6/11/2025 11:22:54,SSTDR,24,4,RG-58/U 50 ohm coax,0.66,None,Standard,0,0,24 MHz,105.762,24 MHz,13.15,-1,3000,44.431,3000,3.38103,Waveform,94.25,579.862721439585
W50A000F,touch_1.7.0Beta1,6/11/2025 11:22:54,SSTDR,24,4,RG-58/U 50 ohm coax,0.66,None,Standard,0,0,24 MHz,105.762,24 MHz,13.15,-1,3000,44.431,3000,3.38103,Waveform,94.5,599.098314513323
W50A000F,touch_1.7.0Beta1,6/11/2025 11:22:54,SSTDR,24,4,RG-58/U 50 ohm coax,0.66,None,Standard,0,0,24 MHz,105.762,24 MHz,13.15,-1,3000,44.431,3000,3.38103,Waveform,94.75,549.103248915276
W50A000F,touch_1.7.0Beta1,6/11/2025 11:22:54,SSTDR,24,4,RG-58/U 50 ohm coax,0.66,None,Standard,0,0,24 MHz,105.762,24 MHz,13.15,-1,3000,44.431,3000,3.38103,Waveform,95,414.999999999999
W50A000F,touch_1.7.0Beta1,6/11/2025 11:22:54,SSTDR,24,4,RG-58/U 50 ohm coax,0.66,None,Standard,0,0,24 MHz,105.762,24 MHz,13.15,-1,3000,44.431,3000,3.38103,Waveform,95.25,204.451112859541
W50A000F,touch_1.7.0Beta1,6/11/2025 11:22:54,SSTDR,24,4,RG-58/U 50 ohm coax,0.66,None,Standard,0,0,24 MHz,105.762,24 MHz,13.15,-1,3000,44.431,3000,3.38103,Waveform,95.5,-53.8132495990233
W50A000F,touch_1.7.0Beta1,6/11/2025 11:22:54,SSTDR,24,4,RG-58/U 50 ohm coax,0.66,None,Standard,0,0,24 MHz,105.762,24 MHz,13.15,-1,3000,44.431,3000,3.38103,Waveform,95.75,-316.630053999732
W50A000F,touch_1.7.0Beta1,6/11/2025 11:22:54,SSTDR,24,4,RG-58/U 50 ohm coax,0.66,None,Standard,0,0,24 MHz,105.762,24 MHz,13.15,-1,3000,44.431,3000,3.38103,Waveform,96,-535.999999999999
W50A000F,touch_1.7.0Beta1,6/11/2025 11:22:54,SSTDR,24,4,RG-58/U 50 ohm coax,0.66,None,Standard,0,0,24 MHz,105.762,24 MHz,13.15,-1,3000,44.431,3000,3.38103,Waveform,96.25,-669.226271387277
W50A000F,touch_1.7.0Beta1,6/11/2025 11:22:54,SSTDR,24,4,RG-58/U 50 ohm coax,0.66,None,Standard,0,0,24 MHz,105.762,24 MHz,13.15,-1,3000,44.431,3000,3.38103,Waveform,96.5,-687.600369120106
W50A000F,touch_1.7.0Beta1,6/11/2025 11:22:54,SSTDR,24,4,RG-58/U 50 ohm coax,0.66,None,Standard,0,0,24 MHz,105.762,24 MHz,13.15,-1,3000,44.431,3000,3.38103,Waveform,96.75,-582.326890644127
W50A000F,touch_1.7.0Beta1,6/11/2025 11:22:54,SSTDR,24,4,RG-58/U 50 ohm coax,0.66,None,Standard,0,0,24 MHz,105.762,24 MHz,13.15,-1,3000,44.431,3000,3.38103,Waveform,97,-367.000000000002
W50A000F,touch_1.7.0Beta1,6/11/2025 11:22:54,SSTDR,24,4,RG-58/U 50 ohm coax,0.66,None,Standard,0,0,24 MHz,105.762,24 MHz,13.15,-1,3000,44.431,3000,3.38103,Waveform,97.25,-76.37001621662
W50A000F,touch_1.7.0Beta1,6/11/2025 11:22:54,SSTDR,24,4,RG-58/U 50 ohm coax,0.66,None,Standard,0,0,24 MHz,105.762,24 MHz,13.15,-1,3000,44.431,3000,3.38103,Waveform,97.5,238.551295886311
W50A000F,touch_1.7.0Beta1,6/11/2025 11:22:54,SSTDR,24,4,RG-58/U 50 ohm coax,0.66,None,Standard,0,0,24 MHz,105.762,24 MHz,13.15,-1,3000,44.431,3000,3.38103,Waveform,97.75,518.626528536587
W50A000F,touch_1.7.0Beta1,6/11/2025 11:22:54,SSTDR,24,4,RG-58/U 50 ohm coax,0.66,None,Standard,0,0,24 MHz,105.762,24 MHz,13.15,-1,3000,44.431,3000,3.38103,Waveform,98,707
W50A000F,touch_1.7.0Beta1,6/11/2025 11:22:54,SSTDR,24,4,RG-58/U 50 ohm coax,0.66,None,Standard,0,0,24 MHz,105.762,24 MHz,13.15,-1,3000,44.431,3000,3.38103,Waveform,98.25,760.137972034954
W50A000F,touch_1.7.0Beta1,6/11/2025 11:22:54,SSTDR,24,4,RG-58/U 50 ohm coax,0.66,None,Standard,0,0,24 MHz,105.762,24 MHz,13.15,-1,3000,44.431,3000,3.38103,Waveform,98.5,657.312597317491
W50A000F,touch_1.7.0Beta1,6/11/2025 11:22:54,SSTDR,24,4,RG-58/U 50 ohm coax,0.66,None,Standard,0,0,24 MHz,105.762,24 MHz,13.15,-1,3000,44.431,3000,3.38103,Waveform,98.75,406.223990593925
W50A000F,touch_1.7.0Beta1,6/11/2025 11:22:54,SSTDR,24,4,RG-58/U 50 ohm coax,0.66,None,Standard,0,0,24 MHz,105.762,24 MHz,13.15,-1,3000,44.431,3000,3.38103,Waveform,99,43
W50A000F,touch_1.7.0Beta1,6/11/2025 11:22:54,SSTDR,24,4,RG-58/U 50 ohm coax,0.66,None,Standard,0,0,24 MHz,105.762,24 MHz,13.15,-1,3000,44.431,3000,3.38103,Waveform,99.25,-373.981922399608
W50A000F,touch_1.7.0Beta1,6/11/2025 11:22:54,SSTDR,24,4,RG-58/U 50 ohm coax,0.66,None,Standard,0,0,24 MHz,105.762,24 MHz,13.15,-1,3000,44.431,3000,3.38103,Waveform,99.5,-775.422813115149
W50A000F,touch_1.7.0Beta1,6/11/2025 11:22:54,SSTDR,24,4,RG-58/U 50 ohm coax,0.66,None,Standard,0,0,24 MHz,105.762,24 MHz,13.15,-1,3000,44.431,3000,3.38103,Waveform,99.75,-1095.07516241333
W50A000F,touch_1.7.0Beta1,6/11/2025 11:22:54,SSTDR,24,4,RG-58/U 50 ohm coax,0.66,None,Standard,0,0,24 MHz,105.762,24 MHz,13.15,-1,3000,44.431,3000,3.38103,Waveform,100,-1283
W50A000F,touch_1.7.0Beta1,6/11/2025 11:22:54,SSTDR,24,4,RG-58/U 50 ohm coax,0.66,None,Standard,0,0,24 MHz,105.762,24 MHz,13.15,-1,3000,44.431,3000,3.38103,Waveform,100.25,-1314.85394674139
W50A000F,touch_1.7.0Beta1,6/11/2025 11:22:54,SSTDR,24,4,RG-58/U 50 ohm coax,0.66,None,Standard,0,0,24 MHz,105.762,24 MHz,13.15,-1,3000,44.431,3000,3.38103,Waveform,100.5,-1195.03852585604
W50A000F,touch_1.7.0Beta1,6/11/2025 11:22:54,SSTDR,24,4,RG-58/U 50 ohm coax,0.66,None,Standard,0,0,24 MHz,105.762,24 MHz,13.15,-1,3000,44.431,3000,3.38103,Waveform,100.75,-953.277668456319
W50A000F,touch_1.7.0Beta1,6/11/2025 11:22:54,SSTDR,24,4,RG-58/U 50 ohm coax,0.66,None,Standard,0,0,24 MHz,105.762,24 MHz,13.15,-1,3000,44.431,3000,3.38103,Waveform,101,-636
W50A000F,touch_1.7.0Beta1,6/11/2025 11:22:54,SSTDR,24,4,RG-58/U 50 ohm coax,0.66,None,Standard,0,0,24 MHz,105.762,24 MHz,13.15,-1,3000,44.431,3000,3.38103,Waveform,101.25,-295.194590602733
W50A000F,touch_1.7.0Beta1,6/11/2025 11:22:54,SSTDR,24,4,RG-58/U 50 ohm coax,0.66,None,Standard,0,0,24 MHz,105.762,24 MHz,13.15,-1,3000,44.431,3000,3.38103,Waveform,101.5,22.2117323665672
W50A000F,touch_1.7.0Beta1,6/11/2025 11:22:54,SSTDR,24,4,RG-58/U 50 ohm coax,0.66,None,Standard,0,0,24 MHz,105.762,24 MHz,13.15,-1,3000,44.431,3000,3.38103,Waveform,101.75,281.986781420166
W50A000F,touch_1.7.0Beta1,6/11/2025 11:22:54,SSTDR,24,4,RG-58/U 50 ohm coax,0.66,None,Standard,0,0,24 MHz,105.762,24 MHz,13.15,-1,3000,44.431,3000,3.38103,Waveform,102,466
W50A000F,touch_1.7.0Beta1,6/11/2025 11:22:54,SSTDR,24,4,RG-58/U 50 ohm coax,0.66,None,Standard,0,0,24 MHz,105.762,24 MHz,13.15,-1,3000,44.431,3000,3.38103,Waveform,102.25,571.544856905627
W50A000F,touch_1.7.0Beta1,6/11/2025 11:22:54,SSTDR,24,4,RG-58/U 50 ohm coax,0.66,None,Standard,0,0,24 MHz,105.762,24 MHz,13.15,-1,3000,44.431,3000,3.38103,Waveform,102.5,607.741426138849
W50A000F,touch_1.7.0Beta1,6/11/2025 11:22:54,SSTDR,24,4,RG-58/U 50 ohm coax,0.66,None,Standard,0,0,24 MHz,105.762,24 MHz,13.15,-1,3000,44.431,3000,3.38103,Waveform,102.75,590.582925045291
W50A000F,touch_1.7.0Beta1,6/11/2025 11:22:54,SSTDR,24,4,RG-58/U 50 ohm coax,0.66,None,Standard,0,0,24 MHz,105.762,24 MHz,13.15,-1,3000,44.431,3000,3.38103,Waveform,103,537.999999999999
W50A000F,touch_1.7.0Beta1,6/11/2025 11:22:54,SSTDR,24,4,RG-58/U 50 ohm coax,0.66,None,Standard,0,0,24 MHz,105.762,24 MHz,13.15,-1,3000,44.431,3000,3.38103,Waveform,103.25,465.816417238036
W50A000F,touch_1.7.0Beta1,6/11/2025 11:22:54,SSTDR,24,4,RG-58/U 50 ohm coax,0.66,None,Standard,0,0,24 MHz,105.762,24 MHz,13.15,-1,3000,44.431,3000,3.38103,Waveform,103.5,385.000392888057
W50A000F,touch_1.7.0Beta1,6/11/2025 11:22:54,SSTDR,24,4,RG-58/U 50 ohm coax,0.66,None,Standard,0,0,24 MHz,105.762,24 MHz,13.15,-1,3000,44.431,3000,3.38103,Waveform,103.75,300.384057964972
W50A000F,touch_1.7.0Beta1,6/11/2025 11:22:54,SSTDR,24,4,RG-58/U 50 ohm coax,0.66,None,Standard,0,0,24 MHz,105.762,24 MHz,13.15,-1,3000,44.431,3000,3.38103,Waveform,104,211.000000000001
W50A000F,touch_1.7.0Beta1,6/11/2025 11:22:54,SSTDR,24,4,RG-58/U 50 ohm coax,0.66,None,Standard,0,0,24 MHz,105.762,24 MHz,13.15,-1,3000,44.431,3000,3.38103,Waveform,104.25,112.15121094917
W50A000F,touch_1.7.0Beta1,6/11/2025 11:22:54,SSTDR,24,4,RG-58/U 50 ohm coax,0.66,None,Standard,0,0,24 MHz,105.762,24 MHz,13.15,-1,3000,44.431,3000,3.38103,Waveform,104.5,-0.943543099416274
W50A000F,touch_1.7.0Beta1,6/11/2025 11:22:54,SSTDR,24,4,RG-58/U 50 ohm coax,0.66,None,Standard,0,0,24 MHz,105.762,24 MHz,13.15,-1,3000,44.431,3000,3.38103,Waveform,104.75,-128.657727865232
W50A000F,touch_1.7.0Beta1,6/11/2025 11:22:54,SSTDR,24,4,RG-58/U 50 ohm coax,0.66,None,Standard,0,0,24 MHz,105.762,24 MHz,13.15,-1,3000,44.431,3000,3.38103,Waveform,105,-263.000000000001
W50A000F,touch_1.7.0Beta1,6/11/2025 11:22:54,SSTDR,24,4,RG-58/U 50 ohm coax,0.66,None,Standard,0,0,24 MHz,105.762,24 MHz,13.15,-1,3000,44.431,3000,3.38103,Waveform,105.25,-385.906094632788
W50A000F,touch_1.7.0Beta1,6/11/2025 11:22:54,SSTDR,24,4,RG-58/U 50 ohm coax,0.66,None,Standard,0,0,24 MHz,105.762,24 MHz,13.15,-1,3000,44.431,3000,3.38103,Waveform,105.5,-471.141949143517
W50A000F,touch_1.7.0Beta1,6/11/2025 11:22:54,SSTDR,24,4,RG-58/U 50 ohm coax,0.66,None,Standard,0,0,24 MHz,105.762,24 MHz,13.15,-1,3000,44.431,3000,3.38103,Waveform,105.75,-490.07011041017
W50A000F,touch_1.7.0Beta1,6/11/2025 11:22:54,SSTDR,24,4,RG-58/U 50 ohm coax,0.66,None,Standard,0,0,24 MHz,105.762,24 MHz,13.15,-1,3000,44.431,3000,3.38103,Waveform,106,-420
W50A000F,touch_1.7.0Beta1,6/11/2025 11:22:54,SSTDR,24,4,RG-58/U 50 ohm coax,0.66,None,Standard,0,0,24 MHz,105.762,24 MHz,13.15,-1,3000,44.431,3000,3.38103,Waveform,106.25,-252.538935495605
W50A000F,touch_1.7.0Beta1,6/11/2025 11:22:54,SSTDR,24,4,RG-58/U 50 ohm coax,0.66,None,Standard,0,0,24 MHz,105.762,24 MHz,13.15,-1,3000,44.431,3000,3.38103,Waveform,106.5,1.05322174011183
W50A000F,touch_1.7.0Beta1,6/11/2025 11:22:54,SSTDR,24,4,RG-58/U 50 ohm coax,0.66,None,Standard,0,0,24 MHz,105.762,24 MHz,13.15,-1,3000,44.431,3000,3.38103,Waveform,106.75,309.705778464876
W50A000F,touch_1.7.0Beta1,6/11/2025 11:22:54,SSTDR,24,4,RG-58/U 50 ohm coax,0.66,None,Standard,0,0,24 MHz,105.762,24 MHz,13.15,-1,3000,44.431,3000,3.38103,Waveform,107,627.999999999998
W50A000F,touch_1.7.0Beta1,6/11/2025 11:22:54,SSTDR,24,4,RG-58/U 50 ohm coax,0.66,None,Standard,0,0,24 MHz,105.762,24 MHz,13.15,-1,3000,44.431,3000,3.38103,Waveform,107.25,905.651209675998
W50A000F,touch_1.7.0Beta1,6/11/2025 11:22:54,SSTDR,24,4,RG-58/U 50 ohm coax,0.66,None,Standard,0,0,24 MHz,105.762,24 MHz,13.15,-1,3000,44.431,3000,3.38103,Waveform,107.5,1098.02113906182
W50A000F,touch_1.7.0Beta1,6/11/2025 11:22:54,SSTDR,24,4,RG-58/U 50 ohm coax,0.66,None,Standard,0,0,24 MHz,105.762,24 MHz,13.15,-1,3000,44.431,3000,3.38103,Waveform,107.75,1174.53470326198
W50A000F,touch_1.7.0Beta1,6/11/2025 11:22:54,SSTDR,24,4,RG-58/U 50 ohm coax,0.66,None,Standard,0,0,24 MHz,105.762,24 MHz,13.15,-1,3000,44.431,3000,3.38103,Waveform,108,1123
W50A000F,touch_1.7.0Beta1,6/11/2025 11:22:54,SSTDR,24,4,RG-58/U 50 ohm coax,0.66,None,Standard,0,0,24 MHz,105.762,24 MHz,13.15,-1,3000,44.431,3000,3.38103,Waveform,108.25,949.610351329136
W50A000F,touch_1.7.0Beta1,6/11/2025 11:22:54,SSTDR,24,4,RG-58/U 50 ohm coax,0.66,None,Standard,0,0,24 MHz,105.762,24 MHz,13.15,-1,3000,44.431,3000,3.38103,Waveform,108.5,675.934139128462
W50A000F,touch_1.7.0Beta1,6/11/2025 11:22:54,SSTDR,24,4,RG-58/U 50 ohm coax,0.66,None,Standard,0,0,24 MHz,105.762,24 MHz,13.15,-1,3000,44.431,3000,3.38103,Waveform,108.75,334.748219478173
W50A000F,touch_1.7.0Beta1,6/11/2025 11:22:54,SSTDR,24,4,RG-58/U 50 ohm coax,0.66,None,Standard,0,0,24 MHz,105.762,24 MHz,13.15,-1,3000,44.431,3000,3.38103,Waveform,109,-33.9999999999984
W50A000F,touch_1.7.0Beta1,6/11/2025 11:22:54,SSTDR,24,4,RG-58/U 50 ohm coax,0.66,None,Standard,0,0,24 MHz,105.762,24 MHz,13.15,-1,3000,44.431,3000,3.38103,Waveform,109.25,-386.995929123965
W50A000F,touch_1.7.0Beta1,6/11/2025 11:22:54,SSTDR,24,4,RG-58/U 50 ohm coax,0.66,None,Standard,0,0,24 MHz,105.762,24 MHz,13.15,-1,3000,44.431,3000,3.38103,Waveform,109.5,-681.940651417736
W50A000F,touch_1.7.0Beta1,6/11/2025 11:22:54,SSTDR,24,4,RG-58/U 50 ohm coax,0.66,None,Standard,0,0,24 MHz,105.762,24 MHz,13.15,-1,3000,44.431,3000,3.38103,Waveform,109.75,-883.28569236367
W50A000F,touch_1.7.0Beta1,6/11/2025 11:22:54,SSTDR,24,4,RG-58/U 50 ohm coax,0.66,None,Standard,0,0,24 MHz,105.762,24 MHz,13.15,-1,3000,44.431,3000,3.38103,Waveform,110,-968.999999999999
W50A000F,touch_1.7.0Beta1,6/11/2025 11:22:54,SSTDR,24,4,RG-58/U 50 ohm coax,0.66,None,Standard,0,0,24 MHz,105.762,24 MHz,13.15,-1,3000,44.431,3000,3.38103,Waveform,110.25,-936.536207436272
W50A000F,touch_1.7.0Beta1,6/11/2025 11:22:54,SSTDR,24,4,RG-58/U 50 ohm coax,0.66,None,Standard,0,0,24 MHz,105.762,24 MHz,13.15,-1,3000,44.431,3000,3.38103,Waveform,110.5,-805.251491418644
W50A000F,touch_1.7.0Beta1,6/11/2025 11:22:54,SSTDR,24,4,RG-58/U 50 ohm coax,0.66,None,Standard,0,0,24 MHz,105.762,24 MHz,13.15,-1,3000,44.431,3000,3.38103,Waveform,110.75,-613.047253497711
W50A000F,touch_1.7.0Beta1,6/11/2025 11:22:54,SSTDR,24,4,RG-58/U 50 ohm coax,0.66,None,Standard,0,0,24 MHz,105.762,24 MHz,13.15,-1,3000,44.431,3000,3.38103,Waveform,111,-406.999999999999
W50A000F,touch_1.7.0Beta1,6/11/2025 11:22:54,SSTDR,24,4,RG-58/U 50 ohm coax,0.66,None,Standard,0,0,24 MHz,105.762,24 MHz,13.15,-1,3000,44.431,3000,3.38103,Waveform,111.25,-230.446477484922
W50A000F,touch_1.7.0Beta1,6/11/2025 11:22:54,SSTDR,24,4,RG-58/U 50 ohm coax,0.66,None,Standard,0,0,24 MHz,105.762,24 MHz,13.15,-1,3000,44.431,3000,3.38103,Waveform,111.5,-111.002844394757
W50A000F,touch_1.7.0Beta1,6/11/2025 11:22:54,SSTDR,24,4,RG-58/U 50 ohm coax,0.66,None,Standard,0,0,24 MHz,105.762,24 MHz,13.15,-1,3000,44.431,3000,3.38103,Waveform,111.75,-54.1526178417194
W50A000F,touch_1.7.0Beta1,6/11/2025 11:22:54,SSTDR,24,4,RG-58/U 50 ohm coax,0.66,None,Standard,0,0,24 MHz,105.762,24 MHz,13.15,-1,3000,44.431,3000,3.38103,Waveform,112,-45.0000000000016
W50A000F,touch_1.7.0Beta1,6/11/2025 11:22:54,SSTDR,24,4,RG-58/U 50 ohm coax,0.66,None,Standard,0,0,24 MHz,105.762,24 MHz,13.15,-1,3000,44.431,3000,3.38103,Waveform,112.25,-57.35362560032
W50A000F,touch_1.7.0Beta1,6/11/2025 11:22:54,SSTDR,24,4,RG-58/U 50 ohm coax,0.66,None,Standard,0,0,24 MHz,105.762,24 MHz,13.15,-1,3000,44.431,3000,3.38103,Waveform,112.5,-66.0832688574705
W50A000F,touch_1.7.0Beta1,6/11/2025 11:22:54,SSTDR,24,4,RG-58/U 50 ohm coax,0.66,None,Standard,0,0,24 MHz,105.762,24 MHz,13.15,-1,3000,44.431,3000,3.38103,Waveform,112.75,-57.2888634304889
W50A000F,touch_1.7.0Beta1,6/11/2025 11:22:54,SSTDR,24,4,RG-58/U 50 ohm coax,0.66,None,Standard,0,0,24 MHz,105.762,12 MHz,12.57,6,2500,28.1492,2500,6.78459,Calibration,1,-34
W50A000F,touch_1.7.0Beta1,6/11/2025 11:22:54,SSTDR,24,4,RG-58/U 50 ohm coax,0.66,None,Standard,0,0,24 MHz,105.762,12 MHz,12.57,6,2500,28.1492,2500,6.78459,Calibration,2,-21
W50A000F,touch_1.7.0Beta1,6/11/2025 11:22:54,SSTDR,24,4,RG-58/U 50 ohm coax,0.66,None,Standard,0,0,24 MHz,105.762,12 MHz,12.57,6,2500,28.1492,2500,6.78459,Calibration,3,0
W50A000F,touch_1.7.0Beta1,6/11/2025 11:22:54,SSTDR,24,4,RG-58/U 50 ohm coax,0.66,None,Standard,0,0,24 MHz,105.762,12 MHz,12.57,6,2500,28.1492,2500,6.78459,Calibration,4,15
W50A000F,touch_1.7.0Beta1,6/11/2025 11:22:54,SSTDR,24,4,RG-58/U 50 ohm coax,0.66,None,Standard,0,0,24 MHz,105.762,12 MHz,12.57,6,2500,28.1492,2500,6.78459,Calibration,5,20
W50A000F,touch_1.7.0Beta1,6/11/2025 11:22:54,SSTDR,24,4,RG-58/U 50 ohm coax,0.66,None,Standard,0,0,24 MHz,105.762,12 MHz,12.57,6,2500,28.1492,2500,6.78459,Calibration,6,33
W50A000F,touch_1.7.0Beta1,6/11/2025 11:22:54,SSTDR,24,4,RG-58/U 50 ohm coax,0.66,None,Standard,0,0,24 MHz,105.762,12 MHz,12.57,6,2500,28.1492,2500,6.78459,Calibration,7,3
W50A000F,touch_1.7.0Beta1,6/11/2025 11:22:54,SSTDR,24,4,RG-58/U 50 ohm coax,0.66,None,Standard,0,0,24 MHz,105.762,12 MHz,12.57,6,2500,28.1492,2500,6.78459,Calibration,8,-211
W50A000F,touch_1.7.0Beta1,6/11/2025 11:22:54,SSTDR,24,4,RG-58/U 50 ohm coax,0.66,None,Standard,0,0,24 MHz,105.762,12 MHz,12.57,6,2500,28.1492,2500,6.78459,Calibration,9,-175
W50A000F,touch_1.7.0Beta1,6/11/2025 11:22:54,SSTDR,24,4,RG-58/U 50 ohm coax,0.66,None,Standard,0,0,24 MHz,105.762,12 MHz,12.57,6,2500,28.1492,2500,6.78459,Calibration,10,-9987
W50A000F,touch_1.7.0Beta1,6/11/2025 11:22:54,SSTDR,24,4,RG-58/U 50 ohm coax,0.66,None,Standard,0,0,24 MHz,105.762,12 MHz,12.57,6,2500,28.1492,2500,6.78459,Calibration,11,-24510
W50A000F,touch_1.7.0Beta1,6/11/2025 11:22:54,SSTDR,24,4,RG-58/U 50 ohm coax,0.66,None,Standard,0,0,24 MHz,105.762,12 MHz,12.57,6,2500,28.1492,2500,6.78459,Calibration,12,1919
W50A000F,touch_1.7.0Beta1,6/11/2025 11:22:54,SSTDR,24,4,RG-58/U 50 ohm coax,0.66,None,Standard,0,0,24 MHz,105.762,12 MHz,12.57,6,2500,28.1492,2500,6.78459,Calibration,13,32767
W50A000F,touch_1.7.0Beta1,6/11/2025 11:22:54,SSTDR,24,4,RG-58/U 50 ohm coax,0.66,None,Standard,0,0,24 MHz,105.762,12 MHz,12.57,6,2500,28.1492,2500,6.78459,Calibration,14,27919
W50A000F,touch_1.7.0Beta1,6/11/2025 11:22:54,SSTDR,24,4,RG-58/U 50 ohm coax,0.66,None,Standard,0,0,24 MHz,105.762,12 MHz,12.57,6,2500,28.1492,2500,6.78459,Calibration,15,-17015
W50A000F,touch_1.7.0Beta1,6/11/2025 11:22:54,SSTDR,24,4,RG-58/U 50 ohm coax,0.66,None,Standard,0,0,24 MHz,105.762,12 MHz,12.57,6,2500,28.1492,2500,6.78459,Calibration,16,-19412
W50A000F,touch_1.7.0Beta1,6/11/2025 11:22:54,SSTDR,24,4,RG-58/U 50 ohm coax,0.66,None,Standard,0,0,24 MHz,105.762,12 MHz,12.57,6,2500,28.1492,2500,6.78459,Calibration,17,-4307
W50A000F,touch_1.7.0Beta1,6/11/2025 11:22:54,SSTDR,24,4,RG-58/U 50 ohm coax,0.66,None,Standard,0,0,24 MHz,105.762,12 MHz,12.57,6,2500,28.1492,2500,6.78459,Calibration,18,-69
W50A000F,touch_1.7.0Beta1,6/11/2025 11:22:54,SSTDR,24,4,RG-58/U 50 ohm coax,0.66,None,Standard,0,0,24 MHz,105.762,12 MHz,12.57,6,2500,28.1492,2500,6.78459,Calibration,19,-183
W50A000F,touch_1.7.0Beta1,6/11/2025 11:22:54,SSTDR,24,4,RG-58/U 50 ohm coax,0.66,None,Standard,0,0,24 MHz,105.762,12 MHz,12.57,6,2500,28.1492,2500,6.78459,Calibration,20,-93
W50A000F,touch_1.7.0Beta1,6/11/2025 11:22:54,SSTDR,24,4,RG-58/U 50 ohm coax,0.66,None,Standard,0,0,24 MHz,105.762,12 MHz,12.57,6,2500,28.1492,2500,6.78459,Calibration,21,-25
W50A000F,touch_1.7.0Beta1,6/11/2025 11:22:54,SSTDR,24,4,RG-58/U 50 ohm coax,0.66,None,Standard,0,0,24 MHz,105.762,12 MHz,12.57,6,2500,28.1492,2500,6.78459,Calibration,22,-55
W50A000F,touch_1.7.0Beta1,6/11/2025 11:22:54,SSTDR,24,4,RG-58/U 50 ohm coax,0.66,None,Standard,0,0,24 MHz,105.762,12 MHz,12.57,6,2500,28.1492,2500,6.78459,Calibration,23,-124
W50A000F,touch_1.7.0Beta1,6/11/2025 11:22:54,SSTDR,24,4,RG-58/U 50 ohm coax,0.66,None,Standard,0,0,24 MHz,105.762,12 MHz,12.57,6,2500,28.1492,2500,6.78459,Calibration,24,69
W50A000F,touch_1.7.0Beta1,6/11/2025 11:22:54,SSTDR,24,4,RG-58/U 50 ohm coax,0.66,None,Standard,0,0,24 MHz,105.762,12 MHz,12.57,6,2500,28.1492,2500,6.78459,Calibration,25,32
W50A000F,touch_1.7.0Beta1,6/11/2025 11:22:54,SSTDR,24,4,RG-58/U 50 ohm coax,0.66,None,Standard,0,0,24 MHz,105.762,12 MHz,12.57,6,2500,28.1492,2500,6.78459,Calibration,26,-85
W50A000F,touch_1.7.0Beta1,6/11/2025 11:22:54,SSTDR,24,4,RG-58/U 50 ohm coax,0.66,None,Standard,0,0,24 MHz,105.762,12 MHz,12.57,6,2500,28.1492,2500,6.78459,Calibration,27,-124
W50A000F,touch_1.7.0Beta1,6/11/2025 11:22:54,SSTDR,24,4,RG-58/U 50 ohm coax,0.66,None,Standard,0,0,24 MHz,105.762,12 MHz,12.57,6,2500,28.1492,2500,6.78459,Calibration,28,-41
W50A000F,touch_1.7.0Beta1,6/11/2025 11:22:54,SSTDR,24,4,RG-58/U 50 ohm coax,0.66,None,Standard,0,0,24 MHz,105.762,12 MHz,12.57,6,2500,28.1492,2500,6.78459,Calibration,29,-48
W50A000F,touch_1.7.0Beta1,6/11/2025 11:22:54,SSTDR,24,4,RG-58/U 50 ohm coax,0.66,None,Standard,0,0,24 MHz,105.762,12 MHz,12.57,6,2500,28.1492,2500,6.78459,Calibration,30,-39
W50A000F,touch_1.7.0Beta1,6/11/2025 11:22:54,SSTDR,24,4,RG-58/U 50 ohm coax,0.66,None,Standard,0,0,24 MHz,105.762,12 MHz,12.57,6,2500,28.1492,2500,6.78459,Calibration,31,-42
W50A000F,touch_1.7.0Beta1,6/11/2025 11:22:54,SSTDR,24,4,RG-58/U 50 ohm coax,0.66,None,Standard,0,0,24 MHz,105.762,12 MHz,12.57,6,2500,28.1492,2500,6.78459,Calibration,32,-30
W50A000F,touch_1.7.0Beta1,6/11/2025 11:22:54,SSTDR,24,4,RG-58/U 50 ohm coax,0.66,None,Standard,0,0,24 MHz,105.762,12 MHz,12.57,6,2500,28.1492,2500,6.78459,Calibration,33,34
W50A000F,touch_1.7.0Beta1,6/11/2025 11:22:54,SSTDR,24,4,RG-58/U 50 ohm coax,0.66,None,Standard,0,0,24 MHz,105.762,12 MHz,12.57,6,2500,28.1492,2500,6.78459,Calibration,34,-90
W50A000F,touch_1.7.0Beta1,6/11/2025 11:22:54,SSTDR,24,4,RG-58/U 50 ohm coax,0.66,None,Standard,0,0,24 MHz,105.762,12 MHz,12.57,6,2500,28.1492,2500,6.78459,Calibration,35,-109
W50A000F,touch_1.7.0Beta1,6/11/2025 11:22:54,SSTDR,24,4,RG-58/U 50 ohm coax,0.66,None,Standard,0,0,24 MHz,105.762,12 MHz,12.57,6,2500,28.1492,2500,6.78459,Calibration,36,-36
W50A000F,touch_1.7.0Beta1,6/11/2025 11:22:54,SSTDR,24,4,RG-58/U 50 ohm coax,0.66,None,Standard,0,0,24 MHz,105.762,12 MHz,12.57,6,2500,28.1492,2500,6.78459,Calibration,37,-22
W50A000F,touch_1.7.0Beta1,6/11/2025 11:22:54,SSTDR,24,4,RG-58/U 50 ohm coax,0.66,None,Standard,0,0,24 MHz,105.762,12 MHz,12.57,6,2500,28.1492,2500,6.78459,Calibration,38,-131
W50A000F,touch_1.7.0Beta1,6/11/2025 11:22:54,SSTDR,24,4,RG-58/U 50 ohm coax,0.66,None,Standard,0,0,24 MHz,105.762,12 MHz,12.57,6,2500,28.1492,2500,6.78459,Calibration,39,-30
W50A000F,touch_1.7.0Beta1,6/11/2025 11:22:54,SSTDR,24,4,RG-58/U 50 ohm coax,0.66,None,Standard,0,0,24 MHz,105.762,12 MHz,12.57,6,2500,28.1492,2500,6.78459,Calibration,40,-49
W50A000F,touch_1.7.0Beta1,6/11/2025 11:22:54,SSTDR,24,4,RG-58/U 50 ohm coax,0.66,None,Standard,0,0,24 MHz,105.762,12 MHz,12.57,6,2500,28.1492,2500,6.78459,Calibration,41,32
W50A000F,touch_1.7.0Beta1,6/11/2025 11:22:54,SSTDR,24,4,RG-58/U 50 ohm coax,0.66,None,Standard,0,0,24 MHz,105.762,12 MHz,12.57,6,2500,28.1492,2500,6.78459,Calibration,42,-112
W50A000F,touch_1.7.0Beta1,6/11/2025 11:22:54,SSTDR,24,4,RG-58/U 50 ohm coax,0.66,None,Standard,0,0,24 MHz,105.762,12 MHz,12.57,6,2500,28.1492,2500,6.78459,Calibration,43,-86
W50A000F,touch_1.7.0Beta1,6/11/2025 11:22:54,SSTDR,24,4,RG-58/U 50 ohm coax,0.66,None,Standard,0,0,24 MHz,105.762,12 MHz,12.57,6,2500,28.1492,2500,6.78459,Calibration,44,-105
W50A000F,touch_1.7.0Beta1,6/11/2025 11:22:54,SSTDR,24,4,RG-58/U 50 ohm coax,0.66,None,Standard,0,0,24 MHz,105.762,12 MHz,12.57,6,2500,28.1492,2500,6.78459,Calibration,45,-75
W50A000F,touch_1.7.0Beta1,6/11/2025 11:22:54,SSTDR,24,4,RG-58/U 50 ohm coax,0.66,None,Standard,0,0,24 MHz,105.762,12 MHz,12.57,6,2500,28.1492,2500,6.78459,Calibration,46,-88
W50A000F,touch_1.7.0Beta1,6/11/2025 11:22:54,SSTDR,24,4,RG-58/U 50 ohm coax,0.66,None,Standard,0,0,24 MHz,105.762,12 MHz,12.57,6,2500,28.1492,2500,6.78459,Calibration,47,-139
W50A000F,touch_1.7.0Beta1,6/11/2025 11:22:54,SSTDR,24,4,RG-58/U 50 ohm coax,0.66,None,Standard,0,0,24 MHz,105.762,12 MHz,12.57,6,2500,28.1492,2500,6.78459,Calibration,48,27
W50A000F,touch_1.7.0Beta1,6/11/2025 11:22:54,SSTDR,24,4,RG-58/U 50 ohm coax,0.66,None,Standard,0,0,24 MHz,105.762,12 MHz,12.57,6,2500,28.1492,2500,6.78459,Calibration,49,-134
W50A000F,touch_1.7.0Beta1,6/11/2025 11:22:54,SSTDR,24,4,RG-58/U 50 ohm coax,0.66,None,Standard,0,0,24 MHz,105.762,12 MHz,12.57,6,2500,28.1492,2500,6.78459,Calibration,50,-138
W50A000F,touch_1.7.0Beta1,6/11/2025 11:22:54,SSTDR,24,4,RG-58/U 50 ohm coax,0.66,None,Standard,0,0,24 MHz,105.762,12 MHz,12.57,6,2500,28.1492,2500,6.78459,Calibration,51,-13
W50A000F,touch_1.7.0Beta1,6/11/2025 11:22:54,SSTDR,24,4,RG-58/U 50 ohm coax,0.66,None,Standard,0,0,24 MHz,105.762,12 MHz,12.57,6,2500,28.1492,2500,6.78459,Calibration,52,-101
W50A000F,touch_1.7.0Beta1,6/11/2025 11:22:54,SSTDR,24,4,RG-58/U 50 ohm coax,0.66,None,Standard,0,0,24 MHz,105.762,12 MHz,12.57,6,2500,28.1492,2500,6.78459,Calibration,53,-44
W50A000F,touch_1.7.0Beta1,6/11/2025 11:22:54,SSTDR,24,4,RG-58/U 50 ohm coax,0.66,None,Standard,0,0,24 MHz,105.762,12 MHz,12.57,6,2500,28.1492,2500,6.78459,Calibration,54,-71
W50A000F,touch_1.7.0Beta1,6/11/2025 11:22:54,SSTDR,24,4,RG-58/U 50 ohm coax,0.66,None,Standard,0,0,24 MHz,105.762,12 MHz,12.57,6,2500,28.1492,2500,6.78459,Calibration,55,-117
W50A000F,touch_1.7.0Beta1,6/11/2025 11:22:54,SSTDR,24,4,RG-58/U 50 ohm coax,0.66,None,Standard,0,0,24 MHz,105.762,12 MHz,12.57,6,2500,28.1492,2500,6.78459,Calibration,56,-52
W50A000F,touch_1.7.0Beta1,6/11/2025 11:22:54,SSTDR,24,4,RG-58/U 50 ohm coax,0.66,None,Standard,0,0,24 MHz,105.762,12 MHz,12.57,6,2500,28.1492,2500,6.78459,Calibration,57,-9
W50A000F,touch_1.7.0Beta1,6/11/2025 11:22:54,SSTDR,24,4,RG-58/U 50 ohm coax,0.66,None,Standard,0,0,24 MHz,105.762,12 MHz,12.57,6,2500,28.1492,2500,6.78459,Calibration,58,-77
W50A000F,touch_1.7.0Beta1,6/11/2025 11:22:54,SSTDR,24,4,RG-58/U 50 ohm coax,0.66,None,Standard,0,0,24 MHz,105.762,12 MHz,12.57,6,2500,28.1492,2500,6.78459,Calibration,59,29
W50A000F,touch_1.7.0Beta1,6/11/2025 11:22:54,SSTDR,24,4,RG-58/U 50 ohm coax,0.66,None,Standard,0,0,24 MHz,105.762,12 MHz,12.57,6,2500,28.1492,2500,6.78459,Calibration,60,-106
W50A000F,touch_1.7.0Beta1,6/11/2025 11:22:54,SSTDR,24,4,RG-58/U 50 ohm coax,0.66,None,Standard,0,0,24 MHz,105.762,12 MHz,12.57,6,2500,28.1492,2500,6.78459,Calibration,61,102
W50A000F,touch_1.7.0Beta1,6/11/2025 11:22:54,SSTDR,24,4,RG-58/U 50 ohm coax,0.66,None,Standard,0,0,24 MHz,105.762,12 MHz,12.57,6,2500,28.1492,2500,6.78459,Calibration,62,0
W50A000F,touch_1.7.0Beta1,6/11/2025 11:22:54,SSTDR,24,4,RG-58/U 50 ohm coax,0.66,None,Standard,0,0,24 MHz,105.762,12 MHz,12.57,6,2500,28.1492,2500,6.78459,Calibration,63,-97
W50A000F,touch_1.7.0Beta1,6/11/2025 11:22:54,SSTDR,24,4,RG-58/U 50 ohm coax,0.66,None,Standard,0,0,24 MHz,105.762,12 MHz,12.57,6,2500,28.1492,2500,6.78459,Calibration,64,-32
W50A000F,touch_1.7.0Beta1,6/11/2025 11:22:54,SSTDR,24,4,RG-58/U 50 ohm coax,0.66,None,Standard,0,0,24 MHz,105.762,12 MHz,12.57,6,2500,28.1492,2500,6.78459,Calibration,65,-28
W50A000F,touch_1.7.0Beta1,6/11/2025 11:22:54,SSTDR,24,4,RG-58/U 50 ohm coax,0.66,None,Standard,0,0,24 MHz,105.762,12 MHz,12.57,6,2500,28.1492,2500,6.78459,Calibration,66,-18
W50A000F,touch_1.7.0Beta1,6/11/2025 11:22:54,SSTDR,24,4,RG-58/U 50 ohm coax,0.66,None,Standard,0,0,24 MHz,105.762,12 MHz,12.57,6,2500,28.1492,2500,6.78459,Calibration,67,-28
W50A000F,touch_1.7.0Beta1,6/11/2025 11:22:54,SSTDR,24,4,RG-58/U 50 ohm coax,0.66,None,Standard,0,0,24 MHz,105.762,12 MHz,12.57,6,2500,28.1492,2500,6.78459,Calibration,68,-46
W50A000F,touch_1.7.0Beta1,6/11/2025 11:22:54,SSTDR,24,4,RG-58/U 50 ohm coax,0.66,None,Standard,0,0,24 MHz,105.762,12 MHz,12.57,6,2500,28.1492,2500,6.78459,Calibration,69,75
W50A000F,touch_1.7.0Beta1,6/11/2025 11:22:54,SSTDR,24,4,RG-58/U 50 ohm coax,0.66,None,Standard,0,0,24 MHz,105.762,12 MHz,12.57,6,2500,28.1492,2500,6.78459,Calibration,70,-107
W50A000F,touch_1.7.0Beta1,6/11/2025 11:22:54,SSTDR,24,4,RG-58/U 50 ohm coax,0.66,None,Standard,0,0,24 MHz,105.762,12 MHz,12.57,6,2500,28.1492,2500,6.78459,Calibration,71,-105
W50A000F,touch_1.7.0Beta1,6/11/2025 11:22:54,SSTDR,24,4,RG-58/U 50 ohm coax,0.66,None,Standard,0,0,24 MHz,105.762,12 MHz,12.57,6,2500,28.1492,2500,6.78459,Calibration,72,-92
W50A000F,touch_1.7.0Beta1,6/11/2025 11:22:54,SSTDR,24,4,RG-58/U 50 ohm coax,0.66,None,Standard,0,0,24 MHz,105.762,12 MHz,12.57,6,2500,28.1492,2500,6.78459,Calibration,73,92
W50A000F,touch_1.7.0Beta1,6/11/2025 11:22:54,SSTDR,24,4,RG-58/U 50 ohm coax,0.66,None,Standard,0,0,24 MHz,105.762,12 MHz,12.57,6,2500,28.1492,2500,6.78459,Calibration,74,-157
W50A000F,touch_1.7.0Beta1,6/11/2025 11:22:54,SSTDR,24,4,RG-58/U 50 ohm coax,0.66,None,Standard,0,0,24 MHz,105.762,12 MHz,12.57,6,2500,28.1492,2500,6.78459,Calibration,75,-123
W50A000F,touch_1.7.0Beta1,6/11/2025 11:22:54,SSTDR,24,4,RG-58/U 50 ohm coax,0.66,None,Standard,0,0,24 MHz,105.762,12 MHz,12.57,6,2500,28.1492,2500,6.78459,Calibration,76,-45
W50A000F,touch_1.7.0Beta1,6/11/2025 11:22:54,SSTDR,24,4,RG-58/U 50 ohm coax,0.66,None,Standard,0,0,24 MHz,105.762,12 MHz,12.57,6,2500,28.1492,2500,6.78459,Calibration,77,-101
W50A000F,touch_1.7.0Beta1,6/11/2025 11:22:54,SSTDR,24,4,RG-58/U 50 ohm coax,0.66,None,Standard,0,0,24 MHz,105.762,12 MHz,12.57,6,2500,28.1492,2500,6.78459,Calibration,78,-70
W50A000F,touch_1.7.0Beta1,6/11/2025 11:22:54,SSTDR,24,4,RG-58/U 50 ohm coax,0.66,None,Standard,0,0,24 MHz,105.762,12 MHz,12.57,6,2500,28.1492,2500,6.78459,Calibration,79,-22
W50A000F,touch_1.7.0Beta1,6/11/2025 11:22:54,SSTDR,24,4,RG-58/U 50 ohm coax,0.66,None,Standard,0,0,24 MHz,105.762,12 MHz,12.57,6,2500,28.1492,2500,6.78459,Calibration,80,-39
W50A000F,touch_1.7.0Beta1,6/11/2025 11:22:54,SSTDR,24,4,RG-58/U 50 ohm coax,0.66,None,Standard,0,0,24 MHz,105.762,12 MHz,12.57,6,2500,28.1492,2500,6.78459,Calibration,81,-30
W50A000F,touch_1.7.0Beta1,6/11/2025 11:22:54,SSTDR,24,4,RG-58/U 50 ohm coax,0.66,None,Standard,0,0,24 MHz,105.762,12 MHz,12.57,6,2500,28.1492,2500,6.78459,Calibration,82,-5
W50A000F,touch_1.7.0Beta1,6/11/2025 11:22:54,SSTDR,24,4,RG-58/U 50 ohm coax,0.66,None,Standard,0,0,24 MHz,105.762,12 MHz,12.57,6,2500,28.1492,2500,6.78459,Calibration,83,-20
W50A000F,touch_1.7.0Beta1,6/11/2025 11:22:54,SSTDR,24,4,RG-58/U 50 ohm coax,0.66,None,Standard,0,0,24 MHz,105.762,12 MHz,12.57,6,2500,28.1492,2500,6.78459,Calibration,84,-68
W50A000F,touch_1.7.0Beta1,6/11/2025 11:22:54,SSTDR,24,4,RG-58/U 50 ohm coax,0.66,None,Standard,0,0,24 MHz,105.762,12 MHz,12.57,6,2500,28.1492,2500,6.78459,Calibration,85,30
W50A000F,touch_1.7.0Beta1,6/11/2025 11:22:54,SSTDR,24,4,RG-58/U 50 ohm coax,0.66,None,Standard,0,0,24 MHz,105.762,12 MHz,12.57,6,2500,28.1492,2500,6.78459,Calibration,86,-74
W50A000F,touch_1.7.0Beta1,6/11/2025 11:22:54,SSTDR,24,4,RG-58/U 50 ohm coax,0.66,None,Standard,0,0,24 MHz,105.762,12 MHz,12.57,6,2500,28.1492,2500,6.78459,Calibration,87,-117
W50A000F,touch_1.7.0Beta1,6/11/2025 11:22:54,SSTDR,24,4,RG-58/U 50 ohm coax,0.66,None,Standard,0,0,24 MHz,105.762,12 MHz,12.57,6,2500,28.1492,2500,6.78459,Calibration,88,18
W50A000F,touch_1.7.0Beta1,6/11/2025 11:22:54,SSTDR,24,4,RG-58/U 50 ohm coax,0.66,None,Standard,0,0,24 MHz,105.762,12 MHz,12.57,6,2500,28.1492,2500,6.78459,Calibration,89,0
W50A000F,touch_1.7.0Beta1,6/11/2025 11:22:54,SSTDR,24,4,RG-58/U 50 ohm coax,0.66,None,Standard,0,0,24 MHz,105.762,12 MHz,12.57,6,2500,28.1492,2500,6.78459,Calibration,90,0
W50A000F,touch_1.7.0Beta1,6/11/2025 11:22:54,SSTDR,24,4,RG-58/U 50 ohm coax,0.66,None,Standard,0,0,24 MHz,105.762,12 MHz,12.57,6,2500,28.1492,2500,6.78459,Calibration,91,0
W50A000F,touch_1.7.0Beta1,6/11/2025 11:22:54,SSTDR,24,4,RG-58/U 50 ohm coax,0.66,None,Standard,0,0,24 MHz,105.762,12 MHz,12.57,6,2500,28.1492,2500,6.78459,Calibration,92,0
W50A000F,touch_1.7.0Beta1,6/11/2025 11:22:54,SSTDR,24,4,RG-58/U 50 ohm coax,0.66,None,Standard,0,0,24 MHz,105.762,12 MHz,12.57,6,2500,28.1492,2500,6.78459,Calibration,93,0
W50A000F,touch_1.7.0Beta1,6/11/2025 11:22:54,SSTDR,24,4,RG-58/U 50 ohm coax,0.66,None,Standard,0,0,24 MHz,105.762,12 MHz,12.57,6,2500,28.1492,2500,6.78459,Calibration,94,0
W50A000F,touch_1.7.0Beta1,6/11/2025 11:22:54,SSTDR,24,4,RG-58/U 50 ohm coax,0.66,None,Standard,0,0,24 MHz,105.762,12 MHz,12.57,6,2500,28.1492,2500,6.78459,Calibration,95,0
W50A000F,touch_1.7.0Beta1,6/11/2025 11:22:54,SSTDR,24,4,RG-58/U 50 ohm coax,0.66,None,Standard,0,0,24 MHz,105.762,12 MHz,12.57,6,2500,28.1492,2500,6.78459,Calibration,96,0
W50A000F,touch_1.7.0Beta1,6/11/2025 11:22:54,SSTDR,24,4,RG-58/U 50 ohm coax,0.66,None,Standard,0,0,24 MHz,105.762,12 MHz,12.57,6,2500,28.1492,2500,6.78459,Calibration,97,0
W50A000F,touch_1.7.0Beta1,6/11/2025 11:22:54,SSTDR,24,4,RG-58/U 50 ohm coax,0.66,None,Standard,0,0,24 MHz,105.762,12 MHz,12.57,6,2500,28.1492,2500,6.78459,Calibration,98,0
W50A000F,touch_1.7.0Beta1,6/11/2025 11:22:54,SSTDR,24,4,RG-58/U 50 ohm coax,0.66,None,Standard,0,0,24 MHz,105.762,12 MHz,12.57,6,2500,28.1492,2500,6.78459,Calibration,99,0
W50A000F,touch_1.7.0Beta1,6/11/2025 11:22:54,SSTDR,24,4,RG-58/U 50 ohm coax,0.66,None,Standard,0,0,24 MHz,105.762,12 MHz,12.57,6,2500,28.1492,2500,6.78459,Calibration,100,0
W50A000F,touch_1.7.0Beta1,6/11/2025 11:22:54,SSTDR,24,4,RG-58/U 50 ohm coax,0.66,None,Standard,0,0,24 MHz,105.762,12 MHz,12.57,6,2500,28.1492,2500,6.78459,Calibration,101,0
W50A000F,touch_1.7.0Beta1,6/11/2025 11:22:54,SSTDR,24,4,RG-58/U 50 ohm coax,0.66,None,Standard,0,0,24 MHz,105.762,12 MHz,12.57,6,2500,28.1492,2500,6.78459,Calibration,102,0
W50A000F,touch_1.7.0Beta1,6/11/2025 11:22:54,SSTDR,24,4,RG-58/U 50 ohm coax,0.66,None,Standard,0,0,24 MHz,105.762,12 MHz,12.57,6,2500,28.1492,2500,6.78459,Calibration,103,0
W50A000F,touch_1.7.0Beta1,6/11/2025 11:22:54,SSTDR,24,4,RG-58/U 50 ohm coax,0.66,None,Standard,0,0,24 MHz,105.762,12 MHz,12.57,6,2500,28.1492,2500,6.78459,Calibration,104,0
W50A000F,touch_1.7.0Beta1,6/11/2025 11:22:54,SSTDR,24,4,RG-58/U 50 ohm coax,0.66,None,Standard,0,0,24 MHz,105.762,12 MHz,12.57,6,2500,28.1492,2500,6.78459,Calibration,105,0
W50A000F,touch_1.7.0Beta1,6/11/2025 11:22:54,SSTDR,24,4,RG-58/U 50 ohm coax,0.66,None,Standard,0,0,24 MHz,105.762,12 MHz,12.57,6,2500,28.1492,2500,6.78459,Calibration,106,0
W50A000F,touch_1.7.0Beta1,6/11/2025 11:22:54,SSTDR,24,4,RG-58/U 50 ohm coax,0.66,None,Standard,0,0,24 MHz,105.762,12 MHz,12.57,6,2500,28.1492,2500,6.78459,Calibration,107,0
W50A000F,touch_1.7.0Beta1,6/11/2025 11:22:54,SSTDR,24,4,RG-58/U 50 ohm coax,0.66,None,Standard,0,0,24 MHz,105.762,12 MHz,12.57,6,2500,28.1492,2500,6.78459,Calibration,108,0
W50A000F,touch_1.7.0Beta1,6/11/2025 11:22:54,SSTDR,24,4,RG-58/U 50 ohm coax,0.66,None,Standard,0,0,24 MHz,105.762,12 MHz,12.57,6,2500,28.1492,2500,6.78459,Calibration,109,0
W50A000F,touch_1.7.0Beta1,6/11/2025 11:22:54,SSTDR,24,4,RG-58/U 50 ohm coax,0.66,None,Standard,0,0,24 MHz,105.762,12 MHz,12.57,6,2500,28.1492,2500,6.78459,Calibration,110,0
W50A000F,touch_1.7.0Beta1,6/11/2025 11:22:54,SSTDR,24,4,RG-58/U 50 ohm coax,0.66,None,Standard,0,0,24 MHz,105.762,12 MHz,12.57,6,2500,28.1492,2500,6.78459,Calibration,111,0
W50A000F,touch_1.7.0Beta1,6/11/2025 11:22:54,SSTDR,24,4,RG-58/U 50 ohm coax,0.66,None,Standard,0,0,24 MHz,105.762,12 MHz,12.57,6,2500,28.1492,2500,6.78459,Calibration,112,0
W50A000F,touch_1.7.0Beta1,6/11/2025 11:22:54,SSTDR,24,4,RG-58/U 50 ohm coax,0.66,None,Standard,0,0,24 MHz,105.762,12 MHz,12.57,6,2500,28.1492,2500,6.78459,Waveform,1,8.99999999999857
W50A000F,touch_1.7.0Beta1,6/11/2025 11:22:54,SSTDR,24,4,RG-58/U 50 ohm coax,0.66,None,Standard,0,0,24 MHz,105.762,12 MHz,12.57,6,2500,28.1492,2500,6.78459,Waveform,1.25,-24.4960860848627
W50A000F,touch_1.7.0Beta1,6/11/2025 11:22:54,SSTDR,24,4,RG-58/U 50 ohm coax,0.66,None,Standard,0,0,24 MHz,105.762,12 MHz,12.57,6,2500,28.1492,2500,6.78459,Waveform,1.5,-32.8626531583447
W50A000F,touch_1.7.0Beta1,6/11/2025 11:22:54,SSTDR,24,4,RG-58/U 50 ohm coax,0.66,None,Standard,0,0,24 MHz,105.762,12 MHz,12.57,6,2500,28.1492,2500,6.78459,Waveform,1.75,-23.0646923725534
W50A000F,touch_1.7.0Beta1,6/11/2025 11:22:54,SSTDR,24,4,RG-58/U 50 ohm coax,0.66,None,Standard,0,0,24 MHz,105.762,12 MHz,12.57,6,2500,28.1492,2500,6.78459,Waveform,2,-5.00000000000013
W50A000F,touch_1.7.0Beta1,6/11/2025 11:22:54,SSTDR,24,4,RG-58/U 50 ohm coax,0.66,None,Standard,0,0,24 MHz,105.762,12 MHz,12.57,6,2500,28.1492,2500,6.78459,Waveform,2.25,11.0784546915749
W50A000F,touch_1.7.0Beta1,6/11/2025 11:22:54,SSTDR,24,4,RG-58/U 50 ohm coax,0.66,None,Standard,0,0,24 MHz,105.762,12 MHz,12.57,6,2500,28.1492,2500,6.78459,Waveform,2.5,17.1304744197909
W50A000F,touch_1.7.0Beta1,6/11/2025 11:22:54,SSTDR,24,4,RG-58/U 50 ohm coax,0.66,None,Standard,0,0,24 MHz,105.762,12 MHz,12.57,6,2500,28.1492,2500,6.78459,Waveform,2.75,9.63335899265855
W50A000F,touch_1.7.0Beta1,6/11/2025 11:22:54,SSTDR,24,4,RG-58/U 50 ohm coax,0.66,None,Standard,0,0,24 MHz,105.762,12 MHz,12.57,6,2500,28.1492,2500,6.78459,Waveform,3,-8.9999999999987
W50A000F,touch_1.7.0Beta1,6/11/2025 11:22:54,SSTDR,24,4,RG-58/U 50 ohm coax,0.66,None,Standard,0,0,24 MHz,105.762,12 MHz,12.57,6,2500,28.1492,2500,6.78459,Waveform,3.25,-30.7387889881614
W50A000F,touch_1.7.0Beta1,6/11/2025 11:22:54,SSTDR,24,4,RG-58/U 50 ohm coax,0.66,None,Standard,0,0,24 MHz,105.762,12 MHz,12.57,6,2500,28.1492,2500,6.78459,Waveform,3.5,-44.5006312321278
W50A000F,touch_1.7.0Beta1,6/11/2025 11:22:54,SSTDR,24,4,RG-58/U 50 ohm coax,0.66,None,Standard,0,0,24 MHz,105.762,12 MHz,12.57,6,2500,28.1492,2500,6.78459,Waveform,3.75,-40.5276117919774
W50A000F,touch_1.7.0Beta1,6/11/2025 11:22:54,SSTDR,24,4,RG-58/U 50 ohm coax,0.66,None,Standard,0,0,24 MHz,105.762,12 MHz,12.57,6,2500,28.1492,2500,6.78459,Waveform,4,-14.9999999999986
W50A000F,touch_1.7.0Beta1,6/11/2025 11:22:54,SSTDR,24,4,RG-58/U 50 ohm coax,0.66,None,Standard,0,0,24 MHz,105.762,12 MHz,12.57,6,2500,28.1492,2500,6.78459,Waveform,4.25,27.2859560693704
W50A000F,touch_1.7.0Beta1,6/11/2025 11:22:54,SSTDR,24,4,RG-58/U 50 ohm coax,0.66,None,Standard,0,0,24 MHz,105.762,12 MHz,12.57,6,2500,28.1492,2500,6.78459,Waveform,4.5,73.8685328646488
W50A000F,touch_1.7.0Beta1,6/11/2025 11:22:54,SSTDR,24,4,RG-58/U 50 ohm coax,0.66,None,Standard,0,0,24 MHz,105.762,12 MHz,12.57,6,2500,28.1492,2500,6.78459,Waveform,4.75,109.33740726259
W50A000F,touch_1.7.0Beta1,6/11/2025 11:22:54,SSTDR,24,4,RG-58/U 50 ohm coax,0.66,None,Standard,0,0,24 MHz,105.762,12 MHz,12.57,6,2500,28.1492,2500,6.78459,Waveform,5,122.000000000002
W50A000F,touch_1.7.0Beta1,6/11/2025 11:22:54,SSTDR,24,4,RG-58/U 50 ohm coax,0.66,None,Standard,0,0,24 MHz,105.762,12 MHz,12.57,6,2500,28.1492,2500,6.78459,Waveform,5.25,109.363295537093
W50A000F,touch_1.7.0Beta1,6/11/2025 11:22:54,SSTDR,24,4,RG-58/U 50 ohm coax,0.66,None,Standard,0,0,24 MHz,105.762,12 MHz,12.57,6,2500,28.1492,2500,6.78459,Waveform,5.5,79.4660100752664
W50A000F,touch_1.7.0Beta1,6/11/2025 11:22:54,SSTDR,24,4,RG-58/U 50 ohm coax,0.66,None,Standard,0,0,24 MHz,105.762,12 MHz,12.57,6,2500,28.1492,2500,6.78459,Waveform,5.75,46.8936090010132
W50A000F,touch_1.7.0Beta1,6/11/2025 11:22:54,SSTDR,24,4,RG-58/U 50 ohm coax,0.66,None,Standard,0,0,24 MHz,105.762,12 MHz,12.57,6,2500,28.1492,2500,6.78459,Waveform,6,24.9999999999999
W50A000F,touch_1.7.0Beta1,6/11/2025 11:22:54,SSTDR,24,4,RG-58/U 50 ohm coax,0.66,None,Standard,0,0,24 MHz,105.762,12 MHz,12.57,6,2500,28.1492,2500,6.78459,Waveform,6.25,18.1266973293359
W50A000F,touch_1.7.0Beta1,6/11/2025 11:22:54,SSTDR,24,4,RG-58/U 50 ohm coax,0.66,None,Standard,0,0,24 MHz,105.762,12 MHz,12.57,6,2500,28.1492,2500,6.78459,Waveform,6.5,18.1882262882674
W50A000F,touch_1.7.0Beta1,6/11/2025 11:22:54,SSTDR,24,4,RG-58/U 50 ohm coax,0.66,None,Standard,0,0,24 MHz,105.762,12 MHz,12.57,6,2500,28.1492,2500,6.78459,Waveform,6.75,8.33237430845994
W50A000F,touch_1.7.0Beta1,6/11/2025 11:22:54,SSTDR,24,4,RG-58/U 50 ohm coax,0.66,None,Standard,0,0,24 MHz,105.762,12 MHz,12.57,6,2500,28.1492,2500,6.78459,Waveform,7,-27.0000000000009
W50A000F,touch_1.7.0Beta1,6/11/2025 11:22:54,SSTDR,24,4,RG-58/U 50 ohm coax,0.66,None,Standard,0,0,24 MHz,105.762,12 MHz,12.57,6,2500,28.1492,2500,6.78459,Waveform,7.25,-89.9730322080728
W50A000F,touch_1.7.0Beta1,6/11/2025 11:22:54,SSTDR,24,4,RG-58/U 50 ohm coax,0.66,None,Standard,0,0,24 MHz,105.762,12 MHz,12.57,6,2500,28.1492,2500,6.78459,Waveform,7.5,-161.806278304798
W50A000F,touch_1.7.0Beta1,6/11/2025 11:22:54,SSTDR,24,4,RG-58/U 50 ohm coax,0.66,None,Standard,0,0,24 MHz,105.762,12 MHz,12.57,6,2500,28.1492,2500,6.78459,Waveform,7.75,-205.867574522628
W50A000F,touch_1.7.0Beta1,6/11/2025 11:22:54,SSTDR,24,4,RG-58/U 50 ohm coax,0.66,None,Standard,0,0,24 MHz,105.762,12 MHz,12.57,6,2500,28.1492,2500,6.78459,Waveform,8,-183.999999999999
W50A000F,touch_1.7.0Beta1,6/11/2025 11:22:54,SSTDR,24,4,RG-58/U 50 ohm coax,0.66,None,Standard,0,0,24 MHz,105.762,12 MHz,12.57,6,2500,28.1492,2500,6.78459,Waveform,8.25,-83.1540897833568
W50A000F,touch_1.7.0Beta1,6/11/2025 11:22:54,SSTDR,24,4,RG-58/U 50 ohm coax,0.66,None,Standard,0,0,24 MHz,105.762,12 MHz,12.57,6,2500,28.1492,2500,6.78459,Waveform,8.5,56.243245041343
W50A000F,touch_1.7.0Beta1,6/11/2025 11:22:54,SSTDR,24,4,RG-58/U 50 ohm coax,0.66,None,Standard,0,0,24 MHz,105.762,12 MHz,12.57,6,2500,28.1492,2500,6.78459,Waveform,8.75,122.312495470773
W50A000F,touch_1.7.0Beta1,6/11/2025 11:22:54,SSTDR,24,4,RG-58/U 50 ohm coax,0.66,None,Standard,0,0,24 MHz,105.762,12 MHz,12.57,6,2500,28.1492,2500,6.78459,Waveform,9,-63.9999999999992
W50A000F,touch_1.7.0Beta1,6/11/2025 11:22:54,SSTDR,24,4,RG-58/U 50 ohm coax,0.66,None,Standard,0,0,24 MHz,105.762,12 MHz,12.57,6,2500,28.1492,2500,6.78459,Waveform,9.25,-715.305283353503
W50A000F,touch_1.7.0Beta1,6/11/2025 11:22:54,SSTDR,24,4,RG-58/U 50 ohm coax,0.66,None,Standard,0,0,24 MHz,105.762,12 MHz,12.57,6,2500,28.1492,2500,6.78459,Waveform,9.5,-2016.30541354703
W50A000F,touch_1.7.0Beta1,6/11/2025 11:22:54,SSTDR,24,4,RG-58/U 50 ohm coax,0.66,None,Standard,0,0,24 MHz,105.762,12 MHz,12.57,6,2500,28.1492,2500,6.78459,Waveform,9.75,-4046.24657234063
W50A000F,touch_1.7.0Beta1,6/11/2025 11:22:54,SSTDR,24,4,RG-58/U 50 ohm coax,0.66,None,Standard,0,0,24 MHz,105.762,12 MHz,12.57,6,2500,28.1492,2500,6.78459,Waveform,10,-6706
W50A000F,touch_1.7.0Beta1,6/11/2025 11:22:54,SSTDR,24,4,RG-58/U 50 ohm coax,0.66,None,Standard,0,0,24 MHz,105.762,12 MHz,12.57,6,2500,28.1492,2500,6.78459,Waveform,10.25,-9674.8124648132
W50A000F,touch_1.7.0Beta1,6/11/2025 11:22:54,SSTDR,24,4,RG-58/U 50 ohm coax,0.66,None,Standard,0,0,24 MHz,105.762,12 MHz,12.57,6,2500,28.1492,2500,6.78459,Waveform,10.5,-12418.9932102465
W50A000F,touch_1.7.0Beta1,6/11/2025 11:22:54,SSTDR,24,4,RG-58/U 50 ohm coax,0.66,None,Standard,0,0,24 MHz,105.762,12 MHz,12.57,6,2500,28.1492,2500,6.78459,Waveform,10.75,-14264.1755273577
W50A000F,touch_1.7.0Beta1,6/11/2025 11:22:54,SSTDR,24,4,RG-58/U 50 ohm coax,0.66,None,Standard,0,0,24 MHz,105.762,12 MHz,12.57,6,2500,28.1492,2500,6.78459,Waveform,11,-14526
W50A000F,touch_1.7.0Beta1,6/11/2025 11:22:54,SSTDR,24,4,RG-58/U 50 ohm coax,0.66,None,Standard,0,0,24 MHz,105.762,12 MHz,12.57,6,2500,28.1492,2500,6.78459,Waveform,11.25,-12675.2573071118
W50A000F,touch_1.7.0Beta1,6/11/2025 11:22:54,SSTDR,24,4,RG-58/U 50 ohm coax,0.66,None,Standard,0,0,24 MHz,105.762,12 MHz,12.57,6,2500,28.1492,2500,6.78459,Waveform,11.5,-8498.42369567434
W50A000F,touch_1.7.0Beta1,6/11/2025 11:22:54,SSTDR,24,4,RG-58/U 50 ohm coax,0.66,None,Standard,0,0,24 MHz,105.762,12 MHz,12.57,6,2500,28.1492,2500,6.78459,Waveform,11.75,-2208.73941544163
W50A000F,touch_1.7.0Beta1,6/11/2025 11:22:54,SSTDR,24,4,RG-58/U 50 ohm coax,0.66,None,Standard,0,0,24 MHz,105.762,12 MHz,12.57,6,2500,28.1492,2500,6.78459,Waveform,12,5530
W50A000F,touch_1.7.0Beta1,6/11/2025 11:22:54,SSTDR,24,4,RG-58/U 50 ohm coax,0.66,None,Standard,0,0,24 MHz,105.762,12 MHz,12.57,6,2500,28.1492,2500,6.78459,Waveform,12.25,13685.2454306144
W50A000F,touch_1.7.0Beta1,6/11/2025 11:22:54,SSTDR,24,4,RG-58/U 50 ohm coax,0.66,None,Standard,0,0,24 MHz,105.762,12 MHz,12.57,6,2500,28.1492,2500,6.78459,Waveform,12.5,21033.9447460419
W50A000F,touch_1.7.0Beta1,6/11/2025 11:22:54,SSTDR,24,4,RG-58/U 50 ohm coax,0.66,None,Standard,0,0,24 MHz,105.762,12 MHz,12.57,6,2500,28.1492,2500,6.78459,Waveform,12.75,26400.5405119966
W50A000F,touch_1.7.0Beta1,6/11/2025 11:22:54,SSTDR,24,4,RG-58/U 50 ohm coax,0.66,None,Standard,0,0,24 MHz,105.762,12 MHz,12.57,6,2500,28.1492,2500,6.78459,Waveform,13,28899
W50A000F,touch_1.7.0Beta1,6/11/2025 11:22:54,SSTDR,24,4,RG-58/U 50 ohm coax,0.66,None,Standard,0,0,24 MHz,105.762,12 MHz,12.57,6,2500,28.1492,2500,6.78459,Waveform,13.25,28119.2019272593
W50A000F,touch_1.7.0Beta1,6/11/2025 11:22:54,SSTDR,24,4,RG-58/U 50 ohm coax,0.66,None,Standard,0,0,24 MHz,105.762,12 MHz,12.57,6,2500,28.1492,2500,6.78459,Waveform,13.5,24211.0261767109
W50A000F,touch_1.7.0Beta1,6/11/2025 11:22:54,SSTDR,24,4,RG-58/U 50 ohm coax,0.66,None,Standard,0,0,24 MHz,105.762,12 MHz,12.57,6,2500,28.1492,2500,6.78459,Waveform,13.75,17845.9583332353
W50A000F,touch_1.7.0Beta1,6/11/2025 11:22:54,SSTDR,24,4,RG-58/U 50 ohm coax,0.66,None,Standard,0,0,24 MHz,105.762,12 MHz,12.57,6,2500,28.1492,2500,6.78459,Waveform,14,10068
W50A000F,touch_1.7.0Beta1,6/11/2025 11:22:54,SSTDR,24,4,RG-58/U 50 ohm coax,0.66,None,Standard,0,0,24 MHz,105.762,12 MHz,12.57,6,2500,28.1492,2500,6.78459,Waveform,14.25,2073.53694301044
W50A000F,touch_1.7.0Beta1,6/11/2025 11:22:54,SSTDR,24,4,RG-58/U 50 ohm coax,0.66,None,Standard,0,0,24 MHz,105.762,12 MHz,12.57,6,2500,28.1492,2500,6.78459,Waveform,14.5,-5024.48653632135
W50A000F,touch_1.7.0Beta1,6/11/2025 11:22:54,SSTDR,24,4,RG-58/U 50 ohm coax,0.66,None,Standard,0,0,24 MHz,105.762,12 MHz,12.57,6,2500,28.1492,2500,6.78459,Waveform,14.75,-10393.040707264
W50A000F,touch_1.7.0Beta1,6/11/2025 11:22:54,SSTDR,24,4,RG-58/U 50 ohm coax,0.66,None,Standard,0,0,24 MHz,105.762,12 MHz,12.57,6,2500,28.1492,2500,6.78459,Waveform,15,-13596
W50A000F,touch_1.7.0Beta1,6/11/2025 11:22:54,SSTDR,24,4,RG-58/U 50 ohm coax,0.66,None,Standard,0,0,24 MHz,105.762,12 MHz,12.57,6,2500,28.1492,2500,6.78459,Waveform,15.25,-14615.3376717931
W50A000F,touch_1.7.0Beta1,6/11/2025 11:22:54,SSTDR,24,4,RG-58/U 50 ohm coax,0.66,None,Standard,0,0,24 MHz,105.762,12 MHz,12.57,6,2500,28.1492,2500,6.78459,Waveform,15.5,-13785.2151013065
W50A000F,touch_1.7.0Beta1,6/11/2025 11:22:54,SSTDR,24,4,RG-58/U 50 ohm coax,0.66,None,Standard,0,0,24 MHz,105.762,12 MHz,12.57,6,2500,28.1492,2500,6.78459,Waveform,15.75,-11666.8268679872
W50A000F,touch_1.7.0Beta1,6/11/2025 11:22:54,SSTDR,24,4,RG-58/U 50 ohm coax,0.66,None,Standard,0,0,24 MHz,105.762,12 MHz,12.57,6,2500,28.1492,2500,6.78459,Waveform,16,-8901
W50A000F,touch_1.7.0Beta1,6/11/2025 11:22:54,SSTDR,24,4,RG-58/U 50 ohm coax,0.66,None,Standard,0,0,24 MHz,105.762,12 MHz,12.57,6,2500,28.1492,2500,6.78459,Waveform,16.25,-6074.04853713717
W50A000F,touch_1.7.0Beta1,6/11/2025 11:22:54,SSTDR,24,4,RG-58/U 50 ohm coax,0.66,None,Standard,0,0,24 MHz,105.762,12 MHz,12.57,6,2500,28.1492,2500,6.78459,Waveform,16.5,-3622.70937484314
W50A000F,touch_1.7.0Beta1,6/11/2025 11:22:54,SSTDR,24,4,RG-58/U 50 ohm coax,0.66,None,Standard,0,0,24 MHz,105.762,12 MHz,12.57,6,2500,28.1492,2500,6.78459,Waveform,16.75,-1790.22910734637
W50A000F,touch_1.7.0Beta1,6/11/2025 11:22:54,SSTDR,24,4,RG-58/U 50 ohm coax,0.66,None,Standard,0,0,24 MHz,105.762,12 MHz,12.57,6,2500,28.1492,2500,6.78459,Waveform,17,-632.000000000002
W50A000F,touch_1.7.0Beta1,6/11/2025 11:22:54,SSTDR,24,4,RG-58/U 50 ohm coax,0.66,None,Standard,0,0,24 MHz,105.762,12 MHz,12.57,6,2500,28.1492,2500,6.78459,Waveform,17.25,-58.657957715835
W50A000F,touch_1.7.0Beta1,6/11/2025 11:22:54,SSTDR,24,4,RG-58/U 50 ohm coax,0.66,None,Standard,0,0,24 MHz,105.762,12 MHz,12.57,6,2500,28.1492,2500,6.78459,Waveform,17.5,101.152890543977
W50A000F,touch_1.7.0Beta1,6/11/2025 11:22:54,SSTDR,24,4,RG-58/U 50 ohm coax,0.66,None,Standard,0,0,24 MHz,105.762,12 MHz,12.57,6,2500,28.1492,2500,6.78459,Waveform,17.75,36.869462161213
W50A000F,touch_1.7.0Beta1,6/11/2025 11:22:54,SSTDR,24,4,RG-58/U 50 ohm coax,0.66,None,Standard,0,0,24 MHz,105.762,12 MHz,12.57,6,2500,28.1492,2500,6.78459,Waveform,18,-94
W50A000F,touch_1.7.0Beta1,6/11/2025 11:22:54,SSTDR,24,4,RG-58/U 50 ohm coax,0.66,None,Standard,0,0,24 MHz,105.762,12 MHz,12.57,6,2500,28.1492,2500,6.78459,Waveform,18.25,-193.218272695416
W50A000F,touch_1.7.0Beta1,6/11/2025 11:22:54,SSTDR,24,4,RG-58/U 50 ohm coax,0.66,None,Standard,0,0,24 MHz,105.762,12 MHz,12.57,6,2500,28.1492,2500,6.78459,Waveform,18.5,-225.092863568569
W50A000F,touch_1.7.0Beta1,6/11/2025 11:22:54,SSTDR,24,4,RG-58/U 50 ohm coax,0.66,None,Standard,0,0,24 MHz,105.762,12 MHz,12.57,6,2500,28.1492,2500,6.78459,Waveform,18.75,-200.906237606852
W50A000F,touch_1.7.0Beta1,6/11/2025 11:22:54,SSTDR,24,4,RG-58/U 50 ohm coax,0.66,None,Standard,0,0,24 MHz,105.762,12 MHz,12.57,6,2500,28.1492,2500,6.78459,Waveform,19,-154
W50A000F,touch_1.7.0Beta1,6/11/2025 11:22:54,SSTDR,24,4,RG-58/U 50 ohm coax,0.66,None,Standard,0,0,24 MHz,105.762,12 MHz,12.57,6,2500,28.1492,2500,6.78459,Waveform,19.25,-115.925194849157
W50A000F,touch_1.7.0Beta1,6/11/2025 11:22:54,SSTDR,24,4,RG-58/U 50 ohm coax,0.66,None,Standard,0,0,24 MHz,105.762,12 MHz,12.57,6,2500,28.1492,2500,6.78459,Waveform,19.5,-101.605193805405
W50A000F,touch_1.7.0Beta1,6/11/2025 11:22:54,SSTDR,24,4,RG-58/U 50 ohm coax,0.66,None,Standard,0,0,24 MHz,105.762,12 MHz,12.57,6,2500,28.1492,2500,6.78459,Waveform,19.75,-106.682444873024
W50A000F,touch_1.7.0Beta1,6/11/2025 11:22:54,SSTDR,24,4,RG-58/U 50 ohm coax,0.66,None,Standard,0,0,24 MHz,105.762,12 MHz,12.57,6,2500,28.1492,2500,6.78459,Waveform,20,-115.000000000001
W50A000F,touch_1.7.0Beta1,6/11/2025 11:22:54,SSTDR,24,4,RG-58/U 50 ohm coax,0.66,None,Standard,0,0,24 MHz,105.762,12 MHz,12.57,6,2500,28.1492,2500,6.78459,Waveform,20.25,-110.485041010173
W50A000F,touch_1.7.0Beta1,6/11/2025 11:22:54,SSTDR,24,4,RG-58/U 50 ohm coax,0.66,None,Standard,0,0,24 MHz,105.762,12 MHz,12.57,6,2500,28.1492,2500,6.78459,Waveform,20.5,-86.8588345995341
W50A000F,touch_1.7.0Beta1,6/11/2025 11:22:54,SSTDR,24,4,RG-58/U 50 ohm coax,0.66,None,Standard,0,0,24 MHz,105.762,12 MHz,12.57,6,2500,28.1492,2500,6.78459,Waveform,20.75,-50.6733804842047
W50A000F,touch_1.7.0Beta1,6/11/2025 11:22:54,SSTDR,24,4,RG-58/U 50 ohm coax,0.66,None,Standard,0,0,24 MHz,105.762,12 MHz,12.57,6,2500,28.1492,2500,6.78459,Waveform,21,-16.9999999999992
W50A000F,touch_1.7.0Beta1,6/11/2025 11:22:54,SSTDR,24,4,RG-58/U 50 ohm coax,0.66,None,Standard,0,0,24 MHz,105.762,12 MHz,12.57,6,2500,28.1492,2500,6.78459,Waveform,21.25,-0.798448340217915
W50A000F,touch_1.7.0Beta1,6/11/2025 11:22:54,SSTDR,24,4,RG-58/U 50 ohm coax,0.66,None,Standard,0,0,24 MHz,105.762,12 MHz,12.57,6,2500,28.1492,2500,6.78459,Waveform,21.5,-8.87339367630117
W50A000F,touch_1.7.0Beta1,6/11/2025 11:22:54,SSTDR,24,4,RG-58/U 50 ohm coax,0.66,None,Standard,0,0,24 MHz,105.762,12 MHz,12.57,6,2500,28.1492,2500,6.78459,Waveform,21.75,-36.6219698387613
W50A000F,touch_1.7.0Beta1,6/11/2025 11:22:54,SSTDR,24,4,RG-58/U 50 ohm coax,0.66,None,Standard,0,0,24 MHz,105.762,12 MHz,12.57,6,2500,28.1492,2500,6.78459,Waveform,22,-71.0000000000006
W50A000F,touch_1.7.0Beta1,6/11/2025 11:22:54,SSTDR,24,4,RG-58/U 50 ohm coax,0.66,None,Standard,0,0,24 MHz,105.762,12 MHz,12.57,6,2500,28.1492,2500,6.78459,Waveform,22.25,-97.7688421536295
W50A000F,touch_1.7.0Beta1,6/11/2025 11:22:54,SSTDR,24,4,RG-58/U 50 ohm coax,0.66,None,Standard,0,0,24 MHz,105.762,12 MHz,12.57,6,2500,28.1492,2500,6.78459,Waveform,22.5,-108.844393322623
W50A000F,touch_1.7.0Beta1,6/11/2025 11:22:54,SSTDR,24,4,RG-58/U 50 ohm coax,0.66,None,Standard,0,0,24 MHz,105.762,12 MHz,12.57,6,2500,28.1492,2500,6.78459,Waveform,22.75,-105.57216671419
W50A000F,touch_1.7.0Beta1,6/11/2025 11:22:54,SSTDR,24,4,RG-58/U 50 ohm coax,0.66,None,Standard,0,0,24 MHz,105.762,12 MHz,12.57,6,2500,28.1492,2500,6.78459,Waveform,23,-95.9999999999997
W50A000F,touch_1.7.0Beta1,6/11/2025 11:22:54,SSTDR,24,4,RG-58/U 50 ohm coax,0.66,None,Standard,0,0,24 MHz,105.762,12 MHz,12.57,6,2500,28.1492,2500,6.78459,Waveform,23.25,-87.6217381182108
W50A000F,touch_1.7.0Beta1,6/11/2025 11:22:54,SSTDR,24,4,RG-58/U 50 ohm coax,0.66,None,Standard,0,0,24 MHz,105.762,12 MHz,12.57,6,2500,28.1492,2500,6.78459,Waveform,23.5,-79.9601443584318
W50A000F,touch_1.7.0Beta1,6/11/2025 11:22:54,SSTDR,24,4,RG-58/U 50 ohm coax,0.66,None,Standard,0,0,24 MHz,105.762,12 MHz,12.57,6,2500,28.1492,2500,6.78459,Waveform,23.75,-62.275587755023
W50A000F,touch_1.7.0Beta1,6/11/2025 11:22:54,SSTDR,24,4,RG-58/U 50 ohm coax,0.66,None,Standard,0,0,24 MHz,105.762,12 MHz,12.57,6,2500,28.1492,2500,6.78459,Waveform,24,-19.9999999999997
W50A000F,touch_1.7.0Beta1,6/11/2025 11:22:54,SSTDR,24,4,RG-58/U 50 ohm coax,0.66,None,Standard,0,0,24 MHz,105.762,12 MHz,12.57,6,2500,28.1492,2500,6.78459,Waveform,24.25,50.3128071094662
W50A000F,touch_1.7.0Beta1,6/11/2025 11:22:54,SSTDR,24,4,RG-58/U 50 ohm coax,0.66,None,Standard,0,0,24 MHz,105.762,12 MHz,12.57,6,2500,28.1492,2500,6.78459,Waveform,24.5,122.24767652696
W50A000F,touch_1.7.0Beta1,6/11/2025 11:22:54,SSTDR,24,4,RG-58/U 50 ohm coax,0.66,None,Standard,0,0,24 MHz,105.762,12 MHz,12.57,6,2500,28.1492,2500,6.78459,Waveform,24.75,125.146446267017
W50A000F,touch_1.7.0Beta1,6/11/2025 11:22:54,SSTDR,24,4,RG-58/U 50 ohm coax,0.66,None,Standard,0,0,24 MHz,105.762,12 MHz,12.57,6,2500,28.1492,2500,6.78459,Waveform,25,-56.9999999999996
W50A000F,touch_1.7.0Beta1,6/11/2025 11:22:54,SSTDR,24,4,RG-58/U 50 ohm coax,0.66,None,Standard,0,0,24 MHz,105.762,12 MHz,12.57,6,2500,28.1492,2500,6.78459,Waveform,25.25,-567.097616079032
W50A000F,touch_1.7.0Beta1,6/11/2025 11:22:54,SSTDR,24,4,RG-58/U 50 ohm coax,0.66,None,Standard,0,0,24 MHz,105.762,12 MHz,12.57,6,2500,28.1492,2500,6.78459,Waveform,25.5,-1536.31407797126
W50A000F,touch_1.7.0Beta1,6/11/2025 11:22:54,SSTDR,24,4,RG-58/U 50 ohm coax,0.66,None,Standard,0,0,24 MHz,105.762,12 MHz,12.57,6,2500,28.1492,2500,6.78459,Waveform,25.75,-3031.92339414449
W50A000F,touch_1.7.0Beta1,6/11/2025 11:22:54,SSTDR,24,4,RG-58/U 50 ohm coax,0.66,None,Standard,0,0,24 MHz,105.762,12 MHz,12.57,6,2500,28.1492,2500,6.78459,Waveform,26,-5005
W50A000F,touch_1.7.0Beta1,6/11/2025 11:22:54,SSTDR,24,4,RG-58/U 50 ohm coax,0.66,None,Standard,0,0,24 MHz,105.762,12 MHz,12.57,6,2500,28.1492,2500,6.78459,Waveform,26.25,-7255.11042640441
W50A000F,touch_1.7.0Beta1,6/11/2025 11:22:54,SSTDR,24,4,RG-58/U 50 ohm coax,0.66,None,Standard,0,0,24 MHz,105.762,12 MHz,12.57,6,2500,28.1492,2500,6.78459,Waveform,26.5,-9428.16290368677
W50A000F,touch_1.7.0Beta1,6/11/2025 11:22:54,SSTDR,24,4,RG-58/U 50 ohm coax,0.66,None,Standard,0,0,24 MHz,105.762,12 MHz,12.57,6,2500,28.1492,2500,6.78459,Waveform,26.75,-11057.1849030449
W50A000F,touch_1.7.0Beta1,6/11/2025 11:22:54,SSTDR,24,4,RG-58/U 50 ohm coax,0.66,None,Standard,0,0,24 MHz,105.762,12 MHz,12.57,6,2500,28.1492,2500,6.78459,Waveform,27,-11645
W50A000F,touch_1.7.0Beta1,6/11/2025 11:22:54,SSTDR,24,4,RG-58/U 50 ohm coax,0.66,None,Standard,0,0,24 MHz,105.762,12 MHz,12.57,6,2500,28.1492,2500,6.78459,Waveform,27.25,-10775.1766826536
W50A000F,touch_1.7.0Beta1,6/11/2025 11:22:54,SSTDR,24,4,RG-58/U 50 ohm coax,0.66,None,Standard,0,0,24 MHz,105.762,12 MHz,12.57,6,2500,28.1492,2500,6.78459,Waveform,27.5,-8226.86921192841
W50A000F,touch_1.7.0Beta1,6/11/2025 11:22:54,SSTDR,24,4,RG-58/U 50 ohm coax,0.66,None,Standard,0,0,24 MHz,105.762,12 MHz,12.57,6,2500,28.1492,2500,6.78459,Waveform,27.75,-4063.89674764229
W50A000F,touch_1.7.0Beta1,6/11/2025 11:22:54,SSTDR,24,4,RG-58/U 50 ohm coax,0.66,None,Standard,0,0,24 MHz,105.762,12 MHz,12.57,6,2500,28.1492,2500,6.78459,Waveform,28,1329
W50A000F,touch_1.7.0Beta1,6/11/2025 11:22:54,SSTDR,24,4,RG-58/U 50 ohm coax,0.66,None,Standard,0,0,24 MHz,105.762,12 MHz,12.57,6,2500,28.1492,2500,6.78459,Waveform,28.25,7279.15011010868
W50A000F,touch_1.7.0Beta1,6/11/2025 11:22:54,SSTDR,24,4,RG-58/U 50 ohm coax,0.66,None,Standard,0,0,24 MHz,105.762,12 MHz,12.57,6,2500,28.1492,2500,6.78459,Waveform,28.5,12928.276733581
W50A000F,touch_1.7.0Beta1,6/11/2025 11:22:54,SSTDR,24,4,RG-58/U 50 ohm coax,0.66,None,Standard,0,0,24 MHz,105.762,12 MHz,12.57,6,2500,28.1492,2500,6.78459,Waveform,28.75,17386.4813615923
W50A000F,touch_1.7.0Beta1,6/11/2025 11:22:54,SSTDR,24,4,RG-58/U 50 ohm coax,0.66,None,Standard,0,0,24 MHz,105.762,12 MHz,12.57,6,2500,28.1492,2500,6.78459,Waveform,29,19906
W50A000F,touch_1.7.0Beta1,6/11/2025 11:22:54,SSTDR,24,4,RG-58/U 50 ohm coax,0.66,None,Standard,0,0,24 MHz,105.762,12 MHz,12.57,6,2500,28.1492,2500,6.78459,Waveform,29.25,20036.2468980722
W50A000F,touch_1.7.0Beta1,6/11/2025 11:22:54,SSTDR,24,4,RG-58/U 50 ohm coax,0.66,None,Standard,0,0,24 MHz,105.762,12 MHz,12.57,6,2500,28.1492,2500,6.78459,Waveform,29.5,17724.6075491301
W50A000F,touch_1.7.0Beta1,6/11/2025 11:22:54,SSTDR,24,4,RG-58/U 50 ohm coax,0.66,None,Standard,0,0,24 MHz,105.762,12 MHz,12.57,6,2500,28.1492,2500,6.78459,Waveform,29.75,13339.1702461255
W50A000F,touch_1.7.0Beta1,6/11/2025 11:22:54,SSTDR,24,4,RG-58/U 50 ohm coax,0.66,None,Standard,0,0,24 MHz,105.762,12 MHz,12.57,6,2500,28.1492,2500,6.78459,Waveform,30,7607
W50A000F,touch_1.7.0Beta1,6/11/2025 11:22:54,SSTDR,24,4,RG-58/U 50 ohm coax,0.66,None,Standard,0,0,24 MHz,105.762,12 MHz,12.57,6,2500,28.1492,2500,6.78459,Waveform,30.25,1480.26353195416
W50A000F,touch_1.7.0Beta1,6/11/2025 11:22:54,SSTDR,24,4,RG-58/U 50 ohm coax,0.66,None,Standard,0,0,24 MHz,105.762,12 MHz,12.57,6,2500,28.1492,2500,6.78459,Waveform,30.5,-4041.90723379481
W50A000F,touch_1.7.0Beta1,6/11/2025 11:22:54,SSTDR,24,4,RG-58/U 50 ohm coax,0.66,None,Standard,0,0,24 MHz,105.762,12 MHz,12.57,6,2500,28.1492,2500,6.78459,Waveform,30.75,-8098.82547362574
W50A000F,touch_1.7.0Beta1,6/11/2025 11:22:54,SSTDR,24,4,RG-58/U 50 ohm coax,0.66,None,Standard,0,0,24 MHz,105.762,12 MHz,12.57,6,2500,28.1492,2500,6.78459,Waveform,31,-10123
W50A000F,touch_1.7.0Beta1,6/11/2025 11:22:54,SSTDR,24,4,RG-58/U 50 ohm coax,0.66,None,Standard,0,0,24 MHz,105.762,12 MHz,12.57,6,2500,28.1492,2500,6.78459,Waveform,31.25,-9933.38773717619
W50A000F,touch_1.7.0Beta1,6/11/2025 11:22:54,SSTDR,24,4,RG-58/U 50 ohm coax,0.66,None,Standard,0,0,24 MHz,105.762,12 MHz,12.57,6,2500,28.1492,2500,6.78459,Waveform,31.5,-7749.7752177361
W50A000F,touch_1.7.0Beta1,6/11/2025 11:22:54,SSTDR,24,4,RG-58/U 50 ohm coax,0.66,None,Standard,0,0,24 MHz,105.762,12 MHz,12.57,6,2500,28.1492,2500,6.78459,Waveform,31.75,-4127.9124663725
W50A000F,touch_1.7.0Beta1,6/11/2025 11:22:54,SSTDR,24,4,RG-58/U 50 ohm coax,0.66,None,Standard,0,0,24 MHz,105.762,12 MHz,12.57,6,2500,28.1492,2500,6.78459,Waveform,32,167.999999999999
W50A000F,touch_1.7.0Beta1,6/11/2025 11:22:54,SSTDR,24,4,RG-58/U 50 ohm coax,0.66,None,Standard,0,0,24 MHz,105.762,12 MHz,12.57,6,2500,28.1492,2500,6.78459,Waveform,32.25,4325.6172055999
W50A000F,touch_1.7.0Beta1,6/11/2025 11:22:54,SSTDR,24,4,RG-58/U 50 ohm coax,0.66,None,Standard,0,0,24 MHz,105.762,12 MHz,12.57,6,2500,28.1492,2500,6.78459,Waveform,32.5,7641.31494657929
W50A000F,touch_1.7.0Beta1,6/11/2025 11:22:54,SSTDR,24,4,RG-58/U 50 ohm coax,0.66,None,Standard,0,0,24 MHz,105.762,12 MHz,12.57,6,2500,28.1492,2500,6.78459,Waveform,32.75,9639.6442335436
W50A000F,touch_1.7.0Beta1,6/11/2025 11:22:54,SSTDR,24,4,RG-58/U 50 ohm coax,0.66,None,Standard,0,0,24 MHz,105.762,12 MHz,12.57,6,2500,28.1492,2500,6.78459,Waveform,33,10132
W50A000F,touch_1.7.0Beta1,6/11/2025 11:22:54,SSTDR,24,4,RG-58/U 50 ohm coax,0.66,None,Standard,0,0,24 MHz,105.762,12 MHz,12.57,6,2500,28.1492,2500,6.78459,Waveform,33.25,9207.41608040604
W50A000F,touch_1.7.0Beta1,6/11/2025 11:22:54,SSTDR,24,4,RG-58/U 50 ohm coax,0.66,None,Standard,0,0,24 MHz,105.762,12 MHz,12.57,6,2500,28.1492,2500,6.78459,Waveform,33.5,7165.91120770085
W50A000F,touch_1.7.0Beta1,6/11/2025 11:22:54,SSTDR,24,4,RG-58/U 50 ohm coax,0.66,None,Standard,0,0,24 MHz,105.762,12 MHz,12.57,6,2500,28.1492,2500,6.78459,Waveform,33.75,4418.51081675173
W50A000F,touch_1.7.0Beta1,6/11/2025 11:22:54,SSTDR,24,4,RG-58/U 50 ohm coax,0.66,None,Standard,0,0,24 MHz,105.762,12 MHz,12.57,6,2500,28.1492,2500,6.78459,Waveform,34,1384
W50A000F,touch_1.7.0Beta1,6/11/2025 11:22:54,SSTDR,24,4,RG-58/U 50 ohm coax,0.66,None,Standard,0,0,24 MHz,105.762,12 MHz,12.57,6,2500,28.1492,2500,6.78459,Waveform,34.25,-1590.82231983614
W50A000F,touch_1.7.0Beta1,6/11/2025 11:22:54,SSTDR,24,4,RG-58/U 50 ohm coax,0.66,None,Standard,0,0,24 MHz,105.762,12 MHz,12.57,6,2500,28.1492,2500,6.78459,Waveform,34.5,-4271.47915685129
W50A000F,touch_1.7.0Beta1,6/11/2025 11:22:54,SSTDR,24,4,RG-58/U 50 ohm coax,0.66,None,Standard,0,0,24 MHz,105.762,12 MHz,12.57,6,2500,28.1492,2500,6.78459,Waveform,34.75,-6535.13633662557
W50A000F,touch_1.7.0Beta1,6/11/2025 11:22:54,SSTDR,24,4,RG-58/U 50 ohm coax,0.66,None,Standard,0,0,24 MHz,105.762,12 MHz,12.57,6,2500,28.1492,2500,6.78459,Waveform,35,-8340
W50A000F,touch_1.7.0Beta1,6/11/2025 11:22:54,SSTDR,24,4,RG-58/U 50 ohm coax,0.66,None,Standard,0,0,24 MHz,105.762,12 MHz,12.57,6,2500,28.1492,2500,6.78459,Waveform,35.25,-9682.92232231362
W50A000F,touch_1.7.0Beta1,6/11/2025 11:22:54,SSTDR,24,4,RG-58/U 50 ohm coax,0.66,None,Standard,0,0,24 MHz,105.762,12 MHz,12.57,6,2500,28.1492,2500,6.78459,Waveform,35.5,-10563.133935246
W50A000F,touch_1.7.0Beta1,6/11/2025 11:22:54,SSTDR,24,4,RG-58/U 50 ohm coax,0.66,None,Standard,0,0,24 MHz,105.762,12 MHz,12.57,6,2500,28.1492,2500,6.78459,Waveform,35.75,-10963.7874307003
W50A000F,touch_1.7.0Beta1,6/11/2025 11:22:54,SSTDR,24,4,RG-58/U 50 ohm coax,0.66,None,Standard,0,0,24 MHz,105.762,12 MHz,12.57,6,2500,28.1492,2500,6.78459,Waveform,36,-10854
W50A000F,touch_1.7.0Beta1,6/11/2025 11:22:54,SSTDR,24,4,RG-58/U 50 ohm coax,0.66,None,Standard,0,0,24 MHz,105.762,12 MHz,12.57,6,2500,28.1492,2500,6.78459,Waveform,36.25,-10206.0607966381
W50A000F,touch_1.7.0Beta1,6/11/2025 11:22:54,SSTDR,24,4,RG-58/U 50 ohm coax,0.66,None,Standard,0,0,24 MHz,105.762,12 MHz,12.57,6,2500,28.1492,2500,6.78459,Waveform,36.5,-9018.0841146675
W50A000F,touch_1.7.0Beta1,6/11/2025 11:22:54,SSTDR,24,4,RG-58/U 50 ohm coax,0.66,None,Standard,0,0,24 MHz,105.762,12 MHz,12.57,6,2500,28.1492,2500,6.78459,Waveform,36.75,-7332.37121125709
W50A000F,touch_1.7.0Beta1,6/11/2025 11:22:54,SSTDR,24,4,RG-58/U 50 ohm coax,0.66,None,Standard,0,0,24 MHz,105.762,12 MHz,12.57,6,2500,28.1492,2500,6.78459,Waveform,37,-5243
W50A000F,touch_1.7.0Beta1,6/11/2025 11:22:54,SSTDR,24,4,RG-58/U 50 ohm coax,0.66,None,Standard,0,0,24 MHz,105.762,12 MHz,12.57,6,2500,28.1492,2500,6.78459,Waveform,37.25,-2890.66877164901
W50A000F,touch_1.7.0Beta1,6/11/2025 11:22:54,SSTDR,24,4,RG-58/U 50 ohm coax,0.66,None,Standard,0,0,24 MHz,105.762,12 MHz,12.57,6,2500,28.1492,2500,6.78459,Waveform,37.5,-446.721984355194
W50A000F,touch_1.7.0Beta1,6/11/2025 11:22:54,SSTDR,24,4,RG-58/U 50 ohm coax,0.66,None,Standard,0,0,24 MHz,105.762,12 MHz,12.57,6,2500,28.1492,2500,6.78459,Waveform,37.75,1909.37018462619
W50A000F,touch_1.7.0Beta1,6/11/2025 11:22:54,SSTDR,24,4,RG-58/U 50 ohm coax,0.66,None,Standard,0,0,24 MHz,105.762,12 MHz,12.57,6,2500,28.1492,2500,6.78459,Waveform,38,4014
W50A000F,touch_1.7.0Beta1,6/11/2025 11:22:54,SSTDR,24,4,RG-58/U 50 ohm coax,0.66,None,Standard,0,0,24 MHz,105.762,12 MHz,12.57,6,2500,28.1492,2500,6.78459,Waveform,38.25,5740.00447969959
W50A000F,touch_1.7.0Beta1,6/11/2025 11:22:54,SSTDR,24,4,RG-58/U 50 ohm coax,0.66,None,Standard,0,0,24 MHz,105.762,12 MHz,12.57,6,2500,28.1492,2500,6.78459,Waveform,38.5,7009.75744270135
W50A000F,touch_1.7.0Beta1,6/11/2025 11:22:54,SSTDR,24,4,RG-58/U 50 ohm coax,0.66,None,Standard,0,0,24 MHz,105.762,12 MHz,12.57,6,2500,28.1492,2500,6.78459,Waveform,38.75,7798.03241992513
W50A000F,touch_1.7.0Beta1,6/11/2025 11:22:54,SSTDR,24,4,RG-58/U 50 ohm coax,0.66,None,Standard,0,0,24 MHz,105.762,12 MHz,12.57,6,2500,28.1492,2500,6.78459,Waveform,39,8124
W50A000F,touch_1.7.0Beta1,6/11/2025 11:22:54,SSTDR,24,4,RG-58/U 50 ohm coax,0.66,None,Standard,0,0,24 MHz,105.762,12 MHz,12.57,6,2500,28.1492,2500,6.78459,Waveform,39.25,8034.54106626646
W50A000F,touch_1.7.0Beta1,6/11/2025 11:22:54,SSTDR,24,4,RG-58/U 50 ohm coax,0.66,None,Standard,0,0,24 MHz,105.762,12 MHz,12.57,6,2500,28.1492,2500,6.78459,Waveform,39.5,7583.93517839152
W50A000F,touch_1.7.0Beta1,6/11/2025 11:22:54,SSTDR,24,4,RG-58/U 50 ohm coax,0.66,None,Standard,0,0,24 MHz,105.762,12 MHz,12.57,6,2500,28.1492,2500,6.78459,Waveform,39.75,6816.72503275345
W50A000F,touch_1.7.0Beta1,6/11/2025 11:22:54,SSTDR,24,4,RG-58/U 50 ohm coax,0.66,None,Standard,0,0,24 MHz,105.762,12 MHz,12.57,6,2500,28.1492,2500,6.78459,Waveform,40,5760
W50A000F,touch_1.7.0Beta1,6/11/2025 11:22:54,SSTDR,24,4,RG-58/U 50 ohm coax,0.66,None,Standard,0,0,24 MHz,105.762,12 MHz,12.57,6,2500,28.1492,2500,6.78459,Waveform,40.25,4428.12421121381
W50A000F,touch_1.7.0Beta1,6/11/2025 11:22:54,SSTDR,24,4,RG-58/U 50 ohm coax,0.66,None,Standard,0,0,24 MHz,105.762,12 MHz,12.57,6,2500,28.1492,2500,6.78459,Waveform,40.5,2837.97960360172
W50A000F,touch_1.7.0Beta1,6/11/2025 11:22:54,SSTDR,24,4,RG-58/U 50 ohm coax,0.66,None,Standard,0,0,24 MHz,105.762,12 MHz,12.57,6,2500,28.1492,2500,6.78459,Waveform,40.75,1028.11341673401
W50A000F,touch_1.7.0Beta1,6/11/2025 11:22:54,SSTDR,24,4,RG-58/U 50 ohm coax,0.66,None,Standard,0,0,24 MHz,105.762,12 MHz,12.57,6,2500,28.1492,2500,6.78459,Waveform,41,-927.000000000001
W50A000F,touch_1.7.0Beta1,6/11/2025 11:22:54,SSTDR,24,4,RG-58/U 50 ohm coax,0.66,None,Standard,0,0,24 MHz,105.762,12 MHz,12.57,6,2500,28.1492,2500,6.78459,Waveform,41.25,-2914.75837141308
W50A000F,touch_1.7.0Beta1,6/11/2025 11:22:54,SSTDR,24,4,RG-58/U 50 ohm coax,0.66,None,Standard,0,0,24 MHz,105.762,12 MHz,12.57,6,2500,28.1492,2500,6.78459,Waveform,41.5,-4796.4999994943
W50A000F,touch_1.7.0Beta1,6/11/2025 11:22:54,SSTDR,24,4,RG-58/U 50 ohm coax,0.66,None,Standard,0,0,24 MHz,105.762,12 MHz,12.57,6,2500,28.1492,2500,6.78459,Waveform,41.75,-6429.86916153317
W50A000F,touch_1.7.0Beta1,6/11/2025 11:22:54,SSTDR,24,4,RG-58/U 50 ohm coax,0.66,None,Standard,0,0,24 MHz,105.762,12 MHz,12.57,6,2500,28.1492,2500,6.78459,Waveform,42,-7693
W50A000F,touch_1.7.0Beta1,6/11/2025 11:22:54,SSTDR,24,4,RG-58/U 50 ohm coax,0.66,None,Standard,0,0,24 MHz,105.762,12 MHz,12.57,6,2500,28.1492,2500,6.78459,Waveform,42.25,-8501.42973053505
W50A000F,touch_1.7.0Beta1,6/11/2025 11:22:54,SSTDR,24,4,RG-58/U 50 ohm coax,0.66,None,Standard,0,0,24 MHz,105.762,12 MHz,12.57,6,2500,28.1492,2500,6.78459,Waveform,42.5,-8812.32296969731
W50A000F,touch_1.7.0Beta1,6/11/2025 11:22:54,SSTDR,24,4,RG-58/U 50 ohm coax,0.66,None,Standard,0,0,24 MHz,105.762,12 MHz,12.57,6,2500,28.1492,2500,6.78459,Waveform,42.75,-8616.81357535912
W50A000F,touch_1.7.0Beta1,6/11/2025 11:22:54,SSTDR,24,4,RG-58/U 50 ohm coax,0.66,None,Standard,0,0,24 MHz,105.762,12 MHz,12.57,6,2500,28.1492,2500,6.78459,Waveform,43,-7927
W50A000F,touch_1.7.0Beta1,6/11/2025 11:22:54,SSTDR,24,4,RG-58/U 50 ohm coax,0.66,None,Standard,0,0,24 MHz,105.762,12 MHz,12.57,6,2500,28.1492,2500,6.78459,Waveform,43.25,-6766.4918890731
W50A000F,touch_1.7.0Beta1,6/11/2025 11:22:54,SSTDR,24,4,RG-58/U 50 ohm coax,0.66,None,Standard,0,0,24 MHz,105.762,12 MHz,12.57,6,2500,28.1492,2500,6.78459,Waveform,43.5,-5171.14734289892
W50A000F,touch_1.7.0Beta1,6/11/2025 11:22:54,SSTDR,24,4,RG-58/U 50 ohm coax,0.66,None,Standard,0,0,24 MHz,105.762,12 MHz,12.57,6,2500,28.1492,2500,6.78459,Waveform,43.75,-3200.78308285912
W50A000F,touch_1.7.0Beta1,6/11/2025 11:22:54,SSTDR,24,4,RG-58/U 50 ohm coax,0.66,None,Standard,0,0,24 MHz,105.762,12 MHz,12.57,6,2500,28.1492,2500,6.78459,Waveform,44,-956
W50A000F,touch_1.7.0Beta1,6/11/2025 11:22:54,SSTDR,24,4,RG-58/U 50 ohm coax,0.66,None,Standard,0,0,24 MHz,105.762,12 MHz,12.57,6,2500,28.1492,2500,6.78459,Waveform,44.25,1409.91145181835
W50A000F,touch_1.7.0Beta1,6/11/2025 11:22:54,SSTDR,24,4,RG-58/U 50 ohm coax,0.66,None,Standard,0,0,24 MHz,105.762,12 MHz,12.57,6,2500,28.1492,2500,6.78459,Waveform,44.5,3693.62900285962
W50A000F,touch_1.7.0Beta1,6/11/2025 11:22:54,SSTDR,24,4,RG-58/U 50 ohm coax,0.66,None,Standard,0,0,24 MHz,105.762,12 MHz,12.57,6,2500,28.1492,2500,6.78459,Waveform,44.75,5663.7093285193
W50A000F,touch_1.7.0Beta1,6/11/2025 11:22:54,SSTDR,24,4,RG-58/U 50 ohm coax,0.66,None,Standard,0,0,24 MHz,105.762,12 MHz,12.57,6,2500,28.1492,2500,6.78459,Waveform,45,7099
W50A000F,touch_1.7.0Beta1,6/11/2025 11:22:54,SSTDR,24,4,RG-58/U 50 ohm coax,0.66,None,Standard,0,0,24 MHz,105.762,12 MHz,12.57,6,2500,28.1492,2500,6.78459,Waveform,45.25,7833.98628106727
W50A000F,touch_1.7.0Beta1,6/11/2025 11:22:54,SSTDR,24,4,RG-58/U 50 ohm coax,0.66,None,Standard,0,0,24 MHz,105.762,12 MHz,12.57,6,2500,28.1492,2500,6.78459,Waveform,45.5,7798.04827524662
W50A000F,touch_1.7.0Beta1,6/11/2025 11:22:54,SSTDR,24,4,RG-58/U 50 ohm coax,0.66,None,Standard,0,0,24 MHz,105.762,12 MHz,12.57,6,2500,28.1492,2500,6.78459,Waveform,45.75,7036.71163630376
W50A000F,touch_1.7.0Beta1,6/11/2025 11:22:54,SSTDR,24,4,RG-58/U 50 ohm coax,0.66,None,Standard,0,0,24 MHz,105.762,12 MHz,12.57,6,2500,28.1492,2500,6.78459,Waveform,46,5708
W50A000F,touch_1.7.0Beta1,6/11/2025 11:22:54,SSTDR,24,4,RG-58/U 50 ohm coax,0.66,None,Standard,0,0,24 MHz,105.762,12 MHz,12.57,6,2500,28.1492,2500,6.78459,Waveform,46.25,4053.94248249655
W50A000F,touch_1.7.0Beta1,6/11/2025 11:22:54,SSTDR,24,4,RG-58/U 50 ohm coax,0.66,None,Standard,0,0,24 MHz,105.762,12 MHz,12.57,6,2500,28.1492,2500,6.78459,Waveform,46.5,2353.80014671815
W50A000F,touch_1.7.0Beta1,6/11/2025 11:22:54,SSTDR,24,4,RG-58/U 50 ohm coax,0.66,None,Standard,0,0,24 MHz,105.762,12 MHz,12.57,6,2500,28.1492,2500,6.78459,Waveform,46.75,869.865770888743
W50A000F,touch_1.7.0Beta1,6/11/2025 11:22:54,SSTDR,24,4,RG-58/U 50 ohm coax,0.66,None,Standard,0,0,24 MHz,105.762,12 MHz,12.57,6,2500,28.1492,2500,6.78459,Waveform,47,-202.000000000002
W50A000F,touch_1.7.0Beta1,6/11/2025 11:22:54,SSTDR,24,4,RG-58/U 50 ohm coax,0.66,None,Standard,0,0,24 MHz,105.762,12 MHz,12.57,6,2500,28.1492,2500,6.78459,Waveform,47.25,-766.439654699414
W50A000F,touch_1.7.0Beta1,6/11/2025 11:22:54,SSTDR,24,4,RG-58/U 50 ohm coax,0.66,None,Standard,0,0,24 MHz,105.762,12 MHz,12.57,6,2500,28.1492,2500,6.78459,Waveform,47.5,-840.25905198092
W50A000F,touch_1.7.0Beta1,6/11/2025 11:22:54,SSTDR,24,4,RG-58/U 50 ohm coax,0.66,None,Standard,0,0,24 MHz,105.762,12 MHz,12.57,6,2500,28.1492,2500,6.78459,Waveform,47.75,-539.605136749595
W50A000F,touch_1.7.0Beta1,6/11/2025 11:22:54,SSTDR,24,4,RG-58/U 50 ohm coax,0.66,None,Standard,0,0,24 MHz,105.762,12 MHz,12.57,6,2500,28.1492,2500,6.78459,Waveform,48,-46.0000000000001
W50A000F,touch_1.7.0Beta1,6/11/2025 11:22:54,SSTDR,24,4,RG-58/U 50 ohm coax,0.66,None,Standard,0,0,24 MHz,105.762,12 MHz,12.57,6,2500,28.1492,2500,6.78459,Waveform,48.25,440.509002631484
W50A000F,touch_1.7.0Beta1,6/11/2025 11:22:54,SSTDR,24,4,RG-58/U 50 ohm coax,0.66,None,Standard,0,0,24 MHz,105.762,12 MHz,12.57,6,2500,28.1492,2500,6.78459,Waveform,48.5,749.525384448466
W50A000F,touch_1.7.0Beta1,6/11/2025 11:22:54,SSTDR,24,4,RG-58/U 50 ohm coax,0.66,None,Standard,0,0,24 MHz,105.762,12 MHz,12.57,6,2500,28.1492,2500,6.78459,Waveform,48.75,777.693040035113
W50A000F,touch_1.7.0Beta1,6/11/2025 11:22:54,SSTDR,24,4,RG-58/U 50 ohm coax,0.66,None,Standard,0,0,24 MHz,105.762,12 MHz,12.57,6,2500,28.1492,2500,6.78459,Waveform,49,506.000000000001
W50A000F,touch_1.7.0Beta1,6/11/2025 11:22:54,SSTDR,24,4,RG-58/U 50 ohm coax,0.66,None,Standard,0,0,24 MHz,105.762,12 MHz,12.57,6,2500,28.1492,2500,6.78459,Waveform,49.25,-6.51630450695286
W50A000F,touch_1.7.0Beta1,6/11/2025 11:22:54,SSTDR,24,4,RG-58/U 50 ohm coax,0.66,None,Standard,0,0,24 MHz,105.762,12 MHz,12.57,6,2500,28.1492,2500,6.78459,Waveform,49.5,-649.032411730133
W50A000F,touch_1.7.0Beta1,6/11/2025 11:22:54,SSTDR,24,4,RG-58/U 50 ohm coax,0.66,None,Standard,0,0,24 MHz,105.762,12 MHz,12.57,6,2500,28.1492,2500,6.78459,Waveform,49.75,-1295.47898516796
W50A000F,touch_1.7.0Beta1,6/11/2025 11:22:54,SSTDR,24,4,RG-58/U 50 ohm coax,0.66,None,Standard,0,0,24 MHz,105.762,12 MHz,12.57,6,2500,28.1492,2500,6.78459,Waveform,50,-1839
W50A000F,touch_1.7.0Beta1,6/11/2025 11:22:54,SSTDR,24,4,RG-58/U 50 ohm coax,0.66,None,Standard,0,0,24 MHz,105.762,12 MHz,12.57,6,2500,28.1492,2500,6.78459,Waveform,50.25,-2213.82182668898
W50A000F,touch_1.7.0Beta1,6/11/2025 11:22:54,SSTDR,24,4,RG-58/U 50 ohm coax,0.66,None,Standard,0,0,24 MHz,105.762,12 MHz,12.57,6,2500,28.1492,2500,6.78459,Waveform,50.5,-2399.66315963217
W50A000F,touch_1.7.0Beta1,6/11/2025 11:22:54,SSTDR,24,4,RG-58/U 50 ohm coax,0.66,None,Standard,0,0,24 MHz,105.762,12 MHz,12.57,6,2500,28.1492,2500,6.78459,Waveform,50.75,-2410.87712840775
W50A000F,touch_1.7.0Beta1,6/11/2025 11:22:54,SSTDR,24,4,RG-58/U 50 ohm coax,0.66,None,Standard,0,0,24 MHz,105.762,12 MHz,12.57,6,2500,28.1492,2500,6.78459,Waveform,51,-2278
W50A000F,touch_1.7.0Beta1,6/11/2025 11:22:54,SSTDR,24,4,RG-58/U 50 ohm coax,0.66,None,Standard,0,0,24 MHz,105.762,12 MHz,12.57,6,2500,28.1492,2500,6.78459,Waveform,51.25,-2031.04876127464
W50A000F,touch_1.7.0Beta1,6/11/2025 11:22:54,SSTDR,24,4,RG-58/U 50 ohm coax,0.66,None,Standard,0,0,24 MHz,105.762,12 MHz,12.57,6,2500,28.1492,2500,6.78459,Waveform,51.5,-1691.34017376961
W50A000F,touch_1.7.0Beta1,6/11/2025 11:22:54,SSTDR,24,4,RG-58/U 50 ohm coax,0.66,None,Standard,0,0,24 MHz,105.762,12 MHz,12.57,6,2500,28.1492,2500,6.78459,Waveform,51.75,-1273.35840857077
W50A000F,touch_1.7.0Beta1,6/11/2025 11:22:54,SSTDR,24,4,RG-58/U 50 ohm coax,0.66,None,Standard,0,0,24 MHz,105.762,12 MHz,12.57,6,2500,28.1492,2500,6.78459,Waveform,52,-793.000000000001
W50A000F,touch_1.7.0Beta1,6/11/2025 11:22:54,SSTDR,24,4,RG-58/U 50 ohm coax,0.66,None,Standard,0,0,24 MHz,105.762,12 MHz,12.57,6,2500,28.1492,2500,6.78459,Waveform,52.25,-275.864007062581
W50A000F,touch_1.7.0Beta1,6/11/2025 11:22:54,SSTDR,24,4,RG-58/U 50 ohm coax,0.66,None,Standard,0,0,24 MHz,105.762,12 MHz,12.57,6,2500,28.1492,2500,6.78459,Waveform,52.5,239.843804128942
W50A000F,touch_1.7.0Beta1,6/11/2025 11:22:54,SSTDR,24,4,RG-58/U 50 ohm coax,0.66,None,Standard,0,0,24 MHz,105.762,12 MHz,12.57,6,2500,28.1492,2500,6.78459,Waveform,52.75,707.631342517119
W50A000F,touch_1.7.0Beta1,6/11/2025 11:22:54,SSTDR,24,4,RG-58/U 50 ohm coax,0.66,None,Standard,0,0,24 MHz,105.762,12 MHz,12.57,6,2500,28.1492,2500,6.78459,Waveform,53,1082
W50A000F,touch_1.7.0Beta1,6/11/2025 11:22:54,SSTDR,24,4,RG-58/U 50 ohm coax,0.66,None,Standard,0,0,24 MHz,105.762,12 MHz,12.57,6,2500,28.1492,2500,6.78459,Waveform,53.25,1328.04430702874
W50A000F,touch_1.7.0Beta1,6/11/2025 11:22:54,SSTDR,24,4,RG-58/U 50 ohm coax,0.66,None,Standard,0,0,24 MHz,105.762,12 MHz,12.57,6,2500,28.1492,2500,6.78459,Waveform,53.5,1427.17279495675
W50A000F,touch_1.7.0Beta1,6/11/2025 11:22:54,SSTDR,24,4,RG-58/U 50 ohm coax,0.66,None,Standard,0,0,24 MHz,105.762,12 MHz,12.57,6,2500,28.1492,2500,6.78459,Waveform,53.75,1377.42810474434
W50A000F,touch_1.7.0Beta1,6/11/2025 11:22:54,SSTDR,24,4,RG-58/U 50 ohm coax,0.66,None,Standard,0,0,24 MHz,105.762,12 MHz,12.57,6,2500,28.1492,2500,6.78459,Waveform,54,1190
W50A000F,touch_1.7.0Beta1,6/11/2025 11:22:54,SSTDR,24,4,RG-58/U 50 ohm coax,0.66,None,Standard,0,0,24 MHz,105.762,12 MHz,12.57,6,2500,28.1492,2500,6.78459,Waveform,54.25,885.183381445791
W50A000F,touch_1.7.0Beta1,6/11/2025 11:22:54,SSTDR,24,4,RG-58/U 50 ohm coax,0.66,None,Standard,0,0,24 MHz,105.762,12 MHz,12.57,6,2500,28.1492,2500,6.78459,Waveform,54.5,490.361775496948
W50A000F,touch_1.7.0Beta1,6/11/2025 11:22:54,SSTDR,24,4,RG-58/U 50 ohm coax,0.66,None,Standard,0,0,24 MHz,105.762,12 MHz,12.57,6,2500,28.1492,2500,6.78459,Waveform,54.75,40.2204462446714
W50A000F,touch_1.7.0Beta1,6/11/2025 11:22:54,SSTDR,24,4,RG-58/U 50 ohm coax,0.66,None,Standard,0,0,24 MHz,105.762,12 MHz,12.57,6,2500,28.1492,2500,6.78459,Waveform,55,-423.000000000001
W50A000F,touch_1.7.0Beta1,6/11/2025 11:22:54,SSTDR,24,4,RG-58/U 50 ohm coax,0.66,None,Standard,0,0,24 MHz,105.762,12 MHz,12.57,6,2500,28.1492,2500,6.78459,Waveform,55.25,-852.13079180424
W50A000F,touch_1.7.0Beta1,6/11/2025 11:22:54,SSTDR,24,4,RG-58/U 50 ohm coax,0.66,None,Standard,0,0,24 MHz,105.762,12 MHz,12.57,6,2500,28.1492,2500,6.78459,Waveform,55.5,-1201.96643630738
W50A000F,touch_1.7.0Beta1,6/11/2025 11:22:54,SSTDR,24,4,RG-58/U 50 ohm coax,0.66,None,Standard,0,0,24 MHz,105.762,12 MHz,12.57,6,2500,28.1492,2500,6.78459,Waveform,55.75,-1438.86413471108
W50A000F,touch_1.7.0Beta1,6/11/2025 11:22:54,SSTDR,24,4,RG-58/U 50 ohm coax,0.66,None,Standard,0,0,24 MHz,105.762,12 MHz,12.57,6,2500,28.1492,2500,6.78459,Waveform,56,-1549
W50A000F,touch_1.7.0Beta1,6/11/2025 11:22:54,SSTDR,24,4,RG-58/U 50 ohm coax,0.66,None,Standard,0,0,24 MHz,105.762,12 MHz,12.57,6,2500,28.1492,2500,6.78459,Waveform,56.25,-1540.890088633
W50A000F,touch_1.7.0Beta1,6/11/2025 11:22:54,SSTDR,24,4,RG-58/U 50 ohm coax,0.66,None,Standard,0,0,24 MHz,105.762,12 MHz,12.57,6,2500,28.1492,2500,6.78459,Waveform,56.5,-1440.09490847086
W50A000F,touch_1.7.0Beta1,6/11/2025 11:22:54,SSTDR,24,4,RG-58/U 50 ohm coax,0.66,None,Standard,0,0,24 MHz,105.762,12 MHz,12.57,6,2500,28.1492,2500,6.78459,Waveform,56.75,-1277.89233273815
W50A000F,touch_1.7.0Beta1,6/11/2025 11:22:54,SSTDR,24,4,RG-58/U 50 ohm coax,0.66,None,Standard,0,0,24 MHz,105.762,12 MHz,12.57,6,2500,28.1492,2500,6.78459,Waveform,57,-1079
W50A000F,touch_1.7.0Beta1,6/11/2025 11:22:54,SSTDR,24,4,RG-58/U 50 ohm coax,0.66,None,Standard,0,0,24 MHz,105.762,12 MHz,12.57,6,2500,28.1492,2500,6.78459,Waveform,57.25,-854.204634034043
W50A000F,touch_1.7.0Beta1,6/11/2025 11:22:54,SSTDR,24,4,RG-58/U 50 ohm coax,0.66,None,Standard,0,0,24 MHz,105.762,12 MHz,12.57,6,2500,28.1492,2500,6.78459,Waveform,57.5,-601.396079702962
W50A000F,touch_1.7.0Beta1,6/11/2025 11:22:54,SSTDR,24,4,RG-58/U 50 ohm coax,0.66,None,Standard,0,0,24 MHz,105.762,12 MHz,12.57,6,2500,28.1492,2500,6.78459,Waveform,57.75,-314.151968373762
W50A000F,touch_1.7.0Beta1,6/11/2025 11:22:54,SSTDR,24,4,RG-58/U 50 ohm coax,0.66,None,Standard,0,0,24 MHz,105.762,12 MHz,12.57,6,2500,28.1492,2500,6.78459,Waveform,58,7.00000000000013
W50A000F,touch_1.7.0Beta1,6/11/2025 11:22:54,SSTDR,24,4,RG-58/U 50 ohm coax,0.66,None,Standard,0,0,24 MHz,105.762,12 MHz,12.57,6,2500,28.1492,2500,6.78459,Waveform,58.25,346.974280981848
W50A000F,touch_1.7.0Beta1,6/11/2025 11:22:54,SSTDR,24,4,RG-58/U 50 ohm coax,0.66,None,Standard,0,0,24 MHz,105.762,12 MHz,12.57,6,2500,28.1492,2500,6.78459,Waveform,58.5,676.540736084733
W50A000F,touch_1.7.0Beta1,6/11/2025 11:22:54,SSTDR,24,4,RG-58/U 50 ohm coax,0.66,None,Standard,0,0,24 MHz,105.762,12 MHz,12.57,6,2500,28.1492,2500,6.78459,Waveform,58.75,960.755048129206
W50A000F,touch_1.7.0Beta1,6/11/2025 11:22:54,SSTDR,24,4,RG-58/U 50 ohm coax,0.66,None,Standard,0,0,24 MHz,105.762,12 MHz,12.57,6,2500,28.1492,2500,6.78459,Waveform,59,1171
W50A000F,touch_1.7.0Beta1,6/11/2025 11:22:54,SSTDR,24,4,RG-58/U 50 ohm coax,0.66,None,Standard,0,0,24 MHz,105.762,12 MHz,12.57,6,2500,28.1492,2500,6.78459,Waveform,59.25,1294.21875438207
W50A000F,touch_1.7.0Beta1,6/11/2025 11:22:54,SSTDR,24,4,RG-58/U 50 ohm coax,0.66,None,Standard,0,0,24 MHz,105.762,12 MHz,12.57,6,2500,28.1492,2500,6.78459,Waveform,59.5,1334.4214824517
W50A000F,touch_1.7.0Beta1,6/11/2025 11:22:54,SSTDR,24,4,RG-58/U 50 ohm coax,0.66,None,Standard,0,0,24 MHz,105.762,12 MHz,12.57,6,2500,28.1492,2500,6.78459,Waveform,59.75,1305.75064412355
W50A000F,touch_1.7.0Beta1,6/11/2025 11:22:54,SSTDR,24,4,RG-58/U 50 ohm coax,0.66,None,Standard,0,0,24 MHz,105.762,12 MHz,12.57,6,2500,28.1492,2500,6.78459,Waveform,60,1221
W50A000F,touch_1.7.0Beta1,6/11/2025 11:22:54,SSTDR,24,4,RG-58/U 50 ohm coax,0.66,None,Standard,0,0,24 MHz,105.762,12 MHz,12.57,6,2500,28.1492,2500,6.78459,Waveform,60.25,1081.98383954761
W50A000F,touch_1.7.0Beta1,6/11/2025 11:22:54,SSTDR,24,4,RG-58/U 50 ohm coax,0.66,None,Standard,0,0,24 MHz,105.762,12 MHz,12.57,6,2500,28.1492,2500,6.78459,Waveform,60.5,877.202883986002
W50A000F,touch_1.7.0Beta1,6/11/2025 11:22:54,SSTDR,24,4,RG-58/U 50 ohm coax,0.66,None,Standard,0,0,24 MHz,105.762,12 MHz,12.57,6,2500,28.1492,2500,6.78459,Waveform,60.75,588.40462372667
W50A000F,touch_1.7.0Beta1,6/11/2025 11:22:54,SSTDR,24,4,RG-58/U 50 ohm coax,0.66,None,Standard,0,0,24 MHz,105.762,12 MHz,12.57,6,2500,28.1492,2500,6.78459,Waveform,61,202.999999999997
W50A000F,touch_1.7.0Beta1,6/11/2025 11:22:54,SSTDR,24,4,RG-58/U 50 ohm coax,0.66,None,Standard,0,0,24 MHz,105.762,12 MHz,12.57,6,2500,28.1492,2500,6.78459,Waveform,61.25,-273.649463260005
W50A000F,touch_1.7.0Beta1,6/11/2025 11:22:54,SSTDR,24,4,RG-58/U 50 ohm coax,0.66,None,Standard,0,0,24 MHz,105.762,12 MHz,12.57,6,2500,28.1492,2500,6.78459,Waveform,61.5,-811.848444621905
W50A000F,touch_1.7.0Beta1,6/11/2025 11:22:54,SSTDR,24,4,RG-58/U 50 ohm coax,0.66,None,Standard,0,0,24 MHz,105.762,12 MHz,12.57,6,2500,28.1492,2500,6.78459,Waveform,61.75,-1359.79262891476
W50A000F,touch_1.7.0Beta1,6/11/2025 11:22:54,SSTDR,24,4,RG-58/U 50 ohm coax,0.66,None,Standard,0,0,24 MHz,105.762,12 MHz,12.57,6,2500,28.1492,2500,6.78459,Waveform,62,-1853
W50A000F,touch_1.7.0Beta1,6/11/2025 11:22:54,SSTDR,24,4,RG-58/U 50 ohm coax,0.66,None,Standard,0,0,24 MHz,105.762,12 MHz,12.57,6,2500,28.1492,2500,6.78459,Waveform,62.25,-2226.65684174133
W50A000F,touch_1.7.0Beta1,6/11/2025 11:22:54,SSTDR,24,4,RG-58/U 50 ohm coax,0.66,None,Standard,0,0,24 MHz,105.762,12 MHz,12.57,6,2500,28.1492,2500,6.78459,Waveform,62.5,-2426.2996243335
W50A000F,touch_1.7.0Beta1,6/11/2025 11:22:54,SSTDR,24,4,RG-58/U 50 ohm coax,0.66,None,Standard,0,0,24 MHz,105.762,12 MHz,12.57,6,2500,28.1492,2500,6.78459,Waveform,62.75,-2414.35845093674
W50A000F,touch_1.7.0Beta1,6/11/2025 11:22:54,SSTDR,24,4,RG-58/U 50 ohm coax,0.66,None,Standard,0,0,24 MHz,105.762,12 MHz,12.57,6,2500,28.1492,2500,6.78459,Waveform,63,-2173
W50A000F,touch_1.7.0Beta1,6/11/2025 11:22:54,SSTDR,24,4,RG-58/U 50 ohm coax,0.66,None,Standard,0,0,24 MHz,105.762,12 MHz,12.57,6,2500,28.1492,2500,6.78459,Waveform,63.25,-1705.50145032003
W50A000F,touch_1.7.0Beta1,6/11/2025 11:22:54,SSTDR,24,4,RG-58/U 50 ohm coax,0.66,None,Standard,0,0,24 MHz,105.762,12 MHz,12.57,6,2500,28.1492,2500,6.78459,Waveform,63.5,-1037.99238507468
W50A000F,touch_1.7.0Beta1,6/11/2025 11:22:54,SSTDR,24,4,RG-58/U 50 ohm coax,0.66,None,Standard,0,0,24 MHz,105.762,12 MHz,12.57,6,2500,28.1492,2500,6.78459,Waveform,63.75,-221.253227089571
W50A000F,touch_1.7.0Beta1,6/11/2025 11:22:54,SSTDR,24,4,RG-58/U 50 ohm coax,0.66,None,Standard,0,0,24 MHz,105.762,12 MHz,12.57,6,2500,28.1492,2500,6.78459,Waveform,64,670.000000000001
W50A000F,touch_1.7.0Beta1,6/11/2025 11:22:54,SSTDR,24,4,RG-58/U 50 ohm coax,0.66,None,Standard,0,0,24 MHz,105.762,12 MHz,12.57,6,2500,28.1492,2500,6.78459,Waveform,64.25,1543.48464023871
W50A000F,touch_1.7.0Beta1,6/11/2025 11:22:54,SSTDR,24,4,RG-58/U 50 ohm coax,0.66,None,Standard,0,0,24 MHz,105.762,12 MHz,12.57,6,2500,28.1492,2500,6.78459,Waveform,64.5,2302.6140419851
W50A000F,touch_1.7.0Beta1,6/11/2025 11:22:54,SSTDR,24,4,RG-58/U 50 ohm coax,0.66,None,Standard,0,0,24 MHz,105.762,12 MHz,12.57,6,2500,28.1492,2500,6.78459,Waveform,64.75,2864.33409832953
W50A000F,touch_1.7.0Beta1,6/11/2025 11:22:54,SSTDR,24,4,RG-58/U 50 ohm coax,0.66,None,Standard,0,0,24 MHz,105.762,12 MHz,12.57,6,2500,28.1492,2500,6.78459,Waveform,65,3176
W50A000F,touch_1.7.0Beta1,6/11/2025 11:22:54,SSTDR,24,4,RG-58/U 50 ohm coax,0.66,None,Standard,0,0,24 MHz,105.762,12 MHz,12.57,6,2500,28.1492,2500,6.78459,Waveform,65.25,3224.93396803715
W50A000F,touch_1.7.0Beta1,6/11/2025 11:22:54,SSTDR,24,4,RG-58/U 50 ohm coax,0.66,None,Standard,0,0,24 MHz,105.762,12 MHz,12.57,6,2500,28.1492,2500,6.78459,Waveform,65.5,3036.70101856228
W50A000F,touch_1.7.0Beta1,6/11/2025 11:22:54,SSTDR,24,4,RG-58/U 50 ohm coax,0.66,None,Standard,0,0,24 MHz,105.762,12 MHz,12.57,6,2500,28.1492,2500,6.78459,Waveform,65.75,2662.79275666401
W50A000F,touch_1.7.0Beta1,6/11/2025 11:22:54,SSTDR,24,4,RG-58/U 50 ohm coax,0.66,None,Standard,0,0,24 MHz,105.762,12 MHz,12.57,6,2500,28.1492,2500,6.78459,Waveform,66,2163
W50A000F,touch_1.7.0Beta1,6/11/2025 11:22:54,SSTDR,24,4,RG-58/U 50 ohm coax,0.66,None,Standard,0,0,24 MHz,105.762,12 MHz,12.57,6,2500,28.1492,2500,6.78459,Waveform,66.25,1589.86780429054
W50A000F,touch_1.7.0Beta1,6/11/2025 11:22:54,SSTDR,24,4,RG-58/U 50 ohm coax,0.66,None,Standard,0,0,24 MHz,105.762,12 MHz,12.57,6,2500,28.1492,2500,6.78459,Waveform,66.5,981.110285455236
W50A000F,touch_1.7.0Beta1,6/11/2025 11:22:54,SSTDR,24,4,RG-58/U 50 ohm coax,0.66,None,Standard,0,0,24 MHz,105.762,12 MHz,12.57,6,2500,28.1492,2500,6.78459,Waveform,66.75,361.512913810464
W50A000F,touch_1.7.0Beta1,6/11/2025 11:22:54,SSTDR,24,4,RG-58/U 50 ohm coax,0.66,None,Standard,0,0,24 MHz,105.762,12 MHz,12.57,6,2500,28.1492,2500,6.78459,Waveform,67,-249
W50A000F,touch_1.7.0Beta1,6/11/2025 11:22:54,SSTDR,24,4,RG-58/U 50 ohm coax,0.66,None,Standard,0,0,24 MHz,105.762,12 MHz,12.57,6,2500,28.1492,2500,6.78459,Waveform,67.25,-827.21888274498
W50A000F,touch_1.7.0Beta1,6/11/2025 11:22:54,SSTDR,24,4,RG-58/U 50 ohm coax,0.66,None,Standard,0,0,24 MHz,105.762,12 MHz,12.57,6,2500,28.1492,2500,6.78459,Waveform,67.5,-1343.78802043098
W50A000F,touch_1.7.0Beta1,6/11/2025 11:22:54,SSTDR,24,4,RG-58/U 50 ohm coax,0.66,None,Standard,0,0,24 MHz,105.762,12 MHz,12.57,6,2500,28.1492,2500,6.78459,Waveform,67.75,-1767.34712397344
W50A000F,touch_1.7.0Beta1,6/11/2025 11:22:54,SSTDR,24,4,RG-58/U 50 ohm coax,0.66,None,Standard,0,0,24 MHz,105.762,12 MHz,12.57,6,2500,28.1492,2500,6.78459,Waveform,68,-2073
W50A000F,touch_1.7.0Beta1,6/11/2025 11:22:54,SSTDR,24,4,RG-58/U 50 ohm coax,0.66,None,Standard,0,0,24 MHz,105.762,12 MHz,12.57,6,2500,28.1492,2500,6.78459,Waveform,68.25,-2249.8405742208
W50A000F,touch_1.7.0Beta1,6/11/2025 11:22:54,SSTDR,24,4,RG-58/U 50 ohm coax,0.66,None,Standard,0,0,24 MHz,105.762,12 MHz,12.57,6,2500,28.1492,2500,6.78459,Waveform,68.5,-2302.91455321326
W50A000F,touch_1.7.0Beta1,6/11/2025 11:22:54,SSTDR,24,4,RG-58/U 50 ohm coax,0.66,None,Standard,0,0,24 MHz,105.762,12 MHz,12.57,6,2500,28.1492,2500,6.78459,Waveform,68.75,-2248.41399964828
W50A000F,touch_1.7.0Beta1,6/11/2025 11:22:54,SSTDR,24,4,RG-58/U 50 ohm coax,0.66,None,Standard,0,0,24 MHz,105.762,12 MHz,12.57,6,2500,28.1492,2500,6.78459,Waveform,69,-2105
W50A000F,touch_1.7.0Beta1,6/11/2025 11:22:54,SSTDR,24,4,RG-58/U 50 ohm coax,0.66,None,Standard,0,0,24 MHz,105.762,12 MHz,12.57,6,2500,28.1492,2500,6.78459,Waveform,69.25,-1886.45149732815
W50A000F,touch_1.7.0Beta1,6/11/2025 11:22:54,SSTDR,24,4,RG-58/U 50 ohm coax,0.66,None,Standard,0,0,24 MHz,105.762,12 MHz,12.57,6,2500,28.1492,2500,6.78459,Waveform,69.5,-1599.95240785543
W50A000F,touch_1.7.0Beta1,6/11/2025 11:22:54,SSTDR,24,4,RG-58/U 50 ohm coax,0.66,None,Standard,0,0,24 MHz,105.762,12 MHz,12.57,6,2500,28.1492,2500,6.78459,Waveform,69.75,-1250.77178760571
W50A000F,touch_1.7.0Beta1,6/11/2025 11:22:54,SSTDR,24,4,RG-58/U 50 ohm coax,0.66,None,Standard,0,0,24 MHz,105.762,12 MHz,12.57,6,2500,28.1492,2500,6.78459,Waveform,70,-850.000000000001
W50A000F,touch_1.7.0Beta1,6/11/2025 11:22:54,SSTDR,24,4,RG-58/U 50 ohm coax,0.66,None,Standard,0,0,24 MHz,105.762,12 MHz,12.57,6,2500,28.1492,2500,6.78459,Waveform,70.25,-419.879311592412
W50A000F,touch_1.7.0Beta1,6/11/2025 11:22:54,SSTDR,24,4,RG-58/U 50 ohm coax,0.66,None,Standard,0,0,24 MHz,105.762,12 MHz,12.57,6,2500,28.1492,2500,6.78459,Waveform,70.5,7.51471467684418
W50A000F,touch_1.7.0Beta1,6/11/2025 11:22:54,SSTDR,24,4,RG-58/U 50 ohm coax,0.66,None,Standard,0,0,24 MHz,105.762,12 MHz,12.57,6,2500,28.1492,2500,6.78459,Waveform,70.75,398.528622578916
W50A000F,touch_1.7.0Beta1,6/11/2025 11:22:54,SSTDR,24,4,RG-58/U 50 ohm coax,0.66,None,Standard,0,0,24 MHz,105.762,12 MHz,12.57,6,2500,28.1492,2500,6.78459,Waveform,71,729
W50A000F,touch_1.7.0Beta1,6/11/2025 11:22:54,SSTDR,24,4,RG-58/U 50 ohm coax,0.66,None,Standard,0,0,24 MHz,105.762,12 MHz,12.57,6,2500,28.1492,2500,6.78459,Waveform,71.25,991.810124465713
W50A000F,touch_1.7.0Beta1,6/11/2025 11:22:54,SSTDR,24,4,RG-58/U 50 ohm coax,0.66,None,Standard,0,0,24 MHz,105.762,12 MHz,12.57,6,2500,28.1492,2500,6.78459,Waveform,71.5,1196.05836209493
W50A000F,touch_1.7.0Beta1,6/11/2025 11:22:54,SSTDR,24,4,RG-58/U 50 ohm coax,0.66,None,Standard,0,0,24 MHz,105.762,12 MHz,12.57,6,2500,28.1492,2500,6.78459,Waveform,71.75,1357.50290684902
W50A000F,touch_1.7.0Beta1,6/11/2025 11:22:54,SSTDR,24,4,RG-58/U 50 ohm coax,0.66,None,Standard,0,0,24 MHz,105.762,12 MHz,12.57,6,2500,28.1492,2500,6.78459,Waveform,72,1485
W50A000F,touch_1.7.0Beta1,6/11/2025 11:22:54,SSTDR,24,4,RG-58/U 50 ohm coax,0.66,None,Standard,0,0,24 MHz,105.762,12 MHz,12.57,6,2500,28.1492,2500,6.78459,Waveform,72.25,1570.41674311951
W50A000F,touch_1.7.0Beta1,6/11/2025 11:22:54,SSTDR,24,4,RG-58/U 50 ohm coax,0.66,None,Standard,0,0,24 MHz,105.762,12 MHz,12.57,6,2500,28.1492,2500,6.78459,Waveform,72.5,1588.16852722366
W50A000F,touch_1.7.0Beta1,6/11/2025 11:22:54,SSTDR,24,4,RG-58/U 50 ohm coax,0.66,None,Standard,0,0,24 MHz,105.762,12 MHz,12.57,6,2500,28.1492,2500,6.78459,Waveform,72.75,1505.65675629113
W50A000F,touch_1.7.0Beta1,6/11/2025 11:22:54,SSTDR,24,4,RG-58/U 50 ohm coax,0.66,None,Standard,0,0,24 MHz,105.762,12 MHz,12.57,6,2500,28.1492,2500,6.78459,Waveform,73,1300
W50A000F,touch_1.7.0Beta1,6/11/2025 11:22:54,SSTDR,24,4,RG-58/U 50 ohm coax,0.66,None,Standard,0,0,24 MHz,105.762,12 MHz,12.57,6,2500,28.1492,2500,6.78459,Waveform,73.25,972.768123533037
W50A000F,touch_1.7.0Beta1,6/11/2025 11:22:54,SSTDR,24,4,RG-58/U 50 ohm coax,0.66,None,Standard,0,0,24 MHz,105.762,12 MHz,12.57,6,2500,28.1492,2500,6.78459,Waveform,73.5,555.03870733754
W50A000F,touch_1.7.0Beta1,6/11/2025 11:22:54,SSTDR,24,4,RG-58/U 50 ohm coax,0.66,None,Standard,0,0,24 MHz,105.762,12 MHz,12.57,6,2500,28.1492,2500,6.78459,Waveform,73.75,99.7912229518206
W50A000F,touch_1.7.0Beta1,6/11/2025 11:22:54,SSTDR,24,4,RG-58/U 50 ohm coax,0.66,None,Standard,0,0,24 MHz,105.762,12 MHz,12.57,6,2500,28.1492,2500,6.78459,Waveform,74,-335
W50A000F,touch_1.7.0Beta1,6/11/2025 11:22:54,SSTDR,24,4,RG-58/U 50 ohm coax,0.66,None,Standard,0,0,24 MHz,105.762,12 MHz,12.57,6,2500,28.1492,2500,6.78459,Waveform,74.25,-704.576819988475
W50A000F,touch_1.7.0Beta1,6/11/2025 11:22:54,SSTDR,24,4,RG-58/U 50 ohm coax,0.66,None,Standard,0,0,24 MHz,105.762,12 MHz,12.57,6,2500,28.1492,2500,6.78459,Waveform,74.5,-988.441284891053
W50A000F,touch_1.7.0Beta1,6/11/2025 11:22:54,SSTDR,24,4,RG-58/U 50 ohm coax,0.66,None,Standard,0,0,24 MHz,105.762,12 MHz,12.57,6,2500,28.1492,2500,6.78459,Waveform,74.75,-1189.66086347952
W50A000F,touch_1.7.0Beta1,6/11/2025 11:22:54,SSTDR,24,4,RG-58/U 50 ohm coax,0.66,None,Standard,0,0,24 MHz,105.762,12 MHz,12.57,6,2500,28.1492,2500,6.78459,Waveform,75,-1324
W50A000F,touch_1.7.0Beta1,6/11/2025 11:22:54,SSTDR,24,4,RG-58/U 50 ohm coax,0.66,None,Standard,0,0,24 MHz,105.762,12 MHz,12.57,6,2500,28.1492,2500,6.78459,Waveform,75.25,-1405.51619872914
W50A000F,touch_1.7.0Beta1,6/11/2025 11:22:54,SSTDR,24,4,RG-58/U 50 ohm coax,0.66,None,Standard,0,0,24 MHz,105.762,12 MHz,12.57,6,2500,28.1492,2500,6.78459,Waveform,75.5,-1436.60872967099
W50A000F,touch_1.7.0Beta1,6/11/2025 11:22:54,SSTDR,24,4,RG-58/U 50 ohm coax,0.66,None,Standard,0,0,24 MHz,105.762,12 MHz,12.57,6,2500,28.1492,2500,6.78459,Waveform,75.75,-1407.5478829356
W50A000F,touch_1.7.0Beta1,6/11/2025 11:22:54,SSTDR,24,4,RG-58/U 50 ohm coax,0.66,None,Standard,0,0,24 MHz,105.762,12 MHz,12.57,6,2500,28.1492,2500,6.78459,Waveform,76,-1305
W50A000F,touch_1.7.0Beta1,6/11/2025 11:22:54,SSTDR,24,4,RG-58/U 50 ohm coax,0.66,None,Standard,0,0,24 MHz,105.762,12 MHz,12.57,6,2500,28.1492,2500,6.78459,Waveform,76.25,-1124.08184637672
W50A000F,touch_1.7.0Beta1,6/11/2025 11:22:54,SSTDR,24,4,RG-58/U 50 ohm coax,0.66,None,Standard,0,0,24 MHz,105.762,12 MHz,12.57,6,2500,28.1492,2500,6.78459,Waveform,76.5,-876.71535907232
W50A000F,touch_1.7.0Beta1,6/11/2025 11:22:54,SSTDR,24,4,RG-58/U 50 ohm coax,0.66,None,Standard,0,0,24 MHz,105.762,12 MHz,12.57,6,2500,28.1492,2500,6.78459,Waveform,76.75,-591.344174261767
W50A000F,touch_1.7.0Beta1,6/11/2025 11:22:54,SSTDR,24,4,RG-58/U 50 ohm coax,0.66,None,Standard,0,0,24 MHz,105.762,12 MHz,12.57,6,2500,28.1492,2500,6.78459,Waveform,77,-303.999999999999
W50A000F,touch_1.7.0Beta1,6/11/2025 11:22:54,SSTDR,24,4,RG-58/U 50 ohm coax,0.66,None,Standard,0,0,24 MHz,105.762,12 MHz,12.57,6,2500,28.1492,2500,6.78459,Waveform,77.25,-45.4605936543833
W50A000F,touch_1.7.0Beta1,6/11/2025 11:22:54,SSTDR,24,4,RG-58/U 50 ohm coax,0.66,None,Standard,0,0,24 MHz,105.762,12 MHz,12.57,6,2500,28.1492,2500,6.78459,Waveform,77.5,168.780280299919
W50A000F,touch_1.7.0Beta1,6/11/2025 11:22:54,SSTDR,24,4,RG-58/U 50 ohm coax,0.66,None,Standard,0,0,24 MHz,105.762,12 MHz,12.57,6,2500,28.1492,2500,6.78459,Waveform,77.75,340.772216870965
W50A000F,touch_1.7.0Beta1,6/11/2025 11:22:54,SSTDR,24,4,RG-58/U 50 ohm coax,0.66,None,Standard,0,0,24 MHz,105.762,12 MHz,12.57,6,2500,28.1492,2500,6.78459,Waveform,78,484
W50A000F,touch_1.7.0Beta1,6/11/2025 11:22:54,SSTDR,24,4,RG-58/U 50 ohm coax,0.66,None,Standard,0,0,24 MHz,105.762,12 MHz,12.57,6,2500,28.1492,2500,6.78459,Waveform,78.25,612.749683473299
W50A000F,touch_1.7.0Beta1,6/11/2025 11:22:54,SSTDR,24,4,RG-58/U 50 ohm coax,0.66,None,Standard,0,0,24 MHz,105.762,12 MHz,12.57,6,2500,28.1492,2500,6.78459,Waveform,78.5,732.866067691944
W50A000F,touch_1.7.0Beta1,6/11/2025 11:22:54,SSTDR,24,4,RG-58/U 50 ohm coax,0.66,None,Standard,0,0,24 MHz,105.762,12 MHz,12.57,6,2500,28.1492,2500,6.78459,Waveform,78.75,838.533377810207
W50A000F,touch_1.7.0Beta1,6/11/2025 11:22:54,SSTDR,24,4,RG-58/U 50 ohm coax,0.66,None,Standard,0,0,24 MHz,105.762,12 MHz,12.57,6,2500,28.1492,2500,6.78459,Waveform,79,916
W50A000F,touch_1.7.0Beta1,6/11/2025 11:22:54,SSTDR,24,4,RG-58/U 50 ohm coax,0.66,None,Standard,0,0,24 MHz,105.762,12 MHz,12.57,6,2500,28.1492,2500,6.78459,Waveform,79.25,951.274952173414
W50A000F,touch_1.7.0Beta1,6/11/2025 11:22:54,SSTDR,24,4,RG-58/U 50 ohm coax,0.66,None,Standard,0,0,24 MHz,105.762,12 MHz,12.57,6,2500,28.1492,2500,6.78459,Waveform,79.5,936.959612507169
W50A000F,touch_1.7.0Beta1,6/11/2025 11:22:54,SSTDR,24,4,RG-58/U 50 ohm coax,0.66,None,Standard,0,0,24 MHz,105.762,12 MHz,12.57,6,2500,28.1492,2500,6.78459,Waveform,79.75,874.459018310322
W50A000F,touch_1.7.0Beta1,6/11/2025 11:22:54,SSTDR,24,4,RG-58/U 50 ohm coax,0.66,None,Standard,0,0,24 MHz,105.762,12 MHz,12.57,6,2500,28.1492,2500,6.78459,Waveform,80,771
W50A000F,touch_1.7.0Beta1,6/11/2025 11:22:54,SSTDR,24,4,RG-58/U 50 ohm coax,0.66,None,Standard,0,0,24 MHz,105.762,12 MHz,12.57,6,2500,28.1492,2500,6.78459,Waveform,80.25,634.141952196066
W50A000F,touch_1.7.0Beta1,6/11/2025 11:22:54,SSTDR,24,4,RG-58/U 50 ohm coax,0.66,None,Standard,0,0,24 MHz,105.762,12 MHz,12.57,6,2500,28.1492,2500,6.78459,Waveform,80.5,467.832944876017
W50A000F,touch_1.7.0Beta1,6/11/2025 11:22:54,SSTDR,24,4,RG-58/U 50 ohm coax,0.66,None,Standard,0,0,24 MHz,105.762,12 MHz,12.57,6,2500,28.1492,2500,6.78459,Waveform,80.75,272.795008139178
W50A000F,touch_1.7.0Beta1,6/11/2025 11:22:54,SSTDR,24,4,RG-58/U 50 ohm coax,0.66,None,Standard,0,0,24 MHz,105.762,12 MHz,12.57,6,2500,28.1492,2500,6.78459,Waveform,81,50.9999999999995
W50A000F,touch_1.7.0Beta1,6/11/2025 11:22:54,SSTDR,24,4,RG-58/U 50 ohm coax,0.66,None,Standard,0,0,24 MHz,105.762,12 MHz,12.57,6,2500,28.1492,2500,6.78459,Waveform,81.25,-188.845548907363
W50A000F,touch_1.7.0Beta1,6/11/2025 11:22:54,SSTDR,24,4,RG-58/U 50 ohm coax,0.66,None,Standard,0,0,24 MHz,105.762,12 MHz,12.57,6,2500,28.1492,2500,6.78459,Waveform,81.5,-428.760001070932
W50A000F,touch_1.7.0Beta1,6/11/2025 11:22:54,SSTDR,24,4,RG-58/U 50 ohm coax,0.66,None,Standard,0,0,24 MHz,105.762,12 MHz,12.57,6,2500,28.1492,2500,6.78459,Waveform,81.75,-644.181958455976
W50A000F,touch_1.7.0Beta1,6/11/2025 11:22:54,SSTDR,24,4,RG-58/U 50 ohm coax,0.66,None,Standard,0,0,24 MHz,105.762,12 MHz,12.57,6,2500,28.1492,2500,6.78459,Waveform,82,-810.999999999999
W50A000F,touch_1.7.0Beta1,6/11/2025 11:22:54,SSTDR,24,4,RG-58/U 50 ohm coax,0.66,None,Standard,0,0,24 MHz,105.762,12 MHz,12.57,6,2500,28.1492,2500,6.78459,Waveform,82.25,-913.250632865889
W50A000F,touch_1.7.0Beta1,6/11/2025 11:22:54,SSTDR,24,4,RG-58/U 50 ohm coax,0.66,None,Standard,0,0,24 MHz,105.762,12 MHz,12.57,6,2500,28.1492,2500,6.78459,Waveform,82.5,-947.208913721509
W50A000F,touch_1.7.0Beta1,6/11/2025 11:22:54,SSTDR,24,4,RG-58/U 50 ohm coax,0.66,None,Standard,0,0,24 MHz,105.762,12 MHz,12.57,6,2500,28.1492,2500,6.78459,Waveform,82.75,-919.585346780736
W50A000F,touch_1.7.0Beta1,6/11/2025 11:22:54,SSTDR,24,4,RG-58/U 50 ohm coax,0.66,None,Standard,0,0,24 MHz,105.762,12 MHz,12.57,6,2500,28.1492,2500,6.78459,Waveform,83,-841
W50A000F,touch_1.7.0Beta1,6/11/2025 11:22:54,SSTDR,24,4,RG-58/U 50 ohm coax,0.66,None,Standard,0,0,24 MHz,105.762,12 MHz,12.57,6,2500,28.1492,2500,6.78459,Waveform,83.25,-718.778582123006
W50A000F,touch_1.7.0Beta1,6/11/2025 11:22:54,SSTDR,24,4,RG-58/U 50 ohm coax,0.66,None,Standard,0,0,24 MHz,105.762,12 MHz,12.57,6,2500,28.1492,2500,6.78459,Waveform,83.5,-553.645052804124
W50A000F,touch_1.7.0Beta1,6/11/2025 11:22:54,SSTDR,24,4,RG-58/U 50 ohm coax,0.66,None,Standard,0,0,24 MHz,105.762,12 MHz,12.57,6,2500,28.1492,2500,6.78459,Waveform,83.75,-342.660966874665
W50A000F,touch_1.7.0Beta1,6/11/2025 11:22:54,SSTDR,24,4,RG-58/U 50 ohm coax,0.66,None,Standard,0,0,24 MHz,105.762,12 MHz,12.57,6,2500,28.1492,2500,6.78459,Waveform,84,-86.9999999999999
W50A000F,touch_1.7.0Beta1,6/11/2025 11:22:54,SSTDR,24,4,RG-58/U 50 ohm coax,0.66,None,Standard,0,0,24 MHz,105.762,12 MHz,12.57,6,2500,28.1492,2500,6.78459,Waveform,84.25,199.987160073215
W50A000F,touch_1.7.0Beta1,6/11/2025 11:22:54,SSTDR,24,4,RG-58/U 50 ohm coax,0.66,None,Standard,0,0,24 MHz,105.762,12 MHz,12.57,6,2500,28.1492,2500,6.78459,Waveform,84.5,489.59898118628
W50A000F,touch_1.7.0Beta1,6/11/2025 11:22:54,SSTDR,24,4,RG-58/U 50 ohm coax,0.66,None,Standard,0,0,24 MHz,105.762,12 MHz,12.57,6,2500,28.1492,2500,6.78459,Waveform,84.75,742.345283299725
W50A000F,touch_1.7.0Beta1,6/11/2025 11:22:54,SSTDR,24,4,RG-58/U 50 ohm coax,0.66,None,Standard,0,0,24 MHz,105.762,12 MHz,12.57,6,2500,28.1492,2500,6.78459,Waveform,85,919
W50A000F,touch_1.7.0Beta1,6/11/2025 11:22:54,SSTDR,24,4,RG-58/U 50 ohm coax,0.66,None,Standard,0,0,24 MHz,105.762,12 MHz,12.57,6,2500,28.1492,2500,6.78459,Waveform,85.25,993.299895139611
W50A000F,touch_1.7.0Beta1,6/11/2025 11:22:54,SSTDR,24,4,RG-58/U 50 ohm coax,0.66,None,Standard,0,0,24 MHz,105.762,12 MHz,12.57,6,2500,28.1492,2500,6.78459,Waveform,85.5,960.344869844243
W50A000F,touch_1.7.0Beta1,6/11/2025 11:22:54,SSTDR,24,4,RG-58/U 50 ohm coax,0.66,None,Standard,0,0,24 MHz,105.762,12 MHz,12.57,6,2500,28.1492,2500,6.78459,Waveform,85.75,836.790751746425
W50A000F,touch_1.7.0Beta1,6/11/2025 11:22:54,SSTDR,24,4,RG-58/U 50 ohm coax,0.66,None,Standard,0,0,24 MHz,105.762,12 MHz,12.57,6,2500,28.1492,2500,6.78459,Waveform,86,652.999999999999
W50A000F,touch_1.7.0Beta1,6/11/2025 11:22:54,SSTDR,24,4,RG-58/U 50 ohm coax,0.66,None,Standard,0,0,24 MHz,105.762,12 MHz,12.57,6,2500,28.1492,2500,6.78459,Waveform,86.25,441.222056599662
W50A000F,touch_1.7.0Beta1,6/11/2025 11:22:54,SSTDR,24,4,RG-58/U 50 ohm coax,0.66,None,Standard,0,0,24 MHz,105.762,12 MHz,12.57,6,2500,28.1492,2500,6.78459,Waveform,86.5,225.533526328971
W50A000F,touch_1.7.0Beta1,6/11/2025 11:22:54,SSTDR,24,4,RG-58/U 50 ohm coax,0.66,None,Standard,0,0,24 MHz,105.762,12 MHz,12.57,6,2500,28.1492,2500,6.78459,Waveform,86.75,17.8783328319686
W50A000F,touch_1.7.0Beta1,6/11/2025 11:22:54,SSTDR,24,4,RG-58/U 50 ohm coax,0.66,None,Standard,0,0,24 MHz,105.762,12 MHz,12.57,6,2500,28.1492,2500,6.78459,Waveform,87,-179
W50A000F,touch_1.7.0Beta1,6/11/2025 11:22:54,SSTDR,24,4,RG-58/U 50 ohm coax,0.66,None,Standard,0,0,24 MHz,105.762,12 MHz,12.57,6,2500,28.1492,2500,6.78459,Waveform,87.25,-364.612500910941
W50A000F,touch_1.7.0Beta1,6/11/2025 11:22:54,SSTDR,24,4,RG-58/U 50 ohm coax,0.66,None,Standard,0,0,24 MHz,105.762,12 MHz,12.57,6,2500,28.1492,2500,6.78459,Waveform,87.5,-534.432126427017
W50A000F,touch_1.7.0Beta1,6/11/2025 11:22:54,SSTDR,24,4,RG-58/U 50 ohm coax,0.66,None,Standard,0,0,24 MHz,105.762,12 MHz,12.57,6,2500,28.1492,2500,6.78459,Waveform,87.75,-677.972691308784
W50A000F,touch_1.7.0Beta1,6/11/2025 11:22:54,SSTDR,24,4,RG-58/U 50 ohm coax,0.66,None,Standard,0,0,24 MHz,105.762,12 MHz,12.57,6,2500,28.1492,2500,6.78459,Waveform,88,-781.999999999999
W50A000F,touch_1.7.0Beta1,6/11/2025 11:22:54,SSTDR,24,4,RG-58/U 50 ohm coax,0.66,None,Standard,0,0,24 MHz,105.762,12 MHz,12.57,6,2500,28.1492,2500,6.78459,Waveform,88.25,-836.492777658532
W50A000F,touch_1.7.0Beta1,6/11/2025 11:22:54,SSTDR,24,4,RG-58/U 50 ohm coax,0.66,None,Standard,0,0,24 MHz,105.762,12 MHz,12.57,6,2500,28.1492,2500,6.78459,Waveform,88.5,-839.468378818133
W50A000F,touch_1.7.0Beta1,6/11/2025 11:22:54,SSTDR,24,4,RG-58/U 50 ohm coax,0.66,None,Standard,0,0,24 MHz,105.762,12 MHz,12.57,6,2500,28.1492,2500,6.78459,Waveform,88.75,-797.700233228842
W50A000F,touch_1.7.0Beta1,6/11/2025 11:22:54,SSTDR,24,4,RG-58/U 50 ohm coax,0.66,None,Standard,0,0,24 MHz,105.762,12 MHz,12.57,6,2500,28.1492,2500,6.78459,Waveform,89,-723
W50A000F,touch_1.7.0Beta1,6/11/2025 11:22:54,SSTDR,24,4,RG-58/U 50 ohm coax,0.66,None,Standard,0,0,24 MHz,105.762,12 MHz,12.57,6,2500,28.1492,2500,6.78459,Waveform,89.25,-626.444255566166
W50A000F,touch_1.7.0Beta1,6/11/2025 11:22:54,SSTDR,24,4,RG-58/U 50 ohm coax,0.66,None,Standard,0,0,24 MHz,105.762,12 MHz,12.57,6,2500,28.1492,2500,6.78459,Waveform,89.5,-514.058085199238
W50A000F,touch_1.7.0Beta1,6/11/2025 11:22:54,SSTDR,24,4,RG-58/U 50 ohm coax,0.66,None,Standard,0,0,24 MHz,105.762,12 MHz,12.57,6,2500,28.1492,2500,6.78459,Waveform,89.75,-386.40424627678
W50A000F,touch_1.7.0Beta1,6/11/2025 11:22:54,SSTDR,24,4,RG-58/U 50 ohm coax,0.66,None,Standard,0,0,24 MHz,105.762,12 MHz,12.57,6,2500,28.1492,2500,6.78459,Waveform,90,-242.000000000001
W50A000F,touch_1.7.0Beta1,6/11/2025 11:22:54,SSTDR,24,4,RG-58/U 50 ohm coax,0.66,None,Standard,0,0,24 MHz,105.762,12 MHz,12.57,6,2500,28.1492,2500,6.78459,Waveform,90.25,-82.1014584016754
W50A000F,touch_1.7.0Beta1,6/11/2025 11:22:54,SSTDR,24,4,RG-58/U 50 ohm coax,0.66,None,Standard,0,0,24 MHz,105.762,12 MHz,12.57,6,2500,28.1492,2500,6.78459,Waveform,90.5,86.3626131407239
W50A000F,touch_1.7.0Beta1,6/11/2025 11:22:54,SSTDR,24,4,RG-58/U 50 ohm coax,0.66,None,Standard,0,0,24 MHz,105.762,12 MHz,12.57,6,2500,28.1492,2500,6.78459,Waveform,90.75,251.615143149744
W50A000F,touch_1.7.0Beta1,6/11/2025 11:22:54,SSTDR,24,4,RG-58/U 50 ohm coax,0.66,None,Standard,0,0,24 MHz,105.762,12 MHz,12.57,6,2500,28.1492,2500,6.78459,Waveform,91,401
W50A000F,touch_1.7.0Beta1,6/11/2025 11:22:54,SSTDR,24,4,RG-58/U 50 ohm coax,0.66,None,Standard,0,0,24 MHz,105.762,12 MHz,12.57,6,2500,28.1492,2500,6.78459,Waveform,91.25,525.375013349102
W50A000F,touch_1.7.0Beta1,6/11/2025 11:22:54,SSTDR,24,4,RG-58/U 50 ohm coax,0.66,None,Standard,0,0,24 MHz,105.762,12 MHz,12.57,6,2500,28.1492,2500,6.78459,Waveform,91.5,620.889325688197
W50A000F,touch_1.7.0Beta1,6/11/2025 11:22:54,SSTDR,24,4,RG-58/U 50 ohm coax,0.66,None,Standard,0,0,24 MHz,105.762,12 MHz,12.57,6,2500,28.1492,2500,6.78459,Waveform,91.75,686.83603234342
W50A000F,touch_1.7.0Beta1,6/11/2025 11:22:54,SSTDR,24,4,RG-58/U 50 ohm coax,0.66,None,Standard,0,0,24 MHz,105.762,12 MHz,12.57,6,2500,28.1492,2500,6.78459,Waveform,92,721
W50A000F,touch_1.7.0Beta1,6/11/2025 11:22:54,SSTDR,24,4,RG-58/U 50 ohm coax,0.66,None,Standard,0,0,24 MHz,105.762,12 MHz,12.57,6,2500,28.1492,2500,6.78459,Waveform,92.25,715.906390896994
W50A000F,touch_1.7.0Beta1,6/11/2025 11:22:54,SSTDR,24,4,RG-58/U 50 ohm coax,0.66,None,Standard,0,0,24 MHz,105.762,12 MHz,12.57,6,2500,28.1492,2500,6.78459,Waveform,92.5,659.252264427389
W50A000F,touch_1.7.0Beta1,6/11/2025 11:22:54,SSTDR,24,4,RG-58/U 50 ohm coax,0.66,None,Standard,0,0,24 MHz,105.762,12 MHz,12.57,6,2500,28.1492,2500,6.78459,Waveform,92.75,539.459019586494
W50A000F,touch_1.7.0Beta1,6/11/2025 11:22:54,SSTDR,24,4,RG-58/U 50 ohm coax,0.66,None,Standard,0,0,24 MHz,105.762,12 MHz,12.57,6,2500,28.1492,2500,6.78459,Waveform,93,354.000000000001
W50A000F,touch_1.7.0Beta1,6/11/2025 11:22:54,SSTDR,24,4,RG-58/U 50 ohm coax,0.66,None,Standard,0,0,24 MHz,105.762,12 MHz,12.57,6,2500,28.1492,2500,6.78459,Waveform,93.25,115.906819435177
W50A000F,touch_1.7.0Beta1,6/11/2025 11:22:54,SSTDR,24,4,RG-58/U 50 ohm coax,0.66,None,Standard,0,0,24 MHz,105.762,12 MHz,12.57,6,2500,28.1492,2500,6.78459,Waveform,93.5,-145.861852456876
W50A000F,touch_1.7.0Beta1,6/11/2025 11:22:54,SSTDR,24,4,RG-58/U 50 ohm coax,0.66,None,Standard,0,0,24 MHz,105.762,12 MHz,12.57,6,2500,28.1492,2500,6.78459,Waveform,93.75,-393.606996198426
W50A000F,touch_1.7.0Beta1,6/11/2025 11:22:54,SSTDR,24,4,RG-58/U 50 ohm coax,0.66,None,Standard,0,0,24 MHz,105.762,12 MHz,12.57,6,2500,28.1492,2500,6.78459,Waveform,94,-592.999999999999
W50A000F,touch_1.7.0Beta1,6/11/2025 11:22:54,SSTDR,24,4,RG-58/U 50 ohm coax,0.66,None,Standard,0,0,24 MHz,105.762,12 MHz,12.57,6,2500,28.1492,2500,6.78459,Waveform,94.25,-724.535845334411
W50A000F,touch_1.7.0Beta1,6/11/2025 11:22:54,SSTDR,24,4,RG-58/U 50 ohm coax,0.66,None,Standard,0,0,24 MHz,105.762,12 MHz,12.57,6,2500,28.1492,2500,6.78459,Waveform,94.5,-788.660116366434
W50A000F,touch_1.7.0Beta1,6/11/2025 11:22:54,SSTDR,24,4,RG-58/U 50 ohm coax,0.66,None,Standard,0,0,24 MHz,105.762,12 MHz,12.57,6,2500,28.1492,2500,6.78459,Waveform,94.75,-801.909273013693
W50A000F,touch_1.7.0Beta1,6/11/2025 11:22:54,SSTDR,24,4,RG-58/U 50 ohm coax,0.66,None,Standard,0,0,24 MHz,105.762,12 MHz,12.57,6,2500,28.1492,2500,6.78459,Waveform,95,-785.999999999998
W50A000F,touch_1.7.0Beta1,6/11/2025 11:22:54,SSTDR,24,4,RG-58/U 50 ohm coax,0.66,None,Standard,0,0,24 MHz,105.762,12 MHz,12.57,6,2500,28.1492,2500,6.78459,Waveform,95.25,-755.524660044103
W50A000F,touch_1.7.0Beta1,6/11/2025 11:22:54,SSTDR,24,4,RG-58/U 50 ohm coax,0.66,None,Standard,0,0,24 MHz,105.762,12 MHz,12.57,6,2500,28.1492,2500,6.78459,Waveform,95.5,-710.688914644227
W50A000F,touch_1.7.0Beta1,6/11/2025 11:22:54,SSTDR,24,4,RG-58/U 50 ohm coax,0.66,None,Standard,0,0,24 MHz,105.762,12 MHz,12.57,6,2500,28.1492,2500,6.78459,Waveform,95.75,-638.863614808949
W50A000F,touch_1.7.0Beta1,6/11/2025 11:22:54,SSTDR,24,4,RG-58/U 50 ohm coax,0.66,None,Standard,0,0,24 MHz,105.762,12 MHz,12.57,6,2500,28.1492,2500,6.78459,Waveform,96,-524.000000000001
W50A000F,touch_1.7.0Beta1,6/11/2025 11:22:54,SSTDR,24,4,RG-58/U 50 ohm coax,0.66,None,Standard,0,0,24 MHz,105.762,12 MHz,12.57,6,2500,28.1492,2500,6.78459,Waveform,96.25,-358.713449052781
W50A000F,touch_1.7.0Beta1,6/11/2025 11:22:54,SSTDR,24,4,RG-58/U 50 ohm coax,0.66,None,Standard,0,0,24 MHz,105.762,12 MHz,12.57,6,2500,28.1492,2500,6.78459,Waveform,96.5,-152.383077448885
W50A000F,touch_1.7.0Beta1,6/11/2025 11:22:54,SSTDR,24,4,RG-58/U 50 ohm coax,0.66,None,Standard,0,0,24 MHz,105.762,12 MHz,12.57,6,2500,28.1492,2500,6.78459,Waveform,96.75,69.2571291199149
W50A000F,touch_1.7.0Beta1,6/11/2025 11:22:54,SSTDR,24,4,RG-58/U 50 ohm coax,0.66,None,Standard,0,0,24 MHz,105.762,12 MHz,12.57,6,2500,28.1492,2500,6.78459,Waveform,97,272.999999999999
W50A000F,touch_1.7.0Beta1,6/11/2025 11:22:54,SSTDR,24,4,RG-58/U 50 ohm coax,0.66,None,Standard,0,0,24 MHz,105.762,12 MHz,12.57,6,2500,28.1492,2500,6.78459,Waveform,97.25,430.971293663471
W50A000F,touch_1.7.0Beta1,6/11/2025 11:22:54,SSTDR,24,4,RG-58/U 50 ohm coax,0.66,None,Standard,0,0,24 MHz,105.762,12 MHz,12.57,6,2500,28.1492,2500,6.78459,Waveform,97.5,530.785612622751
W50A000F,touch_1.7.0Beta1,6/11/2025 11:22:54,SSTDR,24,4,RG-58/U 50 ohm coax,0.66,None,Standard,0,0,24 MHz,105.762,12 MHz,12.57,6,2500,28.1492,2500,6.78459,Waveform,97.75,577.999982412537
W50A000F,touch_1.7.0Beta1,6/11/2025 11:22:54,SSTDR,24,4,RG-58/U 50 ohm coax,0.66,None,Standard,0,0,24 MHz,105.762,12 MHz,12.57,6,2500,28.1492,2500,6.78459,Waveform,98,589.999999999999
W50A000F,touch_1.7.0Beta1,6/11/2025 11:22:54,SSTDR,24,4,RG-58/U 50 ohm coax,0.66,None,Standard,0,0,24 MHz,105.762,12 MHz,12.57,6,2500,28.1492,2500,6.78459,Waveform,98.25,584.984269942873
W50A000F,touch_1.7.0Beta1,6/11/2025 11:22:54,SSTDR,24,4,RG-58/U 50 ohm coax,0.66,None,Standard,0,0,24 MHz,105.762,12 MHz,12.57,6,2500,28.1492,2500,6.78459,Waveform,98.5,572.126263129759
W50A000F,touch_1.7.0Beta1,6/11/2025 11:22:54,SSTDR,24,4,RG-58/U 50 ohm coax,0.66,None,Standard,0,0,24 MHz,105.762,12 MHz,12.57,6,2500,28.1492,2500,6.78459,Waveform,98.75,548.041590554499
W50A000F,touch_1.7.0Beta1,6/11/2025 11:22:54,SSTDR,24,4,RG-58/U 50 ohm coax,0.66,None,Standard,0,0,24 MHz,105.762,12 MHz,12.57,6,2500,28.1492,2500,6.78459,Waveform,99,501.000000000001
W50A000F,touch_1.7.0Beta1,6/11/2025 11:22:54,SSTDR,24,4,RG-58/U 50 ohm coax,0.66,None,Standard,0,0,24 MHz,105.762,12 MHz,12.57,6,2500,28.1492,2500,6.78459,Waveform,99.25,420.006948488982
W50A000F,touch_1.7.0Beta1,6/11/2025 11:22:54,SSTDR,24,4,RG-58/U 50 ohm coax,0.66,None,Standard,0,0,24 MHz,105.762,12 MHz,12.57,6,2500,28.1492,2500,6.78459,Waveform,99.5,303.332254967153
W50A000F,touch_1.7.0Beta1,6/11/2025 11:22:54,SSTDR,24,4,RG-58/U 50 ohm coax,0.66,None,Standard,0,0,24 MHz,105.762,12 MHz,12.57,6,2500,28.1492,2500,6.78459,Waveform,99.75,161.625008663626
W50A000F,touch_1.7.0Beta1,6/11/2025 11:22:54,SSTDR,24,4,RG-58/U 50 ohm coax,0.66,None,Standard,0,0,24 MHz,105.762,12 MHz,12.57,6,2500,28.1492,2500,6.78459,Waveform,100,13.9999999999989
W50A000F,touch_1.7.0Beta1,6/11/2025 11:22:54,SSTDR,24,4,RG-58/U 50 ohm coax,0.66,None,Standard,0,0,24 MHz,105.762,12 MHz,12.57,6,2500,28.1492,2500,6.78459,Waveform,100.25,-120.493125914353
W50A000F,touch_1.7.0Beta1,6/11/2025 11:22:54,SSTDR,24,4,RG-58/U 50 ohm coax,0.66,None,Standard,0,0,24 MHz,105.762,12 MHz,12.57,6,2500,28.1492,2500,6.78459,Waveform,100.5,-231.080385723005
W50A000F,touch_1.7.0Beta1,6/11/2025 11:22:54,SSTDR,24,4,RG-58/U 50 ohm coax,0.66,None,Standard,0,0,24 MHz,105.762,12 MHz,12.57,6,2500,28.1492,2500,6.78459,Waveform,100.75,-318.557737373792
W50A000F,touch_1.7.0Beta1,6/11/2025 11:22:54,SSTDR,24,4,RG-58/U 50 ohm coax,0.66,None,Standard,0,0,24 MHz,105.762,12 MHz,12.57,6,2500,28.1492,2500,6.78459,Waveform,101,-391.999999999998
W50A000F,touch_1.7.0Beta1,6/11/2025 11:22:54,SSTDR,24,4,RG-58/U 50 ohm coax,0.66,None,Standard,0,0,24 MHz,105.762,12 MHz,12.57,6,2500,28.1492,2500,6.78459,Waveform,101.25,-460.998722733868
W50A000F,touch_1.7.0Beta1,6/11/2025 11:22:54,SSTDR,24,4,RG-58/U 50 ohm coax,0.66,None,Standard,0,0,24 MHz,105.762,12 MHz,12.57,6,2500,28.1492,2500,6.78459,Waveform,101.5,-528.022763687182
W50A000F,touch_1.7.0Beta1,6/11/2025 11:22:54,SSTDR,24,4,RG-58/U 50 ohm coax,0.66,None,Standard,0,0,24 MHz,105.762,12 MHz,12.57,6,2500,28.1492,2500,6.78459,Waveform,101.75,-585.307148479244
W50A000F,touch_1.7.0Beta1,6/11/2025 11:22:54,SSTDR,24,4,RG-58/U 50 ohm coax,0.66,None,Standard,0,0,24 MHz,105.762,12 MHz,12.57,6,2500,28.1492,2500,6.78459,Waveform,102,-618.000000000001
W50A000F,touch_1.7.0Beta1,6/11/2025 11:22:54,SSTDR,24,4,RG-58/U 50 ohm coax,0.66,None,Standard,0,0,24 MHz,105.762,12 MHz,12.57,6,2500,28.1492,2500,6.78459,Waveform,102.25,-611.713420023739
W50A000F,touch_1.7.0Beta1,6/11/2025 11:22:54,SSTDR,24,4,RG-58/U 50 ohm coax,0.66,None,Standard,0,0,24 MHz,105.762,12 MHz,12.57,6,2500,28.1492,2500,6.78459,Waveform,102.5,-560.180493447365
W50A000F,touch_1.7.0Beta1,6/11/2025 11:22:54,SSTDR,24,4,RG-58/U 50 ohm coax,0.66,None,Standard,0,0,24 MHz,105.762,12 MHz,12.57,6,2500,28.1492,2500,6.78459,Waveform,102.75,-468.764256064588
W50A000F,touch_1.7.0Beta1,6/11/2025 11:22:54,SSTDR,24,4,RG-58/U 50 ohm coax,0.66,None,Standard,0,0,24 MHz,105.762,12 MHz,12.57,6,2500,28.1492,2500,6.78459,Waveform,103,-352
W50A000F,touch_1.7.0Beta1,6/11/2025 11:22:54,SSTDR,24,4,RG-58/U 50 ohm coax,0.66,None,Standard,0,0,24 MHz,105.762,12 MHz,12.57,6,2500,28.1492,2500,6.78459,Waveform,103.25,-226.736391434089
W50A000F,touch_1.7.0Beta1,6/11/2025 11:22:54,SSTDR,24,4,RG-58/U 50 ohm coax,0.66,None,Standard,0,0,24 MHz,105.762,12 MHz,12.57,6,2500,28.1492,2500,6.78459,Waveform,103.5,-104.837158194285
W50A000F,touch_1.7.0Beta1,6/11/2025 11:22:54,SSTDR,24,4,RG-58/U 50 ohm coax,0.66,None,Standard,0,0,24 MHz,105.762,12 MHz,12.57,6,2500,28.1492,2500,6.78459,Waveform,103.75,10.5066789217326
W50A000F,touch_1.7.0Beta1,6/11/2025 11:22:54,SSTDR,24,4,RG-58/U 50 ohm coax,0.66,None,Standard,0,0,24 MHz,105.762,12 MHz,12.57,6,2500,28.1492,2500,6.78459,Waveform,104,123.000000000001
W50A000F,touch_1.7.0Beta1,6/11/2025 11:22:54,SSTDR,24,4,RG-58/U 50 ohm coax,0.66,None,Standard,0,0,24 MHz,105.762,12 MHz,12.57,6,2500,28.1492,2500,6.78459,Waveform,104.25,237.315100423706
W50A000F,touch_1.7.0Beta1,6/11/2025 11:22:54,SSTDR,24,4,RG-58/U 50 ohm coax,0.66,None,Standard,0,0,24 MHz,105.762,12 MHz,12.57,6,2500,28.1492,2500,6.78459,Waveform,104.5,352.643469097442
W50A000F,touch_1.7.0Beta1,6/11/2025 11:22:54,SSTDR,24,4,RG-58/U 50 ohm coax,0.66,None,Standard,0,0,24 MHz,105.762,12 MHz,12.57,6,2500,28.1492,2500,6.78459,Waveform,104.75,459.552005649999
W50A000F,touch_1.7.0Beta1,6/11/2025 11:22:54,SSTDR,24,4,RG-58/U 50 ohm coax,0.66,None,Standard,0,0,24 MHz,105.762,12 MHz,12.57,6,2500,28.1492,2500,6.78459,Waveform,105,542
W50A000F,touch_1.7.0Beta1,6/11/2025 11:22:54,SSTDR,24,4,RG-58/U 50 ohm coax,0.66,None,Standard,0,0,24 MHz,105.762,12 MHz,12.57,6,2500,28.1492,2500,6.78459,Waveform,105.25,583.433104636524
W50A000F,touch_1.7.0Beta1,6/11/2025 11:22:54,SSTDR,24,4,RG-58/U 50 ohm coax,0.66,None,Standard,0,0,24 MHz,105.762,12 MHz,12.57,6,2500,28.1492,2500,6.78459,Waveform,105.5,573.649757142211
W50A000F,touch_1.7.0Beta1,6/11/2025 11:22:54,SSTDR,24,4,RG-58/U 50 ohm coax,0.66,None,Standard,0,0,24 MHz,105.762,12 MHz,12.57,6,2500,28.1492,2500,6.78459,Waveform,105.75,512.850528568805
W50A000F,touch_1.7.0Beta1,6/11/2025 11:22:54,SSTDR,24,4,RG-58/U 50 ohm coax,0.66,None,Standard,0,0,24 MHz,105.762,12 MHz,12.57,6,2500,28.1492,2500,6.78459,Waveform,106,410.999999999999
W50A000F,touch_1.7.0Beta1,6/11/2025 11:22:54,SSTDR,24,4,RG-58/U 50 ohm coax,0.66,None,Standard,0,0,24 MHz,105.762,12 MHz,12.57,6,2500,28.1492,2500,6.78459,Waveform,106.25,283.281248140973
W50A000F,touch_1.7.0Beta1,6/11/2025 11:22:54,SSTDR,24,4,RG-58/U 50 ohm coax,0.66,None,Standard,0,0,24 MHz,105.762,12 MHz,12.57,6,2500,28.1492,2500,6.78459,Waveform,106.5,144.451144767689
W50A000F,touch_1.7.0Beta1,6/11/2025 11:22:54,SSTDR,24,4,RG-58/U 50 ohm coax,0.66,None,Standard,0,0,24 MHz,105.762,12 MHz,12.57,6,2500,28.1492,2500,6.78459,Waveform,106.75,5.18791113342065
W50A000F,touch_1.7.0Beta1,6/11/2025 11:22:54,SSTDR,24,4,RG-58/U 50 ohm coax,0.66,None,Standard,0,0,24 MHz,105.762,12 MHz,12.57,6,2500,28.1492,2500,6.78459,Waveform,107,-128.000000000001
W50A000F,touch_1.7.0Beta1,6/11/2025 11:22:54,SSTDR,24,4,RG-58/U 50 ohm coax,0.66,None,Standard,0,0,24 MHz,105.762,12 MHz,12.57,6,2500,28.1492,2500,6.78459,Waveform,107.25,-250.067328115727
W50A000F,touch_1.7.0Beta1,6/11/2025 11:22:54,SSTDR,24,4,RG-58/U 50 ohm coax,0.66,None,Standard,0,0,24 MHz,105.762,12 MHz,12.57,6,2500,28.1492,2500,6.78459,Waveform,107.5,-354.402432940843
W50A000F,touch_1.7.0Beta1,6/11/2025 11:22:54,SSTDR,24,4,RG-58/U 50 ohm coax,0.66,None,Standard,0,0,24 MHz,105.762,12 MHz,12.57,6,2500,28.1492,2500,6.78459,Waveform,107.75,-432.025568372688
W50A000F,touch_1.7.0Beta1,6/11/2025 11:22:54,SSTDR,24,4,RG-58/U 50 ohm coax,0.66,None,Standard,0,0,24 MHz,105.762,12 MHz,12.57,6,2500,28.1492,2500,6.78459,Waveform,108,-474
W50A000F,touch_1.7.0Beta1,6/11/2025 11:22:54,SSTDR,24,4,RG-58/U 50 ohm coax,0.66,None,Standard,0,0,24 MHz,105.762,12 MHz,12.57,6,2500,28.1492,2500,6.78459,Waveform,108.25,-475.816003649008
W50A000F,touch_1.7.0Beta1,6/11/2025 11:22:54,SSTDR,24,4,RG-58/U 50 ohm coax,0.66,None,Standard,0,0,24 MHz,105.762,12 MHz,12.57,6,2500,28.1492,2500,6.78459,Waveform,108.5,-440.998988717255
W50A000F,touch_1.7.0Beta1,6/11/2025 11:22:54,SSTDR,24,4,RG-58/U 50 ohm coax,0.66,None,Standard,0,0,24 MHz,105.762,12 MHz,12.57,6,2500,28.1492,2500,6.78459,Waveform,108.75,-381.348856188919
W50A000F,touch_1.7.0Beta1,6/11/2025 11:22:54,SSTDR,24,4,RG-58/U 50 ohm coax,0.66,None,Standard,0,0,24 MHz,105.762,12 MHz,12.57,6,2500,28.1492,2500,6.78459,Waveform,109,-312.999999999999
W50A000F,touch_1.7.0Beta1,6/11/2025 11:22:54,SSTDR,24,4,RG-58/U 50 ohm coax,0.66,None,Standard,0,0,24 MHz,105.762,12 MHz,12.57,6,2500,28.1492,2500,6.78459,Waveform,109.25,-249.896107687912
W50A000F,touch_1.7.0Beta1,6/11/2025 11:22:54,SSTDR,24,4,RG-58/U 50 ohm coax,0.66,None,Standard,0,0,24 MHz,105.762,12 MHz,12.57,6,2500,28.1492,2500,6.78459,Waveform,109.5,-197.913220075843
W50A000F,touch_1.7.0Beta1,6/11/2025 11:22:54,SSTDR,24,4,RG-58/U 50 ohm coax,0.66,None,Standard,0,0,24 MHz,105.762,12 MHz,12.57,6,2500,28.1492,2500,6.78459,Waveform,109.75,-152.766410224061
W50A000F,touch_1.7.0Beta1,6/11/2025 11:22:54,SSTDR,24,4,RG-58/U 50 ohm coax,0.66,None,Standard,0,0,24 MHz,105.762,12 MHz,12.57,6,2500,28.1492,2500,6.78459,Waveform,110,-103
W50A000F,touch_1.7.0Beta1,6/11/2025 11:22:54,SSTDR,24,4,RG-58/U 50 ohm coax,0.66,None,Standard,0,0,24 MHz,105.762,12 MHz,12.57,6,2500,28.1492,2500,6.78459,Waveform,110.25,-36.7595964487453
W50A000F,touch_1.7.0Beta1,6/11/2025 11:22:54,SSTDR,24,4,RG-58/U 50 ohm coax,0.66,None,Standard,0,0,24 MHz,105.762,12 MHz,12.57,6,2500,28.1492,2500,6.78459,Waveform,110.5,50.9286953898632
W50A000F,touch_1.7.0Beta1,6/11/2025 11:22:54,SSTDR,24,4,RG-58/U 50 ohm coax,0.66,None,Standard,0,0,24 MHz,105.762,12 MHz,12.57,6,2500,28.1492,2500,6.78459,Waveform,110.75,153.945809599628
W50A000F,touch_1.7.0Beta1,6/11/2025 11:22:54,SSTDR,24,4,RG-58/U 50 ohm coax,0.66,None,Standard,0,0,24 MHz,105.762,12 MHz,12.57,6,2500,28.1492,2500,6.78459,Waveform,111,255.999999999999
W50A000F,touch_1.7.0Beta1,6/11/2025 11:22:54,SSTDR,24,4,RG-58/U 50 ohm coax,0.66,None,Standard,0,0,24 MHz,105.762,12 MHz,12.57,6,2500,28.1492,2500,6.78459,Waveform,111.25,336.252259981601
W50A000F,touch_1.7.0Beta1,6/11/2025 11:22:54,SSTDR,24,4,RG-58/U 50 ohm coax,0.66,None,Standard,0,0,24 MHz,105.762,12 MHz,12.57,6,2500,28.1492,2500,6.78459,Waveform,111.5,377.038657064943
W50A000F,touch_1.7.0Beta1,6/11/2025 11:22:54,SSTDR,24,4,RG-58/U 50 ohm coax,0.66,None,Standard,0,0,24 MHz,105.762,12 MHz,12.57,6,2500,28.1492,2500,6.78459,Waveform,111.75,370.27684701507
W50A000F,touch_1.7.0Beta1,6/11/2025 11:22:54,SSTDR,24,4,RG-58/U 50 ohm coax,0.66,None,Standard,0,0,24 MHz,105.762,12 MHz,12.57,6,2500,28.1492,2500,6.78459,Waveform,112,320
W50A000F,touch_1.7.0Beta1,6/11/2025 11:22:54,SSTDR,24,4,RG-58/U 50 ohm coax,0.66,None,Standard,0,0,24 MHz,105.762,12 MHz,12.57,6,2500,28.1492,2500,6.78459,Waveform,112.25,240.39694681881
W50A000F,touch_1.7.0Beta1,6/11/2025 11:22:54,SSTDR,24,4,RG-58/U 50 ohm coax,0.66,None,Standard,0,0,24 MHz,105.762,12 MHz,12.57,6,2500,28.1492,2500,6.78459,Waveform,112.5,150.691934709019
W50A000F,touch_1.7.0Beta1,6/11/2025 11:22:54,SSTDR,24,4,RG-58/U 50 ohm coax,0.66,None,Standard,0,0,24 MHz,105.762,12 MHz,12.57,6,2500,28.1492,2500,6.78459,Waveform,112.75,69.2385348929361
W50A000F,touch_1.7.0Beta1,6/11/2025 11:22:54,SSTDR,24,4,RG-58/U 50 ohm coax,0.66,None,Standard,0,0,24 MHz,105.762,6 MHz,12.43,6,1500,20.4218,1500,13.5241,Calibration,1,-55
W50A000F,touch_1.7.0Beta1,6/11/2025 11:22:54,SSTDR,24,4,RG-58/U 50 ohm coax,0.66,None,Standard,0,0,24 MHz,105.762,6 MHz,12.43,6,1500,20.4218,1500,13.5241,Calibration,2,-17
W50A000F,touch_1.7.0Beta1,6/11/2025 11:22:54,SSTDR,24,4,RG-58/U 50 ohm coax,0.66,None,Standard,0,0,24 MHz,105.762,6 MHz,12.43,6,1500,20.4218,1500,13.5241,Calibration,3,-59
W50A000F,touch_1.7.0Beta1,6/11/2025 11:22:54,SSTDR,24,4,RG-58/U 50 ohm coax,0.66,None,Standard,0,0,24 MHz,105.762,6 MHz,12.43,6,1500,20.4218,1500,13.5241,Calibration,4,-56
W50A000F,touch_1.7.0Beta1,6/11/2025 11:22:54,SSTDR,24,4,RG-58/U 50 ohm coax,0.66,None,Standard,0,0,24 MHz,105.762,6 MHz,12.43,6,1500,20.4218,1500,13.5241,Calibration,5,-24
W50A000F,touch_1.7.0Beta1,6/11/2025 11:22:54,SSTDR,24,4,RG-58/U 50 ohm coax,0.66,None,Standard,0,0,24 MHz,105.762,6 MHz,12.43,6,1500,20.4218,1500,13.5241,Calibration,6,37
W50A000F,touch_1.7.0Beta1,6/11/2025 11:22:54,SSTDR,24,4,RG-58/U 50 ohm coax,0.66,None,Standard,0,0,24 MHz,105.762,6 MHz,12.43,6,1500,20.4218,1500,13.5241,Calibration,7,14
W50A000F,touch_1.7.0Beta1,6/11/2025 11:22:54,SSTDR,24,4,RG-58/U 50 ohm coax,0.66,None,Standard,0,0,24 MHz,105.762,6 MHz,12.43,6,1500,20.4218,1500,13.5241,Calibration,8,-187
W50A000F,touch_1.7.0Beta1,6/11/2025 11:22:54,SSTDR,24,4,RG-58/U 50 ohm coax,0.66,None,Standard,0,0,24 MHz,105.762,6 MHz,12.43,6,1500,20.4218,1500,13.5241,Calibration,9,-29
W50A000F,touch_1.7.0Beta1,6/11/2025 11:22:54,SSTDR,24,4,RG-58/U 50 ohm coax,0.66,None,Standard,0,0,24 MHz,105.762,6 MHz,12.43,6,1500,20.4218,1500,13.5241,Calibration,10,-12159
W50A000F,touch_1.7.0Beta1,6/11/2025 11:22:54,SSTDR,24,4,RG-58/U 50 ohm coax,0.66,None,Standard,0,0,24 MHz,105.762,6 MHz,12.43,6,1500,20.4218,1500,13.5241,Calibration,11,-26463
W50A000F,touch_1.7.0Beta1,6/11/2025 11:22:54,SSTDR,24,4,RG-58/U 50 ohm coax,0.66,None,Standard,0,0,24 MHz,105.762,6 MHz,12.43,6,1500,20.4218,1500,13.5241,Calibration,12,9275
W50A000F,touch_1.7.0Beta1,6/11/2025 11:22:54,SSTDR,24,4,RG-58/U 50 ohm coax,0.66,None,Standard,0,0,24 MHz,105.762,6 MHz,12.43,6,1500,20.4218,1500,13.5241,Calibration,13,32767
W50A000F,touch_1.7.0Beta1,6/11/2025 11:22:54,SSTDR,24,4,RG-58/U 50 ohm coax,0.66,None,Standard,0,0,24 MHz,105.762,6 MHz,12.43,6,1500,20.4218,1500,13.5241,Calibration,14,20066
W50A000F,touch_1.7.0Beta1,6/11/2025 11:22:54,SSTDR,24,4,RG-58/U 50 ohm coax,0.66,None,Standard,0,0,24 MHz,105.762,6 MHz,12.43,6,1500,20.4218,1500,13.5241,Calibration,15,-24629
W50A000F,touch_1.7.0Beta1,6/11/2025 11:22:54,SSTDR,24,4,RG-58/U 50 ohm coax,0.66,None,Standard,0,0,24 MHz,105.762,6 MHz,12.43,6,1500,20.4218,1500,13.5241,Calibration,16,-17255
W50A000F,touch_1.7.0Beta1,6/11/2025 11:22:54,SSTDR,24,4,RG-58/U 50 ohm coax,0.66,None,Standard,0,0,24 MHz,105.762,6 MHz,12.43,6,1500,20.4218,1500,13.5241,Calibration,17,-2062
W50A000F,touch_1.7.0Beta1,6/11/2025 11:22:54,SSTDR,24,4,RG-58/U 50 ohm coax,0.66,None,Standard,0,0,24 MHz,105.762,6 MHz,12.43,6,1500,20.4218,1500,13.5241,Calibration,18,61
W50A000F,touch_1.7.0Beta1,6/11/2025 11:22:54,SSTDR,24,4,RG-58/U 50 ohm coax,0.66,None,Standard,0,0,24 MHz,105.762,6 MHz,12.43,6,1500,20.4218,1500,13.5241,Calibration,19,-105
W50A000F,touch_1.7.0Beta1,6/11/2025 11:22:54,SSTDR,24,4,RG-58/U 50 ohm coax,0.66,None,Standard,0,0,24 MHz,105.762,6 MHz,12.43,6,1500,20.4218,1500,13.5241,Calibration,20,-106
W50A000F,touch_1.7.0Beta1,6/11/2025 11:22:54,SSTDR,24,4,RG-58/U 50 ohm coax,0.66,None,Standard,0,0,24 MHz,105.762,6 MHz,12.43,6,1500,20.4218,1500,13.5241,Calibration,21,-51
W50A000F,touch_1.7.0Beta1,6/11/2025 11:22:54,SSTDR,24,4,RG-58/U 50 ohm coax,0.66,None,Standard,0,0,24 MHz,105.762,6 MHz,12.43,6,1500,20.4218,1500,13.5241,Calibration,22,-85
W50A000F,touch_1.7.0Beta1,6/11/2025 11:22:54,SSTDR,24,4,RG-58/U 50 ohm coax,0.66,None,Standard,0,0,24 MHz,105.762,6 MHz,12.43,6,1500,20.4218,1500,13.5241,Calibration,23,-85
W50A000F,touch_1.7.0Beta1,6/11/2025 11:22:54,SSTDR,24,4,RG-58/U 50 ohm coax,0.66,None,Standard,0,0,24 MHz,105.762,6 MHz,12.43,6,1500,20.4218,1500,13.5241,Calibration,24,-205
W50A000F,touch_1.7.0Beta1,6/11/2025 11:22:54,SSTDR,24,4,RG-58/U 50 ohm coax,0.66,None,Standard,0,0,24 MHz,105.762,6 MHz,12.43,6,1500,20.4218,1500,13.5241,Calibration,25,184
W50A000F,touch_1.7.0Beta1,6/11/2025 11:22:54,SSTDR,24,4,RG-58/U 50 ohm coax,0.66,None,Standard,0,0,24 MHz,105.762,6 MHz,12.43,6,1500,20.4218,1500,13.5241,Calibration,26,2
W50A000F,touch_1.7.0Beta1,6/11/2025 11:22:54,SSTDR,24,4,RG-58/U 50 ohm coax,0.66,None,Standard,0,0,24 MHz,105.762,6 MHz,12.43,6,1500,20.4218,1500,13.5241,Calibration,27,27
W50A000F,touch_1.7.0Beta1,6/11/2025 11:22:54,SSTDR,24,4,RG-58/U 50 ohm coax,0.66,None,Standard,0,0,24 MHz,105.762,6 MHz,12.43,6,1500,20.4218,1500,13.5241,Calibration,28,-250
W50A000F,touch_1.7.0Beta1,6/11/2025 11:22:54,SSTDR,24,4,RG-58/U 50 ohm coax,0.66,None,Standard,0,0,24 MHz,105.762,6 MHz,12.43,6,1500,20.4218,1500,13.5241,Calibration,29,15
W50A000F,touch_1.7.0Beta1,6/11/2025 11:22:54,SSTDR,24,4,RG-58/U 50 ohm coax,0.66,None,Standard,0,0,24 MHz,105.762,6 MHz,12.43,6,1500,20.4218,1500,13.5241,Calibration,30,-143
W50A000F,touch_1.7.0Beta1,6/11/2025 11:22:54,SSTDR,24,4,RG-58/U 50 ohm coax,0.66,None,Standard,0,0,24 MHz,105.762,6 MHz,12.43,6,1500,20.4218,1500,13.5241,Calibration,31,-104
W50A000F,touch_1.7.0Beta1,6/11/2025 11:22:54,SSTDR,24,4,RG-58/U 50 ohm coax,0.66,None,Standard,0,0,24 MHz,105.762,6 MHz,12.43,6,1500,20.4218,1500,13.5241,Calibration,32,-147
W50A000F,touch_1.7.0Beta1,6/11/2025 11:22:54,SSTDR,24,4,RG-58/U 50 ohm coax,0.66,None,Standard,0,0,24 MHz,105.762,6 MHz,12.43,6,1500,20.4218,1500,13.5241,Calibration,33,63
W50A000F,touch_1.7.0Beta1,6/11/2025 11:22:54,SSTDR,24,4,RG-58/U 50 ohm coax,0.66,None,Standard,0,0,24 MHz,105.762,6 MHz,12.43,6,1500,20.4218,1500,13.5241,Calibration,34,16
W50A000F,touch_1.7.0Beta1,6/11/2025 11:22:54,SSTDR,24,4,RG-58/U 50 ohm coax,0.66,None,Standard,0,0,24 MHz,105.762,6 MHz,12.43,6,1500,20.4218,1500,13.5241,Calibration,35,-56
W50A000F,touch_1.7.0Beta1,6/11/2025 11:22:54,SSTDR,24,4,RG-58/U 50 ohm coax,0.66,None,Standard,0,0,24 MHz,105.762,6 MHz,12.43,6,1500,20.4218,1500,13.5241,Calibration,36,-194
W50A000F,touch_1.7.0Beta1,6/11/2025 11:22:54,SSTDR,24,4,RG-58/U 50 ohm coax,0.66,None,Standard,0,0,24 MHz,105.762,6 MHz,12.43,6,1500,20.4218,1500,13.5241,Calibration,37,109
W50A000F,touch_1.7.0Beta1,6/11/2025 11:22:54,SSTDR,24,4,RG-58/U 50 ohm coax,0.66,None,Standard,0,0,24 MHz,105.762,6 MHz,12.43,6,1500,20.4218,1500,13.5241,Calibration,38,15
W50A000F,touch_1.7.0Beta1,6/11/2025 11:22:54,SSTDR,24,4,RG-58/U 50 ohm coax,0.66,None,Standard,0,0,24 MHz,105.762,6 MHz,12.43,6,1500,20.4218,1500,13.5241,Calibration,39,-42
W50A000F,touch_1.7.0Beta1,6/11/2025 11:22:54,SSTDR,24,4,RG-58/U 50 ohm coax,0.66,None,Standard,0,0,24 MHz,105.762,6 MHz,12.43,6,1500,20.4218,1500,13.5241,Calibration,40,-239
W50A000F,touch_1.7.0Beta1,6/11/2025 11:22:54,SSTDR,24,4,RG-58/U 50 ohm coax,0.66,None,Standard,0,0,24 MHz,105.762,6 MHz,12.43,6,1500,20.4218,1500,13.5241,Calibration,41,129
W50A000F,touch_1.7.0Beta1,6/11/2025 11:22:54,SSTDR,24,4,RG-58/U 50 ohm coax,0.66,None,Standard,0,0,24 MHz,105.762,6 MHz,12.43,6,1500,20.4218,1500,13.5241,Calibration,42,68
W50A000F,touch_1.7.0Beta1,6/11/2025 11:22:54,SSTDR,24,4,RG-58/U 50 ohm coax,0.66,None,Standard,0,0,24 MHz,105.762,6 MHz,12.43,6,1500,20.4218,1500,13.5241,Calibration,43,88
W50A000F,touch_1.7.0Beta1,6/11/2025 11:22:54,SSTDR,24,4,RG-58/U 50 ohm coax,0.66,None,Standard,0,0,24 MHz,105.762,6 MHz,12.43,6,1500,20.4218,1500,13.5241,Calibration,44,-80
W50A000F,touch_1.7.0Beta1,6/11/2025 11:22:54,SSTDR,24,4,RG-58/U 50 ohm coax,0.66,None,Standard,0,0,24 MHz,105.762,6 MHz,12.43,6,1500,20.4218,1500,13.5241,Calibration,45,-7
W50A000F,touch_1.7.0Beta1,6/11/2025 11:22:54,SSTDR,24,4,RG-58/U 50 ohm coax,0.66,None,Standard,0,0,24 MHz,105.762,6 MHz,12.43,6,1500,20.4218,1500,13.5241,Calibration,46,15
W50A000F,touch_1.7.0Beta1,6/11/2025 11:22:54,SSTDR,24,4,RG-58/U 50 ohm coax,0.66,None,Standard,0,0,24 MHz,105.762,6 MHz,12.43,6,1500,20.4218,1500,13.5241,Calibration,47,-34
W50A000F,touch_1.7.0Beta1,6/11/2025 11:22:54,SSTDR,24,4,RG-58/U 50 ohm coax,0.66,None,Standard,0,0,24 MHz,105.762,6 MHz,12.43,6,1500,20.4218,1500,13.5241,Calibration,48,-35
W50A000F,touch_1.7.0Beta1,6/11/2025 11:22:54,SSTDR,24,4,RG-58/U 50 ohm coax,0.66,None,Standard,0,0,24 MHz,105.762,6 MHz,12.43,6,1500,20.4218,1500,13.5241,Calibration,49,4
W50A000F,touch_1.7.0Beta1,6/11/2025 11:22:54,SSTDR,24,4,RG-58/U 50 ohm coax,0.66,None,Standard,0,0,24 MHz,105.762,6 MHz,12.43,6,1500,20.4218,1500,13.5241,Calibration,50,13
W50A000F,touch_1.7.0Beta1,6/11/2025 11:22:54,SSTDR,24,4,RG-58/U 50 ohm coax,0.66,None,Standard,0,0,24 MHz,105.762,6 MHz,12.43,6,1500,20.4218,1500,13.5241,Calibration,51,45
W50A000F,touch_1.7.0Beta1,6/11/2025 11:22:54,SSTDR,24,4,RG-58/U 50 ohm coax,0.66,None,Standard,0,0,24 MHz,105.762,6 MHz,12.43,6,1500,20.4218,1500,13.5241,Calibration,52,-214
W50A000F,touch_1.7.0Beta1,6/11/2025 11:22:54,SSTDR,24,4,RG-58/U 50 ohm coax,0.66,None,Standard,0,0,24 MHz,105.762,6 MHz,12.43,6,1500,20.4218,1500,13.5241,Calibration,53,-54
W50A000F,touch_1.7.0Beta1,6/11/2025 11:22:54,SSTDR,24,4,RG-58/U 50 ohm coax,0.66,None,Standard,0,0,24 MHz,105.762,6 MHz,12.43,6,1500,20.4218,1500,13.5241,Calibration,54,-138
W50A000F,touch_1.7.0Beta1,6/11/2025 11:22:54,SSTDR,24,4,RG-58/U 50 ohm coax,0.66,None,Standard,0,0,24 MHz,105.762,6 MHz,12.43,6,1500,20.4218,1500,13.5241,Calibration,55,-79
W50A000F,touch_1.7.0Beta1,6/11/2025 11:22:54,SSTDR,24,4,RG-58/U 50 ohm coax,0.66,None,Standard,0,0,24 MHz,105.762,6 MHz,12.43,6,1500,20.4218,1500,13.5241,Calibration,56,-116
W50A000F,touch_1.7.0Beta1,6/11/2025 11:22:54,SSTDR,24,4,RG-58/U 50 ohm coax,0.66,None,Standard,0,0,24 MHz,105.762,6 MHz,12.43,6,1500,20.4218,1500,13.5241,Calibration,57,92
W50A000F,touch_1.7.0Beta1,6/11/2025 11:22:54,SSTDR,24,4,RG-58/U 50 ohm coax,0.66,None,Standard,0,0,24 MHz,105.762,6 MHz,12.43,6,1500,20.4218,1500,13.5241,Calibration,58,-3
W50A000F,touch_1.7.0Beta1,6/11/2025 11:22:54,SSTDR,24,4,RG-58/U 50 ohm coax,0.66,None,Standard,0,0,24 MHz,105.762,6 MHz,12.43,6,1500,20.4218,1500,13.5241,Calibration,59,-91
W50A000F,touch_1.7.0Beta1,6/11/2025 11:22:54,SSTDR,24,4,RG-58/U 50 ohm coax,0.66,None,Standard,0,0,24 MHz,105.762,6 MHz,12.43,6,1500,20.4218,1500,13.5241,Calibration,60,-268
W50A000F,touch_1.7.0Beta1,6/11/2025 11:22:54,SSTDR,24,4,RG-58/U 50 ohm coax,0.66,None,Standard,0,0,24 MHz,105.762,6 MHz,12.43,6,1500,20.4218,1500,13.5241,Calibration,61,162
W50A000F,touch_1.7.0Beta1,6/11/2025 11:22:54,SSTDR,24,4,RG-58/U 50 ohm coax,0.66,None,Standard,0,0,24 MHz,105.762,6 MHz,12.43,6,1500,20.4218,1500,13.5241,Calibration,62,50
W50A000F,touch_1.7.0Beta1,6/11/2025 11:22:54,SSTDR,24,4,RG-58/U 50 ohm coax,0.66,None,Standard,0,0,24 MHz,105.762,6 MHz,12.43,6,1500,20.4218,1500,13.5241,Calibration,63,51
W50A000F,touch_1.7.0Beta1,6/11/2025 11:22:54,SSTDR,24,4,RG-58/U 50 ohm coax,0.66,None,Standard,0,0,24 MHz,105.762,6 MHz,12.43,6,1500,20.4218,1500,13.5241,Calibration,64,-267
W50A000F,touch_1.7.0Beta1,6/11/2025 11:22:54,SSTDR,24,4,RG-58/U 50 ohm coax,0.66,None,Standard,0,0,24 MHz,105.762,6 MHz,12.43,6,1500,20.4218,1500,13.5241,Calibration,65,-129
W50A000F,touch_1.7.0Beta1,6/11/2025 11:22:54,SSTDR,24,4,RG-58/U 50 ohm coax,0.66,None,Standard,0,0,24 MHz,105.762,6 MHz,12.43,6,1500,20.4218,1500,13.5241,Calibration,66,23
W50A000F,touch_1.7.0Beta1,6/11/2025 11:22:54,SSTDR,24,4,RG-58/U 50 ohm coax,0.66,None,Standard,0,0,24 MHz,105.762,6 MHz,12.43,6,1500,20.4218,1500,13.5241,Calibration,67,61
W50A000F,touch_1.7.0Beta1,6/11/2025 11:22:54,SSTDR,24,4,RG-58/U 50 ohm coax,0.66,None,Standard,0,0,24 MHz,105.762,6 MHz,12.43,6,1500,20.4218,1500,13.5241,Calibration,68,-132
W50A000F,touch_1.7.0Beta1,6/11/2025 11:22:54,SSTDR,24,4,RG-58/U 50 ohm coax,0.66,None,Standard,0,0,24 MHz,105.762,6 MHz,12.43,6,1500,20.4218,1500,13.5241,Calibration,69,-71
W50A000F,touch_1.7.0Beta1,6/11/2025 11:22:54,SSTDR,24,4,RG-58/U 50 ohm coax,0.66,None,Standard,0,0,24 MHz,105.762,6 MHz,12.43,6,1500,20.4218,1500,13.5241,Calibration,70,95
W50A000F,touch_1.7.0Beta1,6/11/2025 11:22:54,SSTDR,24,4,RG-58/U 50 ohm coax,0.66,None,Standard,0,0,24 MHz,105.762,6 MHz,12.43,6,1500,20.4218,1500,13.5241,Calibration,71,-21
W50A000F,touch_1.7.0Beta1,6/11/2025 11:22:54,SSTDR,24,4,RG-58/U 50 ohm coax,0.66,None,Standard,0,0,24 MHz,105.762,6 MHz,12.43,6,1500,20.4218,1500,13.5241,Calibration,72,-269
W50A000F,touch_1.7.0Beta1,6/11/2025 11:22:54,SSTDR,24,4,RG-58/U 50 ohm coax,0.66,None,Standard,0,0,24 MHz,105.762,6 MHz,12.43,6,1500,20.4218,1500,13.5241,Calibration,73,-91
W50A000F,touch_1.7.0Beta1,6/11/2025 11:22:54,SSTDR,24,4,RG-58/U 50 ohm coax,0.66,None,Standard,0,0,24 MHz,105.762,6 MHz,12.43,6,1500,20.4218,1500,13.5241,Calibration,74,50
W50A000F,touch_1.7.0Beta1,6/11/2025 11:22:54,SSTDR,24,4,RG-58/U 50 ohm coax,0.66,None,Standard,0,0,24 MHz,105.762,6 MHz,12.43,6,1500,20.4218,1500,13.5241,Calibration,75,29
W50A000F,touch_1.7.0Beta1,6/11/2025 11:22:54,SSTDR,24,4,RG-58/U 50 ohm coax,0.66,None,Standard,0,0,24 MHz,105.762,6 MHz,12.43,6,1500,20.4218,1500,13.5241,Calibration,76,-101
W50A000F,touch_1.7.0Beta1,6/11/2025 11:22:54,SSTDR,24,4,RG-58/U 50 ohm coax,0.66,None,Standard,0,0,24 MHz,105.762,6 MHz,12.43,6,1500,20.4218,1500,13.5241,Calibration,77,20
W50A000F,touch_1.7.0Beta1,6/11/2025 11:22:54,SSTDR,24,4,RG-58/U 50 ohm coax,0.66,None,Standard,0,0,24 MHz,105.762,6 MHz,12.43,6,1500,20.4218,1500,13.5241,Calibration,78,-77
W50A000F,touch_1.7.0Beta1,6/11/2025 11:22:54,SSTDR,24,4,RG-58/U 50 ohm coax,0.66,None,Standard,0,0,24 MHz,105.762,6 MHz,12.43,6,1500,20.4218,1500,13.5241,Calibration,79,-79
W50A000F,touch_1.7.0Beta1,6/11/2025 11:22:54,SSTDR,24,4,RG-58/U 50 ohm coax,0.66,None,Standard,0,0,24 MHz,105.762,6 MHz,12.43,6,1500,20.4218,1500,13.5241,Calibration,80,-293
W50A000F,touch_1.7.0Beta1,6/11/2025 11:22:54,SSTDR,24,4,RG-58/U 50 ohm coax,0.66,None,Standard,0,0,24 MHz,105.762,6 MHz,12.43,6,1500,20.4218,1500,13.5241,Calibration,81,86
W50A000F,touch_1.7.0Beta1,6/11/2025 11:22:54,SSTDR,24,4,RG-58/U 50 ohm coax,0.66,None,Standard,0,0,24 MHz,105.762,6 MHz,12.43,6,1500,20.4218,1500,13.5241,Calibration,82,33
W50A000F,touch_1.7.0Beta1,6/11/2025 11:22:54,SSTDR,24,4,RG-58/U 50 ohm coax,0.66,None,Standard,0,0,24 MHz,105.762,6 MHz,12.43,6,1500,20.4218,1500,13.5241,Calibration,83,92
W50A000F,touch_1.7.0Beta1,6/11/2025 11:22:54,SSTDR,24,4,RG-58/U 50 ohm coax,0.66,None,Standard,0,0,24 MHz,105.762,6 MHz,12.43,6,1500,20.4218,1500,13.5241,Calibration,84,-80
W50A000F,touch_1.7.0Beta1,6/11/2025 11:22:54,SSTDR,24,4,RG-58/U 50 ohm coax,0.66,None,Standard,0,0,24 MHz,105.762,6 MHz,12.43,6,1500,20.4218,1500,13.5241,Calibration,85,-41
W50A000F,touch_1.7.0Beta1,6/11/2025 11:22:54,SSTDR,24,4,RG-58/U 50 ohm coax,0.66,None,Standard,0,0,24 MHz,105.762,6 MHz,12.43,6,1500,20.4218,1500,13.5241,Calibration,86,-41
W50A000F,touch_1.7.0Beta1,6/11/2025 11:22:54,SSTDR,24,4,RG-58/U 50 ohm coax,0.66,None,Standard,0,0,24 MHz,105.762,6 MHz,12.43,6,1500,20.4218,1500,13.5241,Calibration,87,35
W50A000F,touch_1.7.0Beta1,6/11/2025 11:22:54,SSTDR,24,4,RG-58/U 50 ohm coax,0.66,None,Standard,0,0,24 MHz,105.762,6 MHz,12.43,6,1500,20.4218,1500,13.5241,Calibration,88,-189
W50A000F,touch_1.7.0Beta1,6/11/2025 11:22:54,SSTDR,24,4,RG-58/U 50 ohm coax,0.66,None,Standard,0,0,24 MHz,105.762,6 MHz,12.43,6,1500,20.4218,1500,13.5241,Calibration,89,0
W50A000F,touch_1.7.0Beta1,6/11/2025 11:22:54,SSTDR,24,4,RG-58/U 50 ohm coax,0.66,None,Standard,0,0,24 MHz,105.762,6 MHz,12.43,6,1500,20.4218,1500,13.5241,Calibration,90,0
W50A000F,touch_1.7.0Beta1,6/11/2025 11:22:54,SSTDR,24,4,RG-58/U 50 ohm coax,0.66,None,Standard,0,0,24 MHz,105.762,6 MHz,12.43,6,1500,20.4218,1500,13.5241,Calibration,91,0
W50A000F,touch_1.7.0Beta1,6/11/2025 11:22:54,SSTDR,24,4,RG-58/U 50 ohm coax,0.66,None,Standard,0,0,24 MHz,105.762,6 MHz,12.43,6,1500,20.4218,1500,13.5241,Calibration,92,0
W50A000F,touch_1.7.0Beta1,6/11/2025 11:22:54,SSTDR,24,4,RG-58/U 50 ohm coax,0.66,None,Standard,0,0,24 MHz,105.762,6 MHz,12.43,6,1500,20.4218,1500,13.5241,Calibration,93,0
W50A000F,touch_1.7.0Beta1,6/11/2025 11:22:54,SSTDR,24,4,RG-58/U 50 ohm coax,0.66,None,Standard,0,0,24 MHz,105.762,6 MHz,12.43,6,1500,20.4218,1500,13.5241,Calibration,94,0
W50A000F,touch_1.7.0Beta1,6/11/2025 11:22:54,SSTDR,24,4,RG-58/U 50 ohm coax,0.66,None,Standard,0,0,24 MHz,105.762,6 MHz,12.43,6,1500,20.4218,1500,13.5241,Calibration,95,0
W50A000F,touch_1.7.0Beta1,6/11/2025 11:22:54,SSTDR,24,4,RG-58/U 50 ohm coax,0.66,None,Standard,0,0,24 MHz,105.762,6 MHz,12.43,6,1500,20.4218,1500,13.5241,Calibration,96,0
W50A000F,touch_1.7.0Beta1,6/11/2025 11:22:54,SSTDR,24,4,RG-58/U 50 ohm coax,0.66,None,Standard,0,0,24 MHz,105.762,6 MHz,12.43,6,1500,20.4218,1500,13.5241,Calibration,97,0
W50A000F,touch_1.7.0Beta1,6/11/2025 11:22:54,SSTDR,24,4,RG-58/U 50 ohm coax,0.66,None,Standard,0,0,24 MHz,105.762,6 MHz,12.43,6,1500,20.4218,1500,13.5241,Calibration,98,0
W50A000F,touch_1.7.0Beta1,6/11/2025 11:22:54,SSTDR,24,4,RG-58/U 50 ohm coax,0.66,None,Standard,0,0,24 MHz,105.762,6 MHz,12.43,6,1500,20.4218,1500,13.5241,Calibration,99,0
W50A000F,touch_1.7.0Beta1,6/11/2025 11:22:54,SSTDR,24,4,RG-58/U 50 ohm coax,0.66,None,Standard,0,0,24 MHz,105.762,6 MHz,12.43,6,1500,20.4218,1500,13.5241,Calibration,100,0
W50A000F,touch_1.7.0Beta1,6/11/2025 11:22:54,SSTDR,24,4,RG-58/U 50 ohm coax,0.66,None,Standard,0,0,24 MHz,105.762,6 MHz,12.43,6,1500,20.4218,1500,13.5241,Calibration,101,0
W50A000F,touch_1.7.0Beta1,6/11/2025 11:22:54,SSTDR,24,4,RG-58/U 50 ohm coax,0.66,None,Standard,0,0,24 MHz,105.762,6 MHz,12.43,6,1500,20.4218,1500,13.5241,Calibration,102,0
W50A000F,touch_1.7.0Beta1,6/11/2025 11:22:54,SSTDR,24,4,RG-58/U 50 ohm coax,0.66,None,Standard,0,0,24 MHz,105.762,6 MHz,12.43,6,1500,20.4218,1500,13.5241,Calibration,103,0
W50A000F,touch_1.7.0Beta1,6/11/2025 11:22:54,SSTDR,24,4,RG-58/U 50 ohm coax,0.66,None,Standard,0,0,24 MHz,105.762,6 MHz,12.43,6,1500,20.4218,1500,13.5241,Calibration,104,0
W50A000F,touch_1.7.0Beta1,6/11/2025 11:22:54,SSTDR,24,4,RG-58/U 50 ohm coax,0.66,None,Standard,0,0,24 MHz,105.762,6 MHz,12.43,6,1500,20.4218,1500,13.5241,Calibration,105,0
W50A000F,touch_1.7.0Beta1,6/11/2025 11:22:54,SSTDR,24,4,RG-58/U 50 ohm coax,0.66,None,Standard,0,0,24 MHz,105.762,6 MHz,12.43,6,1500,20.4218,1500,13.5241,Calibration,106,0
W50A000F,touch_1.7.0Beta1,6/11/2025 11:22:54,SSTDR,24,4,RG-58/U 50 ohm coax,0.66,None,Standard,0,0,24 MHz,105.762,6 MHz,12.43,6,1500,20.4218,1500,13.5241,Calibration,107,0
W50A000F,touch_1.7.0Beta1,6/11/2025 11:22:54,SSTDR,24,4,RG-58/U 50 ohm coax,0.66,None,Standard,0,0,24 MHz,105.762,6 MHz,12.43,6,1500,20.4218,1500,13.5241,Calibration,108,0
W50A000F,touch_1.7.0Beta1,6/11/2025 11:22:54,SSTDR,24,4,RG-58/U 50 ohm coax,0.66,None,Standard,0,0,24 MHz,105.762,6 MHz,12.43,6,1500,20.4218,1500,13.5241,Calibration,109,0
W50A000F,touch_1.7.0Beta1,6/11/2025 11:22:54,SSTDR,24,4,RG-58/U 50 ohm coax,0.66,None,Standard,0,0,24 MHz,105.762,6 MHz,12.43,6,1500,20.4218,1500,13.5241,Calibration,110,0
W50A000F,touch_1.7.0Beta1,6/11/2025 11:22:54,SSTDR,24,4,RG-58/U 50 ohm coax,0.66,None,Standard,0,0,24 MHz,105.762,6 MHz,12.43,6,1500,20.4218,1500,13.5241,Calibration,111,0
W50A000F,touch_1.7.0Beta1,6/11/2025 11:22:54,SSTDR,24,4,RG-58/U 50 ohm coax,0.66,None,Standard,0,0,24 MHz,105.762,6 MHz,12.43,6,1500,20.4218,1500,13.5241,Calibration,112,0
W50A000F,touch_1.7.0Beta1,6/11/2025 11:22:54,SSTDR,24,4,RG-58/U 50 ohm coax,0.66,None,Standard,0,0,24 MHz,105.762,6 MHz,12.43,6,1500,20.4218,1500,13.5241,Waveform,1,-10.9999999999997
W50A000F,touch_1.7.0Beta1,6/11/2025 11:22:54,SSTDR,24,4,RG-58/U 50 ohm coax,0.66,None,Standard,0,0,24 MHz,105.762,6 MHz,12.43,6,1500,20.4218,1500,13.5241,Waveform,1.25,73.1837786037792
W50A000F,touch_1.7.0Beta1,6/11/2025 11:22:54,SSTDR,24,4,RG-58/U 50 ohm coax,0.66,None,Standard,0,0,24 MHz,105.762,6 MHz,12.43,6,1500,20.4218,1500,13.5241,Waveform,1.5,110.685940810923
W50A000F,touch_1.7.0Beta1,6/11/2025 11:22:54,SSTDR,24,4,RG-58/U 50 ohm coax,0.66,None,Standard,0,0,24 MHz,105.762,6 MHz,12.43,6,1500,20.4218,1500,13.5241,Waveform,1.75,80.1175577234707
W50A000F,touch_1.7.0Beta1,6/11/2025 11:22:54,SSTDR,24,4,RG-58/U 50 ohm coax,0.66,None,Standard,0,0,24 MHz,105.762,6 MHz,12.43,6,1500,20.4218,1500,13.5241,Waveform,2,-3.89783443616969e-13
W50A000F,touch_1.7.0Beta1,6/11/2025 11:22:54,SSTDR,24,4,RG-58/U 50 ohm coax,0.66,None,Standard,0,0,24 MHz,105.762,6 MHz,12.43,6,1500,20.4218,1500,13.5241,Waveform,2.25,-82.137874880299
W50A000F,touch_1.7.0Beta1,6/11/2025 11:22:54,SSTDR,24,4,RG-58/U 50 ohm coax,0.66,None,Standard,0,0,24 MHz,105.762,6 MHz,12.43,6,1500,20.4218,1500,13.5241,Waveform,2.5,-117.331323136407
W50A000F,touch_1.7.0Beta1,6/11/2025 11:22:54,SSTDR,24,4,RG-58/U 50 ohm coax,0.66,None,Standard,0,0,24 MHz,105.762,6 MHz,12.43,6,1500,20.4218,1500,13.5241,Waveform,2.75,-83.7766402882326
W50A000F,touch_1.7.0Beta1,6/11/2025 11:22:54,SSTDR,24,4,RG-58/U 50 ohm coax,0.66,None,Standard,0,0,24 MHz,105.762,6 MHz,12.43,6,1500,20.4218,1500,13.5241,Waveform,3,9.74458609042423e-13
W50A000F,touch_1.7.0Beta1,6/11/2025 11:22:54,SSTDR,24,4,RG-58/U 50 ohm coax,0.66,None,Standard,0,0,24 MHz,105.762,6 MHz,12.43,6,1500,20.4218,1500,13.5241,Waveform,3.25,85.2640108641449
W50A000F,touch_1.7.0Beta1,6/11/2025 11:22:54,SSTDR,24,4,RG-58/U 50 ohm coax,0.66,None,Standard,0,0,24 MHz,105.762,6 MHz,12.43,6,1500,20.4218,1500,13.5241,Waveform,3.5,121.067726124128
W50A000F,touch_1.7.0Beta1,6/11/2025 11:22:54,SSTDR,24,4,RG-58/U 50 ohm coax,0.66,None,Standard,0,0,24 MHz,105.762,6 MHz,12.43,6,1500,20.4218,1500,13.5241,Waveform,3.75,84.2471601751106
W50A000F,touch_1.7.0Beta1,6/11/2025 11:22:54,SSTDR,24,4,RG-58/U 50 ohm coax,0.66,None,Standard,0,0,24 MHz,105.762,6 MHz,12.43,6,1500,20.4218,1500,13.5241,Waveform,4,-6.00000000000039
W50A000F,touch_1.7.0Beta1,6/11/2025 11:22:54,SSTDR,24,4,RG-58/U 50 ohm coax,0.66,None,Standard,0,0,24 MHz,105.762,6 MHz,12.43,6,1500,20.4218,1500,13.5241,Waveform,4.25,-97.8820632869839
W50A000F,touch_1.7.0Beta1,6/11/2025 11:22:54,SSTDR,24,4,RG-58/U 50 ohm coax,0.66,None,Standard,0,0,24 MHz,105.762,6 MHz,12.43,6,1500,20.4218,1500,13.5241,Waveform,4.5,-136.138714248318
W50A000F,touch_1.7.0Beta1,6/11/2025 11:22:54,SSTDR,24,4,RG-58/U 50 ohm coax,0.66,None,Standard,0,0,24 MHz,105.762,6 MHz,12.43,6,1500,20.4218,1500,13.5241,Waveform,4.75,-94.0970546853297
W50A000F,touch_1.7.0Beta1,6/11/2025 11:22:54,SSTDR,24,4,RG-58/U 50 ohm coax,0.66,None,Standard,0,0,24 MHz,105.762,6 MHz,12.43,6,1500,20.4218,1500,13.5241,Waveform,5,10.0000000000004
W50A000F,touch_1.7.0Beta1,6/11/2025 11:22:54,SSTDR,24,4,RG-58/U 50 ohm coax,0.66,None,Standard,0,0,24 MHz,105.762,6 MHz,12.43,6,1500,20.4218,1500,13.5241,Waveform,5.25,122.442468045086
W50A000F,touch_1.7.0Beta1,6/11/2025 11:22:54,SSTDR,24,4,RG-58/U 50 ohm coax,0.66,None,Standard,0,0,24 MHz,105.762,6 MHz,12.43,6,1500,20.4218,1500,13.5241,Waveform,5.5,184.495301266172
W50A000F,touch_1.7.0Beta1,6/11/2025 11:22:54,SSTDR,24,4,RG-58/U 50 ohm coax,0.66,None,Standard,0,0,24 MHz,105.762,6 MHz,12.43,6,1500,20.4218,1500,13.5241,Waveform,5.75,166.4420208402
W50A000F,touch_1.7.0Beta1,6/11/2025 11:22:54,SSTDR,24,4,RG-58/U 50 ohm coax,0.66,None,Standard,0,0,24 MHz,105.762,6 MHz,12.43,6,1500,20.4218,1500,13.5241,Waveform,6,85.0000000000011
W50A000F,touch_1.7.0Beta1,6/11/2025 11:22:54,SSTDR,24,4,RG-58/U 50 ohm coax,0.66,None,Standard,0,0,24 MHz,105.762,6 MHz,12.43,6,1500,20.4218,1500,13.5241,Waveform,6.25,-7.00340994236948
W50A000F,touch_1.7.0Beta1,6/11/2025 11:22:54,SSTDR,24,4,RG-58/U 50 ohm coax,0.66,None,Standard,0,0,24 MHz,105.762,6 MHz,12.43,6,1500,20.4218,1500,13.5241,Waveform,6.5,-53.4746093910044
W50A000F,touch_1.7.0Beta1,6/11/2025 11:22:54,SSTDR,24,4,RG-58/U 50 ohm coax,0.66,None,Standard,0,0,24 MHz,105.762,6 MHz,12.43,6,1500,20.4218,1500,13.5241,Waveform,6.75,-30.9841050404358
W50A000F,touch_1.7.0Beta1,6/11/2025 11:22:54,SSTDR,24,4,RG-58/U 50 ohm coax,0.66,None,Standard,0,0,24 MHz,105.762,6 MHz,12.43,6,1500,20.4218,1500,13.5241,Waveform,7,35.0000000000001
W50A000F,touch_1.7.0Beta1,6/11/2025 11:22:54,SSTDR,24,4,RG-58/U 50 ohm coax,0.66,None,Standard,0,0,24 MHz,105.762,6 MHz,12.43,6,1500,20.4218,1500,13.5241,Waveform,7.25,85.8510576901478
W50A000F,touch_1.7.0Beta1,6/11/2025 11:22:54,SSTDR,24,4,RG-58/U 50 ohm coax,0.66,None,Standard,0,0,24 MHz,105.762,6 MHz,12.43,6,1500,20.4218,1500,13.5241,Waveform,7.5,70.3868876265569
W50A000F,touch_1.7.0Beta1,6/11/2025 11:22:54,SSTDR,24,4,RG-58/U 50 ohm coax,0.66,None,Standard,0,0,24 MHz,105.762,6 MHz,12.43,6,1500,20.4218,1500,13.5241,Waveform,7.75,-14.2748785859688
W50A000F,touch_1.7.0Beta1,6/11/2025 11:22:54,SSTDR,24,4,RG-58/U 50 ohm coax,0.66,None,Standard,0,0,24 MHz,105.762,6 MHz,12.43,6,1500,20.4218,1500,13.5241,Waveform,8,-111.000000000001
W50A000F,touch_1.7.0Beta1,6/11/2025 11:22:54,SSTDR,24,4,RG-58/U 50 ohm coax,0.66,None,Standard,0,0,24 MHz,105.762,6 MHz,12.43,6,1500,20.4218,1500,13.5241,Waveform,8.25,-136.806784530645
W50A000F,touch_1.7.0Beta1,6/11/2025 11:22:54,SSTDR,24,4,RG-58/U 50 ohm coax,0.66,None,Standard,0,0,24 MHz,105.762,6 MHz,12.43,6,1500,20.4218,1500,13.5241,Waveform,8.5,-54.3639028086496
W50A000F,touch_1.7.0Beta1,6/11/2025 11:22:54,SSTDR,24,4,RG-58/U 50 ohm coax,0.66,None,Standard,0,0,24 MHz,105.762,6 MHz,12.43,6,1500,20.4218,1500,13.5241,Waveform,8.75,53.1450971360489
W50A000F,touch_1.7.0Beta1,6/11/2025 11:22:54,SSTDR,24,4,RG-58/U 50 ohm coax,0.66,None,Standard,0,0,24 MHz,105.762,6 MHz,12.43,6,1500,20.4218,1500,13.5241,Waveform,9,-50.9999999999996
W50A000F,touch_1.7.0Beta1,6/11/2025 11:22:54,SSTDR,24,4,RG-58/U 50 ohm coax,0.66,None,Standard,0,0,24 MHz,105.762,6 MHz,12.43,6,1500,20.4218,1500,13.5241,Waveform,9.25,-714.329860521558
W50A000F,touch_1.7.0Beta1,6/11/2025 11:22:54,SSTDR,24,4,RG-58/U 50 ohm coax,0.66,None,Standard,0,0,24 MHz,105.762,6 MHz,12.43,6,1500,20.4218,1500,13.5241,Waveform,9.5,-2274.13868276558
W50A000F,touch_1.7.0Beta1,6/11/2025 11:22:54,SSTDR,24,4,RG-58/U 50 ohm coax,0.66,None,Standard,0,0,24 MHz,105.762,6 MHz,12.43,6,1500,20.4218,1500,13.5241,Waveform,9.75,-4893.76301145217
W50A000F,touch_1.7.0Beta1,6/11/2025 11:22:54,SSTDR,24,4,RG-58/U 50 ohm coax,0.66,None,Standard,0,0,24 MHz,105.762,6 MHz,12.43,6,1500,20.4218,1500,13.5241,Waveform,10,-8419
W50A000F,touch_1.7.0Beta1,6/11/2025 11:22:54,SSTDR,24,4,RG-58/U 50 ohm coax,0.66,None,Standard,0,0,24 MHz,105.762,6 MHz,12.43,6,1500,20.4218,1500,13.5241,Waveform,10.25,-12319.4881416216
W50A000F,touch_1.7.0Beta1,6/11/2025 11:22:54,SSTDR,24,4,RG-58/U 50 ohm coax,0.66,None,Standard,0,0,24 MHz,105.762,6 MHz,12.43,6,1500,20.4218,1500,13.5241,Waveform,10.5,-15753.6000745145
W50A000F,touch_1.7.0Beta1,6/11/2025 11:22:54,SSTDR,24,4,RG-58/U 50 ohm coax,0.66,None,Standard,0,0,24 MHz,105.762,6 MHz,12.43,6,1500,20.4218,1500,13.5241,Waveform,10.75,-17750.6957707603
W50A000F,touch_1.7.0Beta1,6/11/2025 11:22:54,SSTDR,24,4,RG-58/U 50 ohm coax,0.66,None,Standard,0,0,24 MHz,105.762,6 MHz,12.43,6,1500,20.4218,1500,13.5241,Waveform,11,-17460
W50A000F,touch_1.7.0Beta1,6/11/2025 11:22:54,SSTDR,24,4,RG-58/U 50 ohm coax,0.66,None,Standard,0,0,24 MHz,105.762,6 MHz,12.43,6,1500,20.4218,1500,13.5241,Waveform,11.25,-14389.5903464219
W50A000F,touch_1.7.0Beta1,6/11/2025 11:22:54,SSTDR,24,4,RG-58/U 50 ohm coax,0.66,None,Standard,0,0,24 MHz,105.762,6 MHz,12.43,6,1500,20.4218,1500,13.5241,Waveform,11.5,-8562.24519978292
W50A000F,touch_1.7.0Beta1,6/11/2025 11:22:54,SSTDR,24,4,RG-58/U 50 ohm coax,0.66,None,Standard,0,0,24 MHz,105.762,6 MHz,12.43,6,1500,20.4218,1500,13.5241,Waveform,11.75,-544.551617641928
W50A000F,touch_1.7.0Beta1,6/11/2025 11:22:54,SSTDR,24,4,RG-58/U 50 ohm coax,0.66,None,Standard,0,0,24 MHz,105.762,6 MHz,12.43,6,1500,20.4218,1500,13.5241,Waveform,12,8652
W50A000F,touch_1.7.0Beta1,6/11/2025 11:22:54,SSTDR,24,4,RG-58/U 50 ohm coax,0.66,None,Standard,0,0,24 MHz,105.762,6 MHz,12.43,6,1500,20.4218,1500,13.5241,Waveform,12.25,17761.9766824202
W50A000F,touch_1.7.0Beta1,6/11/2025 11:22:54,SSTDR,24,4,RG-58/U 50 ohm coax,0.66,None,Standard,0,0,24 MHz,105.762,6 MHz,12.43,6,1500,20.4218,1500,13.5241,Waveform,12.5,25494.2765469676
W50A000F,touch_1.7.0Beta1,6/11/2025 11:22:54,SSTDR,24,4,RG-58/U 50 ohm coax,0.66,None,Standard,0,0,24 MHz,105.762,6 MHz,12.43,6,1500,20.4218,1500,13.5241,Waveform,12.75,30745.8943470675
W50A000F,touch_1.7.0Beta1,6/11/2025 11:22:54,SSTDR,24,4,RG-58/U 50 ohm coax,0.66,None,Standard,0,0,24 MHz,105.762,6 MHz,12.43,6,1500,20.4218,1500,13.5241,Waveform,13,32767
W50A000F,touch_1.7.0Beta1,6/11/2025 11:22:54,SSTDR,24,4,RG-58/U 50 ohm coax,0.66,None,Standard,0,0,24 MHz,105.762,6 MHz,12.43,6,1500,20.4218,1500,13.5241,Waveform,13.25,31263.3425402694
W50A000F,touch_1.7.0Beta1,6/11/2025 11:22:54,SSTDR,24,4,RG-58/U 50 ohm coax,0.66,None,Standard,0,0,24 MHz,105.762,6 MHz,12.43,6,1500,20.4218,1500,13.5241,Waveform,13.5,26434.6208019815
W50A000F,touch_1.7.0Beta1,6/11/2025 11:22:54,SSTDR,24,4,RG-58/U 50 ohm coax,0.66,None,Standard,0,0,24 MHz,105.762,6 MHz,12.43,6,1500,20.4218,1500,13.5241,Waveform,13.75,18949.8302355018
W50A000F,touch_1.7.0Beta1,6/11/2025 11:22:54,SSTDR,24,4,RG-58/U 50 ohm coax,0.66,None,Standard,0,0,24 MHz,105.762,6 MHz,12.43,6,1500,20.4218,1500,13.5241,Waveform,14,9858
W50A000F,touch_1.7.0Beta1,6/11/2025 11:22:54,SSTDR,24,4,RG-58/U 50 ohm coax,0.66,None,Standard,0,0,24 MHz,105.762,6 MHz,12.43,6,1500,20.4218,1500,13.5241,Waveform,14.25,434.150113127666
W50A000F,touch_1.7.0Beta1,6/11/2025 11:22:54,SSTDR,24,4,RG-58/U 50 ohm coax,0.66,None,Standard,0,0,24 MHz,105.762,6 MHz,12.43,6,1500,20.4218,1500,13.5241,Waveform,14.5,-8028.18379494525
W50A000F,touch_1.7.0Beta1,6/11/2025 11:22:54,SSTDR,24,4,RG-58/U 50 ohm coax,0.66,None,Standard,0,0,24 MHz,105.762,6 MHz,12.43,6,1500,20.4218,1500,13.5241,Waveform,14.75,-14446.5379224937
W50A000F,touch_1.7.0Beta1,6/11/2025 11:22:54,SSTDR,24,4,RG-58/U 50 ohm coax,0.66,None,Standard,0,0,24 MHz,105.762,6 MHz,12.43,6,1500,20.4218,1500,13.5241,Waveform,15,-18151
W50A000F,touch_1.7.0Beta1,6/11/2025 11:22:54,SSTDR,24,4,RG-58/U 50 ohm coax,0.66,None,Standard,0,0,24 MHz,105.762,6 MHz,12.43,6,1500,20.4218,1500,13.5241,Waveform,15.25,-19002.0243018721
W50A000F,touch_1.7.0Beta1,6/11/2025 11:22:54,SSTDR,24,4,RG-58/U 50 ohm coax,0.66,None,Standard,0,0,24 MHz,105.762,6 MHz,12.43,6,1500,20.4218,1500,13.5241,Waveform,15.5,-17385.3063715932
W50A000F,touch_1.7.0Beta1,6/11/2025 11:22:54,SSTDR,24,4,RG-58/U 50 ohm coax,0.66,None,Standard,0,0,24 MHz,105.762,6 MHz,12.43,6,1500,20.4218,1500,13.5241,Waveform,15.75,-14080.2443748518
W50A000F,touch_1.7.0Beta1,6/11/2025 11:22:54,SSTDR,24,4,RG-58/U 50 ohm coax,0.66,None,Standard,0,0,24 MHz,105.762,6 MHz,12.43,6,1500,20.4218,1500,13.5241,Waveform,16,-10041
W50A000F,touch_1.7.0Beta1,6/11/2025 11:22:54,SSTDR,24,4,RG-58/U 50 ohm coax,0.66,None,Standard,0,0,24 MHz,105.762,6 MHz,12.43,6,1500,20.4218,1500,13.5241,Waveform,16.25,-6160.10060399715
W50A000F,touch_1.7.0Beta1,6/11/2025 11:22:54,SSTDR,24,4,RG-58/U 50 ohm coax,0.66,None,Standard,0,0,24 MHz,105.762,6 MHz,12.43,6,1500,20.4218,1500,13.5241,Waveform,16.5,-3089.08071664876
W50A000F,touch_1.7.0Beta1,6/11/2025 11:22:54,SSTDR,24,4,RG-58/U 50 ohm coax,0.66,None,Standard,0,0,24 MHz,105.762,6 MHz,12.43,6,1500,20.4218,1500,13.5241,Waveform,16.75,-1165.28800977412
W50A000F,touch_1.7.0Beta1,6/11/2025 11:22:54,SSTDR,24,4,RG-58/U 50 ohm coax,0.66,None,Standard,0,0,24 MHz,105.762,6 MHz,12.43,6,1500,20.4218,1500,13.5241,Waveform,17,-449.000000000002
W50A000F,touch_1.7.0Beta1,6/11/2025 11:22:54,SSTDR,24,4,RG-58/U 50 ohm coax,0.66,None,Standard,0,0,24 MHz,105.762,6 MHz,12.43,6,1500,20.4218,1500,13.5241,Waveform,17.25,-830.352496477754
W50A000F,touch_1.7.0Beta1,6/11/2025 11:22:54,SSTDR,24,4,RG-58/U 50 ohm coax,0.66,None,Standard,0,0,24 MHz,105.762,6 MHz,12.43,6,1500,20.4218,1500,13.5241,Waveform,17.5,-2141.51848291005
W50A000F,touch_1.7.0Beta1,6/11/2025 11:22:54,SSTDR,24,4,RG-58/U 50 ohm coax,0.66,None,Standard,0,0,24 MHz,105.762,6 MHz,12.43,6,1500,20.4218,1500,13.5241,Waveform,17.75,-4216.83608803358
W50A000F,touch_1.7.0Beta1,6/11/2025 11:22:54,SSTDR,24,4,RG-58/U 50 ohm coax,0.66,None,Standard,0,0,24 MHz,105.762,6 MHz,12.43,6,1500,20.4218,1500,13.5241,Waveform,18,-6878
W50A000F,touch_1.7.0Beta1,6/11/2025 11:22:54,SSTDR,24,4,RG-58/U 50 ohm coax,0.66,None,Standard,0,0,24 MHz,105.762,6 MHz,12.43,6,1500,20.4218,1500,13.5241,Waveform,18.25,-9865.77328908855
W50A000F,touch_1.7.0Beta1,6/11/2025 11:22:54,SSTDR,24,4,RG-58/U 50 ohm coax,0.66,None,Standard,0,0,24 MHz,105.762,6 MHz,12.43,6,1500,20.4218,1500,13.5241,Waveform,18.5,-12771.9490933038
W50A000F,touch_1.7.0Beta1,6/11/2025 11:22:54,SSTDR,24,4,RG-58/U 50 ohm coax,0.66,None,Standard,0,0,24 MHz,105.762,6 MHz,12.43,6,1500,20.4218,1500,13.5241,Waveform,18.75,-15029.4303565301
W50A000F,touch_1.7.0Beta1,6/11/2025 11:22:54,SSTDR,24,4,RG-58/U 50 ohm coax,0.66,None,Standard,0,0,24 MHz,105.762,6 MHz,12.43,6,1500,20.4218,1500,13.5241,Waveform,19,-15992
W50A000F,touch_1.7.0Beta1,6/11/2025 11:22:54,SSTDR,24,4,RG-58/U 50 ohm coax,0.66,None,Standard,0,0,24 MHz,105.762,6 MHz,12.43,6,1500,20.4218,1500,13.5241,Waveform,19.25,-15091.1814383384
W50A000F,touch_1.7.0Beta1,6/11/2025 11:22:54,SSTDR,24,4,RG-58/U 50 ohm coax,0.66,None,Standard,0,0,24 MHz,105.762,6 MHz,12.43,6,1500,20.4218,1500,13.5241,Waveform,19.5,-12016.8103964675
W50A000F,touch_1.7.0Beta1,6/11/2025 11:22:54,SSTDR,24,4,RG-58/U 50 ohm coax,0.66,None,Standard,0,0,24 MHz,105.762,6 MHz,12.43,6,1500,20.4218,1500,13.5241,Waveform,19.75,-6850.22380800722
W50A000F,touch_1.7.0Beta1,6/11/2025 11:22:54,SSTDR,24,4,RG-58/U 50 ohm coax,0.66,None,Standard,0,0,24 MHz,105.762,6 MHz,12.43,6,1500,20.4218,1500,13.5241,Waveform,20,-92.9999999999997
W50A000F,touch_1.7.0Beta1,6/11/2025 11:22:54,SSTDR,24,4,RG-58/U 50 ohm coax,0.66,None,Standard,0,0,24 MHz,105.762,6 MHz,12.43,6,1500,20.4218,1500,13.5241,Waveform,20.25,7426.28367384168
W50A000F,touch_1.7.0Beta1,6/11/2025 11:22:54,SSTDR,24,4,RG-58/U 50 ohm coax,0.66,None,Standard,0,0,24 MHz,105.762,6 MHz,12.43,6,1500,20.4218,1500,13.5241,Waveform,20.5,14737.6454504941
W50A000F,touch_1.7.0Beta1,6/11/2025 11:22:54,SSTDR,24,4,RG-58/U 50 ohm coax,0.66,None,Standard,0,0,24 MHz,105.762,6 MHz,12.43,6,1500,20.4218,1500,13.5241,Waveform,20.75,20944.0312692158
W50A000F,touch_1.7.0Beta1,6/11/2025 11:22:54,SSTDR,24,4,RG-58/U 50 ohm coax,0.66,None,Standard,0,0,24 MHz,105.762,6 MHz,12.43,6,1500,20.4218,1500,13.5241,Waveform,21,25394
W50A000F,touch_1.7.0Beta1,6/11/2025 11:22:54,SSTDR,24,4,RG-58/U 50 ohm coax,0.66,None,Standard,0,0,24 MHz,105.762,6 MHz,12.43,6,1500,20.4218,1500,13.5241,Waveform,21.25,27764.0223292524
W50A000F,touch_1.7.0Beta1,6/11/2025 11:22:54,SSTDR,24,4,RG-58/U 50 ohm coax,0.66,None,Standard,0,0,24 MHz,105.762,6 MHz,12.43,6,1500,20.4218,1500,13.5241,Waveform,21.5,28040.3583911498
W50A000F,touch_1.7.0Beta1,6/11/2025 11:22:54,SSTDR,24,4,RG-58/U 50 ohm coax,0.66,None,Standard,0,0,24 MHz,105.762,6 MHz,12.43,6,1500,20.4218,1500,13.5241,Waveform,21.75,26428.420090732
W50A000F,touch_1.7.0Beta1,6/11/2025 11:22:54,SSTDR,24,4,RG-58/U 50 ohm coax,0.66,None,Standard,0,0,24 MHz,105.762,6 MHz,12.43,6,1500,20.4218,1500,13.5241,Waveform,22,23239
W50A000F,touch_1.7.0Beta1,6/11/2025 11:22:54,SSTDR,24,4,RG-58/U 50 ohm coax,0.66,None,Standard,0,0,24 MHz,105.762,6 MHz,12.43,6,1500,20.4218,1500,13.5241,Waveform,22.25,18799.0060556811
W50A000F,touch_1.7.0Beta1,6/11/2025 11:22:54,SSTDR,24,4,RG-58/U 50 ohm coax,0.66,None,Standard,0,0,24 MHz,105.762,6 MHz,12.43,6,1500,20.4218,1500,13.5241,Waveform,22.5,13413.5643578374
W50A000F,touch_1.7.0Beta1,6/11/2025 11:22:54,SSTDR,24,4,RG-58/U 50 ohm coax,0.66,None,Standard,0,0,24 MHz,105.762,6 MHz,12.43,6,1500,20.4218,1500,13.5241,Waveform,22.75,7378.36711502756
W50A000F,touch_1.7.0Beta1,6/11/2025 11:22:54,SSTDR,24,4,RG-58/U 50 ohm coax,0.66,None,Standard,0,0,24 MHz,105.762,6 MHz,12.43,6,1500,20.4218,1500,13.5241,Waveform,23,1019
W50A000F,touch_1.7.0Beta1,6/11/2025 11:22:54,SSTDR,24,4,RG-58/U 50 ohm coax,0.66,None,Standard,0,0,24 MHz,105.762,6 MHz,12.43,6,1500,20.4218,1500,13.5241,Waveform,23.25,-5274.11575166934
W50A000F,touch_1.7.0Beta1,6/11/2025 11:22:54,SSTDR,24,4,RG-58/U 50 ohm coax,0.66,None,Standard,0,0,24 MHz,105.762,6 MHz,12.43,6,1500,20.4218,1500,13.5241,Waveform,23.5,-11040.0740002115
W50A000F,touch_1.7.0Beta1,6/11/2025 11:22:54,SSTDR,24,4,RG-58/U 50 ohm coax,0.66,None,Standard,0,0,24 MHz,105.762,6 MHz,12.43,6,1500,20.4218,1500,13.5241,Waveform,23.75,-15780.8898603031
W50A000F,touch_1.7.0Beta1,6/11/2025 11:22:54,SSTDR,24,4,RG-58/U 50 ohm coax,0.66,None,Standard,0,0,24 MHz,105.762,6 MHz,12.43,6,1500,20.4218,1500,13.5241,Waveform,24,-19028
W50A000F,touch_1.7.0Beta1,6/11/2025 11:22:54,SSTDR,24,4,RG-58/U 50 ohm coax,0.66,None,Standard,0,0,24 MHz,105.762,6 MHz,12.43,6,1500,20.4218,1500,13.5241,Waveform,24.25,-20425.5670788144
W50A000F,touch_1.7.0Beta1,6/11/2025 11:22:54,SSTDR,24,4,RG-58/U 50 ohm coax,0.66,None,Standard,0,0,24 MHz,105.762,6 MHz,12.43,6,1500,20.4218,1500,13.5241,Waveform,24.5,-19810.9496602473
W50A000F,touch_1.7.0Beta1,6/11/2025 11:22:54,SSTDR,24,4,RG-58/U 50 ohm coax,0.66,None,Standard,0,0,24 MHz,105.762,6 MHz,12.43,6,1500,20.4218,1500,13.5241,Waveform,24.75,-17274.2283960052
W50A000F,touch_1.7.0Beta1,6/11/2025 11:22:54,SSTDR,24,4,RG-58/U 50 ohm coax,0.66,None,Standard,0,0,24 MHz,105.762,6 MHz,12.43,6,1500,20.4218,1500,13.5241,Waveform,25,-13182
W50A000F,touch_1.7.0Beta1,6/11/2025 11:22:54,SSTDR,24,4,RG-58/U 50 ohm coax,0.66,None,Standard,0,0,24 MHz,105.762,6 MHz,12.43,6,1500,20.4218,1500,13.5241,Waveform,25.25,-8154.361301858
W50A000F,touch_1.7.0Beta1,6/11/2025 11:22:54,SSTDR,24,4,RG-58/U 50 ohm coax,0.66,None,Standard,0,0,24 MHz,105.762,6 MHz,12.43,6,1500,20.4218,1500,13.5241,Waveform,25.5,-2989.23782163649
W50A000F,touch_1.7.0Beta1,6/11/2025 11:22:54,SSTDR,24,4,RG-58/U 50 ohm coax,0.66,None,Standard,0,0,24 MHz,105.762,6 MHz,12.43,6,1500,20.4218,1500,13.5241,Waveform,25.75,1462.82648053553
W50A000F,touch_1.7.0Beta1,6/11/2025 11:22:54,SSTDR,24,4,RG-58/U 50 ohm coax,0.66,None,Standard,0,0,24 MHz,105.762,6 MHz,12.43,6,1500,20.4218,1500,13.5241,Waveform,26,4457
W50A000F,touch_1.7.0Beta1,6/11/2025 11:22:54,SSTDR,24,4,RG-58/U 50 ohm coax,0.66,None,Standard,0,0,24 MHz,105.762,6 MHz,12.43,6,1500,20.4218,1500,13.5241,Waveform,26.25,5514.50990299379
W50A000F,touch_1.7.0Beta1,6/11/2025 11:22:54,SSTDR,24,4,RG-58/U 50 ohm coax,0.66,None,Standard,0,0,24 MHz,105.762,6 MHz,12.43,6,1500,20.4218,1500,13.5241,Waveform,26.5,4544.02978482826
W50A000F,touch_1.7.0Beta1,6/11/2025 11:22:54,SSTDR,24,4,RG-58/U 50 ohm coax,0.66,None,Standard,0,0,24 MHz,105.762,6 MHz,12.43,6,1500,20.4218,1500,13.5241,Waveform,26.75,1884.74023016491
W50A000F,touch_1.7.0Beta1,6/11/2025 11:22:54,SSTDR,24,4,RG-58/U 50 ohm coax,0.66,None,Standard,0,0,24 MHz,105.762,6 MHz,12.43,6,1500,20.4218,1500,13.5241,Waveform,27,-1752
W50A000F,touch_1.7.0Beta1,6/11/2025 11:22:54,SSTDR,24,4,RG-58/U 50 ohm coax,0.66,None,Standard,0,0,24 MHz,105.762,6 MHz,12.43,6,1500,20.4218,1500,13.5241,Waveform,27.25,-5437.40795445611
W50A000F,touch_1.7.0Beta1,6/11/2025 11:22:54,SSTDR,24,4,RG-58/U 50 ohm coax,0.66,None,Standard,0,0,24 MHz,105.762,6 MHz,12.43,6,1500,20.4218,1500,13.5241,Waveform,27.5,-8240.78009543222
W50A000F,touch_1.7.0Beta1,6/11/2025 11:22:54,SSTDR,24,4,RG-58/U 50 ohm coax,0.66,None,Standard,0,0,24 MHz,105.762,6 MHz,12.43,6,1500,20.4218,1500,13.5241,Waveform,27.75,-9448.38846711049
W50A000F,touch_1.7.0Beta1,6/11/2025 11:22:54,SSTDR,24,4,RG-58/U 50 ohm coax,0.66,None,Standard,0,0,24 MHz,105.762,6 MHz,12.43,6,1500,20.4218,1500,13.5241,Waveform,28,-8725
W50A000F,touch_1.7.0Beta1,6/11/2025 11:22:54,SSTDR,24,4,RG-58/U 50 ohm coax,0.66,None,Standard,0,0,24 MHz,105.762,6 MHz,12.43,6,1500,20.4218,1500,13.5241,Waveform,28.25,-6174.44796973329
W50A000F,touch_1.7.0Beta1,6/11/2025 11:22:54,SSTDR,24,4,RG-58/U 50 ohm coax,0.66,None,Standard,0,0,24 MHz,105.762,6 MHz,12.43,6,1500,20.4218,1500,13.5241,Waveform,28.5,-2287.51530584649
W50A000F,touch_1.7.0Beta1,6/11/2025 11:22:54,SSTDR,24,4,RG-58/U 50 ohm coax,0.66,None,Standard,0,0,24 MHz,105.762,6 MHz,12.43,6,1500,20.4218,1500,13.5241,Waveform,28.75,2200.05199830542
W50A000F,touch_1.7.0Beta1,6/11/2025 11:22:54,SSTDR,24,4,RG-58/U 50 ohm coax,0.66,None,Standard,0,0,24 MHz,105.762,6 MHz,12.43,6,1500,20.4218,1500,13.5241,Waveform,29,6492
W50A000F,touch_1.7.0Beta1,6/11/2025 11:22:54,SSTDR,24,4,RG-58/U 50 ohm coax,0.66,None,Standard,0,0,24 MHz,105.762,6 MHz,12.43,6,1500,20.4218,1500,13.5241,Waveform,29.25,9904.5701889696
W50A000F,touch_1.7.0Beta1,6/11/2025 11:22:54,SSTDR,24,4,RG-58/U 50 ohm coax,0.66,None,Standard,0,0,24 MHz,105.762,6 MHz,12.43,6,1500,20.4218,1500,13.5241,Waveform,29.5,11986.0083441919
W50A000F,touch_1.7.0Beta1,6/11/2025 11:22:54,SSTDR,24,4,RG-58/U 50 ohm coax,0.66,None,Standard,0,0,24 MHz,105.762,6 MHz,12.43,6,1500,20.4218,1500,13.5241,Waveform,29.75,12563.8949039996
W50A000F,touch_1.7.0Beta1,6/11/2025 11:22:54,SSTDR,24,4,RG-58/U 50 ohm coax,0.66,None,Standard,0,0,24 MHz,105.762,6 MHz,12.43,6,1500,20.4218,1500,13.5241,Waveform,30,11726
W50A000F,touch_1.7.0Beta1,6/11/2025 11:22:54,SSTDR,24,4,RG-58/U 50 ohm coax,0.66,None,Standard,0,0,24 MHz,105.762,6 MHz,12.43,6,1500,20.4218,1500,13.5241,Waveform,30.25,9756.71709074797
W50A000F,touch_1.7.0Beta1,6/11/2025 11:22:54,SSTDR,24,4,RG-58/U 50 ohm coax,0.66,None,Standard,0,0,24 MHz,105.762,6 MHz,12.43,6,1500,20.4218,1500,13.5241,Waveform,30.5,7055.47345229619
W50A000F,touch_1.7.0Beta1,6/11/2025 11:22:54,SSTDR,24,4,RG-58/U 50 ohm coax,0.66,None,Standard,0,0,24 MHz,105.762,6 MHz,12.43,6,1500,20.4218,1500,13.5241,Waveform,30.75,4057.82179235924
W50A000F,touch_1.7.0Beta1,6/11/2025 11:22:54,SSTDR,24,4,RG-58/U 50 ohm coax,0.66,None,Standard,0,0,24 MHz,105.762,6 MHz,12.43,6,1500,20.4218,1500,13.5241,Waveform,31,1170
W50A000F,touch_1.7.0Beta1,6/11/2025 11:22:54,SSTDR,24,4,RG-58/U 50 ohm coax,0.66,None,Standard,0,0,24 MHz,105.762,6 MHz,12.43,6,1500,20.4218,1500,13.5241,Waveform,31.25,-1280.35094264156
W50A000F,touch_1.7.0Beta1,6/11/2025 11:22:54,SSTDR,24,4,RG-58/U 50 ohm coax,0.66,None,Standard,0,0,24 MHz,105.762,6 MHz,12.43,6,1500,20.4218,1500,13.5241,Waveform,31.5,-3077.73305257241
W50A000F,touch_1.7.0Beta1,6/11/2025 11:22:54,SSTDR,24,4,RG-58/U 50 ohm coax,0.66,None,Standard,0,0,24 MHz,105.762,6 MHz,12.43,6,1500,20.4218,1500,13.5241,Waveform,31.75,-4135.91375742817
W50A000F,touch_1.7.0Beta1,6/11/2025 11:22:54,SSTDR,24,4,RG-58/U 50 ohm coax,0.66,None,Standard,0,0,24 MHz,105.762,6 MHz,12.43,6,1500,20.4218,1500,13.5241,Waveform,32,-4496
W50A000F,touch_1.7.0Beta1,6/11/2025 11:22:54,SSTDR,24,4,RG-58/U 50 ohm coax,0.66,None,Standard,0,0,24 MHz,105.762,6 MHz,12.43,6,1500,20.4218,1500,13.5241,Waveform,32.25,-4303.48159104955
W50A000F,touch_1.7.0Beta1,6/11/2025 11:22:54,SSTDR,24,4,RG-58/U 50 ohm coax,0.66,None,Standard,0,0,24 MHz,105.762,6 MHz,12.43,6,1500,20.4218,1500,13.5241,Waveform,32.5,-3766.60125458159
W50A000F,touch_1.7.0Beta1,6/11/2025 11:22:54,SSTDR,24,4,RG-58/U 50 ohm coax,0.66,None,Standard,0,0,24 MHz,105.762,6 MHz,12.43,6,1500,20.4218,1500,13.5241,Waveform,32.75,-3104.61237231265
W50A000F,touch_1.7.0Beta1,6/11/2025 11:22:54,SSTDR,24,4,RG-58/U 50 ohm coax,0.66,None,Standard,0,0,24 MHz,105.762,6 MHz,12.43,6,1500,20.4218,1500,13.5241,Waveform,33,-2499
W50A000F,touch_1.7.0Beta1,6/11/2025 11:22:54,SSTDR,24,4,RG-58/U 50 ohm coax,0.66,None,Standard,0,0,24 MHz,105.762,6 MHz,12.43,6,1500,20.4218,1500,13.5241,Waveform,33.25,-2060.57019112598
W50A000F,touch_1.7.0Beta1,6/11/2025 11:22:54,SSTDR,24,4,RG-58/U 50 ohm coax,0.66,None,Standard,0,0,24 MHz,105.762,6 MHz,12.43,6,1500,20.4218,1500,13.5241,Waveform,33.5,-1819.917160787
W50A000F,touch_1.7.0Beta1,6/11/2025 11:22:54,SSTDR,24,4,RG-58/U 50 ohm coax,0.66,None,Standard,0,0,24 MHz,105.762,6 MHz,12.43,6,1500,20.4218,1500,13.5241,Waveform,33.75,-1740.47256411933
W50A000F,touch_1.7.0Beta1,6/11/2025 11:22:54,SSTDR,24,4,RG-58/U 50 ohm coax,0.66,None,Standard,0,0,24 MHz,105.762,6 MHz,12.43,6,1500,20.4218,1500,13.5241,Waveform,34,-1746
W50A000F,touch_1.7.0Beta1,6/11/2025 11:22:54,SSTDR,24,4,RG-58/U 50 ohm coax,0.66,None,Standard,0,0,24 MHz,105.762,6 MHz,12.43,6,1500,20.4218,1500,13.5241,Waveform,34.25,-1751.27145947009
W50A000F,touch_1.7.0Beta1,6/11/2025 11:22:54,SSTDR,24,4,RG-58/U 50 ohm coax,0.66,None,Standard,0,0,24 MHz,105.762,6 MHz,12.43,6,1500,20.4218,1500,13.5241,Waveform,34.5,-1686.61433844102
W50A000F,touch_1.7.0Beta1,6/11/2025 11:22:54,SSTDR,24,4,RG-58/U 50 ohm coax,0.66,None,Standard,0,0,24 MHz,105.762,6 MHz,12.43,6,1500,20.4218,1500,13.5241,Waveform,34.75,-1512.1957966021
W50A000F,touch_1.7.0Beta1,6/11/2025 11:22:54,SSTDR,24,4,RG-58/U 50 ohm coax,0.66,None,Standard,0,0,24 MHz,105.762,6 MHz,12.43,6,1500,20.4218,1500,13.5241,Waveform,35,-1223
W50A000F,touch_1.7.0Beta1,6/11/2025 11:22:54,SSTDR,24,4,RG-58/U 50 ohm coax,0.66,None,Standard,0,0,24 MHz,105.762,6 MHz,12.43,6,1500,20.4218,1500,13.5241,Waveform,35.25,-847.715961334459
W50A000F,touch_1.7.0Beta1,6/11/2025 11:22:54,SSTDR,24,4,RG-58/U 50 ohm coax,0.66,None,Standard,0,0,24 MHz,105.762,6 MHz,12.43,6,1500,20.4218,1500,13.5241,Waveform,35.5,-443.624578656891
W50A000F,touch_1.7.0Beta1,6/11/2025 11:22:54,SSTDR,24,4,RG-58/U 50 ohm coax,0.66,None,Standard,0,0,24 MHz,105.762,6 MHz,12.43,6,1500,20.4218,1500,13.5241,Waveform,35.75,-86.8594949868841
W50A000F,touch_1.7.0Beta1,6/11/2025 11:22:54,SSTDR,24,4,RG-58/U 50 ohm coax,0.66,None,Standard,0,0,24 MHz,105.762,6 MHz,12.43,6,1500,20.4218,1500,13.5241,Waveform,36,144.000000000001
W50A000F,touch_1.7.0Beta1,6/11/2025 11:22:54,SSTDR,24,4,RG-58/U 50 ohm coax,0.66,None,Standard,0,0,24 MHz,105.762,6 MHz,12.43,6,1500,20.4218,1500,13.5241,Waveform,36.25,191.192487351808
W50A000F,touch_1.7.0Beta1,6/11/2025 11:22:54,SSTDR,24,4,RG-58/U 50 ohm coax,0.66,None,Standard,0,0,24 MHz,105.762,6 MHz,12.43,6,1500,20.4218,1500,13.5241,Waveform,36.5,43.3498462897275
W50A000F,touch_1.7.0Beta1,6/11/2025 11:22:54,SSTDR,24,4,RG-58/U 50 ohm coax,0.66,None,Standard,0,0,24 MHz,105.762,6 MHz,12.43,6,1500,20.4218,1500,13.5241,Waveform,36.75,-246.024490034424
W50A000F,touch_1.7.0Beta1,6/11/2025 11:22:54,SSTDR,24,4,RG-58/U 50 ohm coax,0.66,None,Standard,0,0,24 MHz,105.762,6 MHz,12.43,6,1500,20.4218,1500,13.5241,Waveform,37,-558
W50A000F,touch_1.7.0Beta1,6/11/2025 11:22:54,SSTDR,24,4,RG-58/U 50 ohm coax,0.66,None,Standard,0,0,24 MHz,105.762,6 MHz,12.43,6,1500,20.4218,1500,13.5241,Waveform,37.25,-732.171421270328
W50A000F,touch_1.7.0Beta1,6/11/2025 11:22:54,SSTDR,24,4,RG-58/U 50 ohm coax,0.66,None,Standard,0,0,24 MHz,105.762,6 MHz,12.43,6,1500,20.4218,1500,13.5241,Waveform,37.5,-612.564896368631
W50A000F,touch_1.7.0Beta1,6/11/2025 11:22:54,SSTDR,24,4,RG-58/U 50 ohm coax,0.66,None,Standard,0,0,24 MHz,105.762,6 MHz,12.43,6,1500,20.4218,1500,13.5241,Waveform,37.75,-102.63402637542
W50A000F,touch_1.7.0Beta1,6/11/2025 11:22:54,SSTDR,24,4,RG-58/U 50 ohm coax,0.66,None,Standard,0,0,24 MHz,105.762,6 MHz,12.43,6,1500,20.4218,1500,13.5241,Waveform,38,789.999999999998
W50A000F,touch_1.7.0Beta1,6/11/2025 11:22:54,SSTDR,24,4,RG-58/U 50 ohm coax,0.66,None,Standard,0,0,24 MHz,105.762,6 MHz,12.43,6,1500,20.4218,1500,13.5241,Waveform,38.25,1937.34892450366
W50A000F,touch_1.7.0Beta1,6/11/2025 11:22:54,SSTDR,24,4,RG-58/U 50 ohm coax,0.66,None,Standard,0,0,24 MHz,105.762,6 MHz,12.43,6,1500,20.4218,1500,13.5241,Waveform,38.5,3112.69468281697
W50A000F,touch_1.7.0Beta1,6/11/2025 11:22:54,SSTDR,24,4,RG-58/U 50 ohm coax,0.66,None,Standard,0,0,24 MHz,105.762,6 MHz,12.43,6,1500,20.4218,1500,13.5241,Waveform,38.75,4045.80715734223
W50A000F,touch_1.7.0Beta1,6/11/2025 11:22:54,SSTDR,24,4,RG-58/U 50 ohm coax,0.66,None,Standard,0,0,24 MHz,105.762,6 MHz,12.43,6,1500,20.4218,1500,13.5241,Waveform,39,4495
W50A000F,touch_1.7.0Beta1,6/11/2025 11:22:54,SSTDR,24,4,RG-58/U 50 ohm coax,0.66,None,Standard,0,0,24 MHz,105.762,6 MHz,12.43,6,1500,20.4218,1500,13.5241,Waveform,39.25,4313.11402630979
W50A000F,touch_1.7.0Beta1,6/11/2025 11:22:54,SSTDR,24,4,RG-58/U 50 ohm coax,0.66,None,Standard,0,0,24 MHz,105.762,6 MHz,12.43,6,1500,20.4218,1500,13.5241,Waveform,39.5,3487.08413500687
W50A000F,touch_1.7.0Beta1,6/11/2025 11:22:54,SSTDR,24,4,RG-58/U 50 ohm coax,0.66,None,Standard,0,0,24 MHz,105.762,6 MHz,12.43,6,1500,20.4218,1500,13.5241,Waveform,39.75,2140.59431619394
W50A000F,touch_1.7.0Beta1,6/11/2025 11:22:54,SSTDR,24,4,RG-58/U 50 ohm coax,0.66,None,Standard,0,0,24 MHz,105.762,6 MHz,12.43,6,1500,20.4218,1500,13.5241,Waveform,40,502
W50A000F,touch_1.7.0Beta1,6/11/2025 11:22:54,SSTDR,24,4,RG-58/U 50 ohm coax,0.66,None,Standard,0,0,24 MHz,105.762,6 MHz,12.43,6,1500,20.4218,1500,13.5241,Waveform,40.25,-1150.01477719081
W50A000F,touch_1.7.0Beta1,6/11/2025 11:22:54,SSTDR,24,4,RG-58/U 50 ohm coax,0.66,None,Standard,0,0,24 MHz,105.762,6 MHz,12.43,6,1500,20.4218,1500,13.5241,Waveform,40.5,-2546.2155558331
W50A000F,touch_1.7.0Beta1,6/11/2025 11:22:54,SSTDR,24,4,RG-58/U 50 ohm coax,0.66,None,Standard,0,0,24 MHz,105.762,6 MHz,12.43,6,1500,20.4218,1500,13.5241,Waveform,40.75,-3477.24175714571
W50A000F,touch_1.7.0Beta1,6/11/2025 11:22:54,SSTDR,24,4,RG-58/U 50 ohm coax,0.66,None,Standard,0,0,24 MHz,105.762,6 MHz,12.43,6,1500,20.4218,1500,13.5241,Waveform,41,-3826
W50A000F,touch_1.7.0Beta1,6/11/2025 11:22:54,SSTDR,24,4,RG-58/U 50 ohm coax,0.66,None,Standard,0,0,24 MHz,105.762,6 MHz,12.43,6,1500,20.4218,1500,13.5241,Waveform,41.25,-3579.99269203081
W50A000F,touch_1.7.0Beta1,6/11/2025 11:22:54,SSTDR,24,4,RG-58/U 50 ohm coax,0.66,None,Standard,0,0,24 MHz,105.762,6 MHz,12.43,6,1500,20.4218,1500,13.5241,Waveform,41.5,-2825.94236807729
W50A000F,touch_1.7.0Beta1,6/11/2025 11:22:54,SSTDR,24,4,RG-58/U 50 ohm coax,0.66,None,Standard,0,0,24 MHz,105.762,6 MHz,12.43,6,1500,20.4218,1500,13.5241,Waveform,41.75,-1730.45160250642
W50A000F,touch_1.7.0Beta1,6/11/2025 11:22:54,SSTDR,24,4,RG-58/U 50 ohm coax,0.66,None,Standard,0,0,24 MHz,105.762,6 MHz,12.43,6,1500,20.4218,1500,13.5241,Waveform,42,-509.999999999999
W50A000F,touch_1.7.0Beta1,6/11/2025 11:22:54,SSTDR,24,4,RG-58/U 50 ohm coax,0.66,None,Standard,0,0,24 MHz,105.762,6 MHz,12.43,6,1500,20.4218,1500,13.5241,Waveform,42.25,606.689161193912
W50A000F,touch_1.7.0Beta1,6/11/2025 11:22:54,SSTDR,24,4,RG-58/U 50 ohm coax,0.66,None,Standard,0,0,24 MHz,105.762,6 MHz,12.43,6,1500,20.4218,1500,13.5241,Waveform,42.5,1419.69515501695
W50A000F,touch_1.7.0Beta1,6/11/2025 11:22:54,SSTDR,24,4,RG-58/U 50 ohm coax,0.66,None,Standard,0,0,24 MHz,105.762,6 MHz,12.43,6,1500,20.4218,1500,13.5241,Waveform,42.75,1795.81239882564
W50A000F,touch_1.7.0Beta1,6/11/2025 11:22:54,SSTDR,24,4,RG-58/U 50 ohm coax,0.66,None,Standard,0,0,24 MHz,105.762,6 MHz,12.43,6,1500,20.4218,1500,13.5241,Waveform,43,1695
W50A000F,touch_1.7.0Beta1,6/11/2025 11:22:54,SSTDR,24,4,RG-58/U 50 ohm coax,0.66,None,Standard,0,0,24 MHz,105.762,6 MHz,12.43,6,1500,20.4218,1500,13.5241,Waveform,43.25,1177.73414059062
W50A000F,touch_1.7.0Beta1,6/11/2025 11:22:54,SSTDR,24,4,RG-58/U 50 ohm coax,0.66,None,Standard,0,0,24 MHz,105.762,6 MHz,12.43,6,1500,20.4218,1500,13.5241,Waveform,43.5,389.638746474241
W50A000F,touch_1.7.0Beta1,6/11/2025 11:22:54,SSTDR,24,4,RG-58/U 50 ohm coax,0.66,None,Standard,0,0,24 MHz,105.762,6 MHz,12.43,6,1500,20.4218,1500,13.5241,Waveform,43.75,-473.878888141087
W50A000F,touch_1.7.0Beta1,6/11/2025 11:22:54,SSTDR,24,4,RG-58/U 50 ohm coax,0.66,None,Standard,0,0,24 MHz,105.762,6 MHz,12.43,6,1500,20.4218,1500,13.5241,Waveform,44,-1214
W50A000F,touch_1.7.0Beta1,6/11/2025 11:22:54,SSTDR,24,4,RG-58/U 50 ohm coax,0.66,None,Standard,0,0,24 MHz,105.762,6 MHz,12.43,6,1500,20.4218,1500,13.5241,Waveform,44.25,-1673.39047088272
W50A000F,touch_1.7.0Beta1,6/11/2025 11:22:54,SSTDR,24,4,RG-58/U 50 ohm coax,0.66,None,Standard,0,0,24 MHz,105.762,6 MHz,12.43,6,1500,20.4218,1500,13.5241,Waveform,44.5,-1767.9356944971
W50A000F,touch_1.7.0Beta1,6/11/2025 11:22:54,SSTDR,24,4,RG-58/U 50 ohm coax,0.66,None,Standard,0,0,24 MHz,105.762,6 MHz,12.43,6,1500,20.4218,1500,13.5241,Waveform,44.75,-1498.32340543764
W50A000F,touch_1.7.0Beta1,6/11/2025 11:22:54,SSTDR,24,4,RG-58/U 50 ohm coax,0.66,None,Standard,0,0,24 MHz,105.762,6 MHz,12.43,6,1500,20.4218,1500,13.5241,Waveform,45,-941.000000000001
W50A000F,touch_1.7.0Beta1,6/11/2025 11:22:54,SSTDR,24,4,RG-58/U 50 ohm coax,0.66,None,Standard,0,0,24 MHz,105.762,6 MHz,12.43,6,1500,20.4218,1500,13.5241,Waveform,45.25,-223.710570328932
W50A000F,touch_1.7.0Beta1,6/11/2025 11:22:54,SSTDR,24,4,RG-58/U 50 ohm coax,0.66,None,Standard,0,0,24 MHz,105.762,6 MHz,12.43,6,1500,20.4218,1500,13.5241,Waveform,45.5,506.232847373389
W50A000F,touch_1.7.0Beta1,6/11/2025 11:22:54,SSTDR,24,4,RG-58/U 50 ohm coax,0.66,None,Standard,0,0,24 MHz,105.762,6 MHz,12.43,6,1500,20.4218,1500,13.5241,Waveform,45.75,1113.00888522476
W50A000F,touch_1.7.0Beta1,6/11/2025 11:22:54,SSTDR,24,4,RG-58/U 50 ohm coax,0.66,None,Standard,0,0,24 MHz,105.762,6 MHz,12.43,6,1500,20.4218,1500,13.5241,Waveform,46,1497
W50A000F,touch_1.7.0Beta1,6/11/2025 11:22:54,SSTDR,24,4,RG-58/U 50 ohm coax,0.66,None,Standard,0,0,24 MHz,105.762,6 MHz,12.43,6,1500,20.4218,1500,13.5241,Waveform,46.25,1610.19877319662
W50A000F,touch_1.7.0Beta1,6/11/2025 11:22:54,SSTDR,24,4,RG-58/U 50 ohm coax,0.66,None,Standard,0,0,24 MHz,105.762,6 MHz,12.43,6,1500,20.4218,1500,13.5241,Waveform,46.5,1461.28431362457
W50A000F,touch_1.7.0Beta1,6/11/2025 11:22:54,SSTDR,24,4,RG-58/U 50 ohm coax,0.66,None,Standard,0,0,24 MHz,105.762,6 MHz,12.43,6,1500,20.4218,1500,13.5241,Waveform,46.75,1110.34728768853
W50A000F,touch_1.7.0Beta1,6/11/2025 11:22:54,SSTDR,24,4,RG-58/U 50 ohm coax,0.66,None,Standard,0,0,24 MHz,105.762,6 MHz,12.43,6,1500,20.4218,1500,13.5241,Waveform,47,654
W50A000F,touch_1.7.0Beta1,6/11/2025 11:22:54,SSTDR,24,4,RG-58/U 50 ohm coax,0.66,None,Standard,0,0,24 MHz,105.762,6 MHz,12.43,6,1500,20.4218,1500,13.5241,Waveform,47.25,202.933317207979
W50A000F,touch_1.7.0Beta1,6/11/2025 11:22:54,SSTDR,24,4,RG-58/U 50 ohm coax,0.66,None,Standard,0,0,24 MHz,105.762,6 MHz,12.43,6,1500,20.4218,1500,13.5241,Waveform,47.5,-143.985135898345
W50A000F,touch_1.7.0Beta1,6/11/2025 11:22:54,SSTDR,24,4,RG-58/U 50 ohm coax,0.66,None,Standard,0,0,24 MHz,105.762,6 MHz,12.43,6,1500,20.4218,1500,13.5241,Waveform,47.75,-323.051505778949
W50A000F,touch_1.7.0Beta1,6/11/2025 11:22:54,SSTDR,24,4,RG-58/U 50 ohm coax,0.66,None,Standard,0,0,24 MHz,105.762,6 MHz,12.43,6,1500,20.4218,1500,13.5241,Waveform,48,-320
W50A000F,touch_1.7.0Beta1,6/11/2025 11:22:54,SSTDR,24,4,RG-58/U 50 ohm coax,0.66,None,Standard,0,0,24 MHz,105.762,6 MHz,12.43,6,1500,20.4218,1500,13.5241,Waveform,48.25,-170.620774923902
W50A000F,touch_1.7.0Beta1,6/11/2025 11:22:54,SSTDR,24,4,RG-58/U 50 ohm coax,0.66,None,Standard,0,0,24 MHz,105.762,6 MHz,12.43,6,1500,20.4218,1500,13.5241,Waveform,48.5,52.7498077102134
W50A000F,touch_1.7.0Beta1,6/11/2025 11:22:54,SSTDR,24,4,RG-58/U 50 ohm coax,0.66,None,Standard,0,0,24 MHz,105.762,6 MHz,12.43,6,1500,20.4218,1500,13.5241,Waveform,48.75,264.502586392814
W50A000F,touch_1.7.0Beta1,6/11/2025 11:22:54,SSTDR,24,4,RG-58/U 50 ohm coax,0.66,None,Standard,0,0,24 MHz,105.762,6 MHz,12.43,6,1500,20.4218,1500,13.5241,Waveform,49,391
W50A000F,touch_1.7.0Beta1,6/11/2025 11:22:54,SSTDR,24,4,RG-58/U 50 ohm coax,0.66,None,Standard,0,0,24 MHz,105.762,6 MHz,12.43,6,1500,20.4218,1500,13.5241,Waveform,49.25,389.618555456886
W50A000F,touch_1.7.0Beta1,6/11/2025 11:22:54,SSTDR,24,4,RG-58/U 50 ohm coax,0.66,None,Standard,0,0,24 MHz,105.762,6 MHz,12.43,6,1500,20.4218,1500,13.5241,Waveform,49.5,256.309832591193
W50A000F,touch_1.7.0Beta1,6/11/2025 11:22:54,SSTDR,24,4,RG-58/U 50 ohm coax,0.66,None,Standard,0,0,24 MHz,105.762,6 MHz,12.43,6,1500,20.4218,1500,13.5241,Waveform,49.75,21.1839772605516
W50A000F,touch_1.7.0Beta1,6/11/2025 11:22:54,SSTDR,24,4,RG-58/U 50 ohm coax,0.66,None,Standard,0,0,24 MHz,105.762,6 MHz,12.43,6,1500,20.4218,1500,13.5241,Waveform,50,-263.999999999999
W50A000F,touch_1.7.0Beta1,6/11/2025 11:22:54,SSTDR,24,4,RG-58/U 50 ohm coax,0.66,None,Standard,0,0,24 MHz,105.762,6 MHz,12.43,6,1500,20.4218,1500,13.5241,Waveform,50.25,-540.55944375961
W50A000F,touch_1.7.0Beta1,6/11/2025 11:22:54,SSTDR,24,4,RG-58/U 50 ohm coax,0.66,None,Standard,0,0,24 MHz,105.762,6 MHz,12.43,6,1500,20.4218,1500,13.5241,Waveform,50.5,-754.966393977697
W50A000F,touch_1.7.0Beta1,6/11/2025 11:22:54,SSTDR,24,4,RG-58/U 50 ohm coax,0.66,None,Standard,0,0,24 MHz,105.762,6 MHz,12.43,6,1500,20.4218,1500,13.5241,Waveform,50.75,-866.417019580975
W50A000F,touch_1.7.0Beta1,6/11/2025 11:22:54,SSTDR,24,4,RG-58/U 50 ohm coax,0.66,None,Standard,0,0,24 MHz,105.762,6 MHz,12.43,6,1500,20.4218,1500,13.5241,Waveform,51,-851
W50A000F,touch_1.7.0Beta1,6/11/2025 11:22:54,SSTDR,24,4,RG-58/U 50 ohm coax,0.66,None,Standard,0,0,24 MHz,105.762,6 MHz,12.43,6,1500,20.4218,1500,13.5241,Waveform,51.25,-704.715498699021
W50A000F,touch_1.7.0Beta1,6/11/2025 11:22:54,SSTDR,24,4,RG-58/U 50 ohm coax,0.66,None,Standard,0,0,24 MHz,105.762,6 MHz,12.43,6,1500,20.4218,1500,13.5241,Waveform,51.5,-446.401690973522
W50A000F,touch_1.7.0Beta1,6/11/2025 11:22:54,SSTDR,24,4,RG-58/U 50 ohm coax,0.66,None,Standard,0,0,24 MHz,105.762,6 MHz,12.43,6,1500,20.4218,1500,13.5241,Waveform,51.75,-119.150501610848
W50A000F,touch_1.7.0Beta1,6/11/2025 11:22:54,SSTDR,24,4,RG-58/U 50 ohm coax,0.66,None,Standard,0,0,24 MHz,105.762,6 MHz,12.43,6,1500,20.4218,1500,13.5241,Waveform,52,213.000000000002
W50A000F,touch_1.7.0Beta1,6/11/2025 11:22:54,SSTDR,24,4,RG-58/U 50 ohm coax,0.66,None,Standard,0,0,24 MHz,105.762,6 MHz,12.43,6,1500,20.4218,1500,13.5241,Waveform,52.25,475.791518376926
W50A000F,touch_1.7.0Beta1,6/11/2025 11:22:54,SSTDR,24,4,RG-58/U 50 ohm coax,0.66,None,Standard,0,0,24 MHz,105.762,6 MHz,12.43,6,1500,20.4218,1500,13.5241,Waveform,52.5,602.529403557271
W50A000F,touch_1.7.0Beta1,6/11/2025 11:22:54,SSTDR,24,4,RG-58/U 50 ohm coax,0.66,None,Standard,0,0,24 MHz,105.762,6 MHz,12.43,6,1500,20.4218,1500,13.5241,Waveform,52.75,554.410928880264
W50A000F,touch_1.7.0Beta1,6/11/2025 11:22:54,SSTDR,24,4,RG-58/U 50 ohm coax,0.66,None,Standard,0,0,24 MHz,105.762,6 MHz,12.43,6,1500,20.4218,1500,13.5241,Waveform,53,336
W50A000F,touch_1.7.0Beta1,6/11/2025 11:22:54,SSTDR,24,4,RG-58/U 50 ohm coax,0.66,None,Standard,0,0,24 MHz,105.762,6 MHz,12.43,6,1500,20.4218,1500,13.5241,Waveform,53.25,-1.21441880864144
W50A000F,touch_1.7.0Beta1,6/11/2025 11:22:54,SSTDR,24,4,RG-58/U 50 ohm coax,0.66,None,Standard,0,0,24 MHz,105.762,6 MHz,12.43,6,1500,20.4218,1500,13.5241,Waveform,53.5,-370.330923640593
W50A000F,touch_1.7.0Beta1,6/11/2025 11:22:54,SSTDR,24,4,RG-58/U 50 ohm coax,0.66,None,Standard,0,0,24 MHz,105.762,6 MHz,12.43,6,1500,20.4218,1500,13.5241,Waveform,53.75,-672.866642412165
W50A000F,touch_1.7.0Beta1,6/11/2025 11:22:54,SSTDR,24,4,RG-58/U 50 ohm coax,0.66,None,Standard,0,0,24 MHz,105.762,6 MHz,12.43,6,1500,20.4218,1500,13.5241,Waveform,54,-827.000000000001
W50A000F,touch_1.7.0Beta1,6/11/2025 11:22:54,SSTDR,24,4,RG-58/U 50 ohm coax,0.66,None,Standard,0,0,24 MHz,105.762,6 MHz,12.43,6,1500,20.4218,1500,13.5241,Waveform,54.25,-790.420180874223
W50A000F,touch_1.7.0Beta1,6/11/2025 11:22:54,SSTDR,24,4,RG-58/U 50 ohm coax,0.66,None,Standard,0,0,24 MHz,105.762,6 MHz,12.43,6,1500,20.4218,1500,13.5241,Waveform,54.5,-570.255951799379
W50A000F,touch_1.7.0Beta1,6/11/2025 11:22:54,SSTDR,24,4,RG-58/U 50 ohm coax,0.66,None,Standard,0,0,24 MHz,105.762,6 MHz,12.43,6,1500,20.4218,1500,13.5241,Waveform,54.75,-217.863423462231
W50A000F,touch_1.7.0Beta1,6/11/2025 11:22:54,SSTDR,24,4,RG-58/U 50 ohm coax,0.66,None,Standard,0,0,24 MHz,105.762,6 MHz,12.43,6,1500,20.4218,1500,13.5241,Waveform,55,187.999999999998
W50A000F,touch_1.7.0Beta1,6/11/2025 11:22:54,SSTDR,24,4,RG-58/U 50 ohm coax,0.66,None,Standard,0,0,24 MHz,105.762,6 MHz,12.43,6,1500,20.4218,1500,13.5241,Waveform,55.25,562.541117282632
W50A000F,touch_1.7.0Beta1,6/11/2025 11:22:54,SSTDR,24,4,RG-58/U 50 ohm coax,0.66,None,Standard,0,0,24 MHz,105.762,6 MHz,12.43,6,1500,20.4218,1500,13.5241,Waveform,55.5,833.736743446767
W50A000F,touch_1.7.0Beta1,6/11/2025 11:22:54,SSTDR,24,4,RG-58/U 50 ohm coax,0.66,None,Standard,0,0,24 MHz,105.762,6 MHz,12.43,6,1500,20.4218,1500,13.5241,Waveform,55.75,954.383401621158
W50A000F,touch_1.7.0Beta1,6/11/2025 11:22:54,SSTDR,24,4,RG-58/U 50 ohm coax,0.66,None,Standard,0,0,24 MHz,105.762,6 MHz,12.43,6,1500,20.4218,1500,13.5241,Waveform,56,906.999999999998
W50A000F,touch_1.7.0Beta1,6/11/2025 11:22:54,SSTDR,24,4,RG-58/U 50 ohm coax,0.66,None,Standard,0,0,24 MHz,105.762,6 MHz,12.43,6,1500,20.4218,1500,13.5241,Waveform,56.25,703.70444522082
W50A000F,touch_1.7.0Beta1,6/11/2025 11:22:54,SSTDR,24,4,RG-58/U 50 ohm coax,0.66,None,Standard,0,0,24 MHz,105.762,6 MHz,12.43,6,1500,20.4218,1500,13.5241,Waveform,56.5,383.314129904368
W50A000F,touch_1.7.0Beta1,6/11/2025 11:22:54,SSTDR,24,4,RG-58/U 50 ohm coax,0.66,None,Standard,0,0,24 MHz,105.762,6 MHz,12.43,6,1500,20.4218,1500,13.5241,Waveform,56.75,6.23903907061453
W50A000F,touch_1.7.0Beta1,6/11/2025 11:22:54,SSTDR,24,4,RG-58/U 50 ohm coax,0.66,None,Standard,0,0,24 MHz,105.762,6 MHz,12.43,6,1500,20.4218,1500,13.5241,Waveform,57,-353.999999999998
W50A000F,touch_1.7.0Beta1,6/11/2025 11:22:54,SSTDR,24,4,RG-58/U 50 ohm coax,0.66,None,Standard,0,0,24 MHz,105.762,6 MHz,12.43,6,1500,20.4218,1500,13.5241,Waveform,57.25,-623.854130552949
W50A000F,touch_1.7.0Beta1,6/11/2025 11:22:54,SSTDR,24,4,RG-58/U 50 ohm coax,0.66,None,Standard,0,0,24 MHz,105.762,6 MHz,12.43,6,1500,20.4218,1500,13.5241,Waveform,57.5,-746.516283089029
W50A000F,touch_1.7.0Beta1,6/11/2025 11:22:54,SSTDR,24,4,RG-58/U 50 ohm coax,0.66,None,Standard,0,0,24 MHz,105.762,6 MHz,12.43,6,1500,20.4218,1500,13.5241,Waveform,57.75,-698.248207641803
W50A000F,touch_1.7.0Beta1,6/11/2025 11:22:54,SSTDR,24,4,RG-58/U 50 ohm coax,0.66,None,Standard,0,0,24 MHz,105.762,6 MHz,12.43,6,1500,20.4218,1500,13.5241,Waveform,58,-497.999999999999
W50A000F,touch_1.7.0Beta1,6/11/2025 11:22:54,SSTDR,24,4,RG-58/U 50 ohm coax,0.66,None,Standard,0,0,24 MHz,105.762,6 MHz,12.43,6,1500,20.4218,1500,13.5241,Waveform,58.25,-204.870488916104
W50A000F,touch_1.7.0Beta1,6/11/2025 11:22:54,SSTDR,24,4,RG-58/U 50 ohm coax,0.66,None,Standard,0,0,24 MHz,105.762,6 MHz,12.43,6,1500,20.4218,1500,13.5241,Waveform,58.5,97.9551636619431
W50A000F,touch_1.7.0Beta1,6/11/2025 11:22:54,SSTDR,24,4,RG-58/U 50 ohm coax,0.66,None,Standard,0,0,24 MHz,105.762,6 MHz,12.43,6,1500,20.4218,1500,13.5241,Waveform,58.75,328.414965047586
W50A000F,touch_1.7.0Beta1,6/11/2025 11:22:54,SSTDR,24,4,RG-58/U 50 ohm coax,0.66,None,Standard,0,0,24 MHz,105.762,6 MHz,12.43,6,1500,20.4218,1500,13.5241,Waveform,59,430.999999999998
W50A000F,touch_1.7.0Beta1,6/11/2025 11:22:54,SSTDR,24,4,RG-58/U 50 ohm coax,0.66,None,Standard,0,0,24 MHz,105.762,6 MHz,12.43,6,1500,20.4218,1500,13.5241,Waveform,59.25,392.653507435481
W50A000F,touch_1.7.0Beta1,6/11/2025 11:22:54,SSTDR,24,4,RG-58/U 50 ohm coax,0.66,None,Standard,0,0,24 MHz,105.762,6 MHz,12.43,6,1500,20.4218,1500,13.5241,Waveform,59.5,243.06432911614
W50A000F,touch_1.7.0Beta1,6/11/2025 11:22:54,SSTDR,24,4,RG-58/U 50 ohm coax,0.66,None,Standard,0,0,24 MHz,105.762,6 MHz,12.43,6,1500,20.4218,1500,13.5241,Waveform,59.75,39.9078665650249
W50A000F,touch_1.7.0Beta1,6/11/2025 11:22:54,SSTDR,24,4,RG-58/U 50 ohm coax,0.66,None,Standard,0,0,24 MHz,105.762,6 MHz,12.43,6,1500,20.4218,1500,13.5241,Waveform,60,-154.000000000001
W50A000F,touch_1.7.0Beta1,6/11/2025 11:22:54,SSTDR,24,4,RG-58/U 50 ohm coax,0.66,None,Standard,0,0,24 MHz,105.762,6 MHz,12.43,6,1500,20.4218,1500,13.5241,Waveform,60.25,-291.627579721046
W50A000F,touch_1.7.0Beta1,6/11/2025 11:22:54,SSTDR,24,4,RG-58/U 50 ohm coax,0.66,None,Standard,0,0,24 MHz,105.762,6 MHz,12.43,6,1500,20.4218,1500,13.5241,Waveform,60.5,-352.509199221189
W50A000F,touch_1.7.0Beta1,6/11/2025 11:22:54,SSTDR,24,4,RG-58/U 50 ohm coax,0.66,None,Standard,0,0,24 MHz,105.762,6 MHz,12.43,6,1500,20.4218,1500,13.5241,Waveform,60.75,-340.747830088779
W50A000F,touch_1.7.0Beta1,6/11/2025 11:22:54,SSTDR,24,4,RG-58/U 50 ohm coax,0.66,None,Standard,0,0,24 MHz,105.762,6 MHz,12.43,6,1500,20.4218,1500,13.5241,Waveform,61,-274.000000000002
W50A000F,touch_1.7.0Beta1,6/11/2025 11:22:54,SSTDR,24,4,RG-58/U 50 ohm coax,0.66,None,Standard,0,0,24 MHz,105.762,6 MHz,12.43,6,1500,20.4218,1500,13.5241,Waveform,61.25,-171.078159613778
W50A000F,touch_1.7.0Beta1,6/11/2025 11:22:54,SSTDR,24,4,RG-58/U 50 ohm coax,0.66,None,Standard,0,0,24 MHz,105.762,6 MHz,12.43,6,1500,20.4218,1500,13.5241,Waveform,61.5,-45.2608905436305
W50A000F,touch_1.7.0Beta1,6/11/2025 11:22:54,SSTDR,24,4,RG-58/U 50 ohm coax,0.66,None,Standard,0,0,24 MHz,105.762,6 MHz,12.43,6,1500,20.4218,1500,13.5241,Waveform,61.75,94.0110424418843
W50A000F,touch_1.7.0Beta1,6/11/2025 11:22:54,SSTDR,24,4,RG-58/U 50 ohm coax,0.66,None,Standard,0,0,24 MHz,105.762,6 MHz,12.43,6,1500,20.4218,1500,13.5241,Waveform,62,233.999999999999
W50A000F,touch_1.7.0Beta1,6/11/2025 11:22:54,SSTDR,24,4,RG-58/U 50 ohm coax,0.66,None,Standard,0,0,24 MHz,105.762,6 MHz,12.43,6,1500,20.4218,1500,13.5241,Waveform,62.25,352.620170397643
W50A000F,touch_1.7.0Beta1,6/11/2025 11:22:54,SSTDR,24,4,RG-58/U 50 ohm coax,0.66,None,Standard,0,0,24 MHz,105.762,6 MHz,12.43,6,1500,20.4218,1500,13.5241,Waveform,62.5,419.465245801912
W50A000F,touch_1.7.0Beta1,6/11/2025 11:22:54,SSTDR,24,4,RG-58/U 50 ohm coax,0.66,None,Standard,0,0,24 MHz,105.762,6 MHz,12.43,6,1500,20.4218,1500,13.5241,Waveform,62.75,405.581891195548
W50A000F,touch_1.7.0Beta1,6/11/2025 11:22:54,SSTDR,24,4,RG-58/U 50 ohm coax,0.66,None,Standard,0,0,24 MHz,105.762,6 MHz,12.43,6,1500,20.4218,1500,13.5241,Waveform,63,298.000000000001
W50A000F,touch_1.7.0Beta1,6/11/2025 11:22:54,SSTDR,24,4,RG-58/U 50 ohm coax,0.66,None,Standard,0,0,24 MHz,105.762,6 MHz,12.43,6,1500,20.4218,1500,13.5241,Waveform,63.25,111.315071002984
W50A000F,touch_1.7.0Beta1,6/11/2025 11:22:54,SSTDR,24,4,RG-58/U 50 ohm coax,0.66,None,Standard,0,0,24 MHz,105.762,6 MHz,12.43,6,1500,20.4218,1500,13.5241,Waveform,63.5,-110.922425963117
W50A000F,touch_1.7.0Beta1,6/11/2025 11:22:54,SSTDR,24,4,RG-58/U 50 ohm coax,0.66,None,Standard,0,0,24 MHz,105.762,6 MHz,12.43,6,1500,20.4218,1500,13.5241,Waveform,63.75,-307.671561981654
W50A000F,touch_1.7.0Beta1,6/11/2025 11:22:54,SSTDR,24,4,RG-58/U 50 ohm coax,0.66,None,Standard,0,0,24 MHz,105.762,6 MHz,12.43,6,1500,20.4218,1500,13.5241,Waveform,64,-421.000000000001
W50A000F,touch_1.7.0Beta1,6/11/2025 11:22:54,SSTDR,24,4,RG-58/U 50 ohm coax,0.66,None,Standard,0,0,24 MHz,105.762,6 MHz,12.43,6,1500,20.4218,1500,13.5241,Waveform,64.25,-417.272150918439
W50A000F,touch_1.7.0Beta1,6/11/2025 11:22:54,SSTDR,24,4,RG-58/U 50 ohm coax,0.66,None,Standard,0,0,24 MHz,105.762,6 MHz,12.43,6,1500,20.4218,1500,13.5241,Waveform,64.5,-299.671264518261
W50A000F,touch_1.7.0Beta1,6/11/2025 11:22:54,SSTDR,24,4,RG-58/U 50 ohm coax,0.66,None,Standard,0,0,24 MHz,105.762,6 MHz,12.43,6,1500,20.4218,1500,13.5241,Waveform,64.75,-106.612841963536
W50A000F,touch_1.7.0Beta1,6/11/2025 11:22:54,SSTDR,24,4,RG-58/U 50 ohm coax,0.66,None,Standard,0,0,24 MHz,105.762,6 MHz,12.43,6,1500,20.4218,1500,13.5241,Waveform,65,103
W50A000F,touch_1.7.0Beta1,6/11/2025 11:22:54,SSTDR,24,4,RG-58/U 50 ohm coax,0.66,None,Standard,0,0,24 MHz,105.762,6 MHz,12.43,6,1500,20.4218,1500,13.5241,Waveform,65.25,270.976937206064
W50A000F,touch_1.7.0Beta1,6/11/2025 11:22:54,SSTDR,24,4,RG-58/U 50 ohm coax,0.66,None,Standard,0,0,24 MHz,105.762,6 MHz,12.43,6,1500,20.4218,1500,13.5241,Waveform,65.5,358.46816722062
W50A000F,touch_1.7.0Beta1,6/11/2025 11:22:54,SSTDR,24,4,RG-58/U 50 ohm coax,0.66,None,Standard,0,0,24 MHz,105.762,6 MHz,12.43,6,1500,20.4218,1500,13.5241,Waveform,65.75,355.008441312663
W50A000F,touch_1.7.0Beta1,6/11/2025 11:22:54,SSTDR,24,4,RG-58/U 50 ohm coax,0.66,None,Standard,0,0,24 MHz,105.762,6 MHz,12.43,6,1500,20.4218,1500,13.5241,Waveform,66,276.000000000001
W50A000F,touch_1.7.0Beta1,6/11/2025 11:22:54,SSTDR,24,4,RG-58/U 50 ohm coax,0.66,None,Standard,0,0,24 MHz,105.762,6 MHz,12.43,6,1500,20.4218,1500,13.5241,Waveform,66.25,151.960968135061
W50A000F,touch_1.7.0Beta1,6/11/2025 11:22:54,SSTDR,24,4,RG-58/U 50 ohm coax,0.66,None,Standard,0,0,24 MHz,105.762,6 MHz,12.43,6,1500,20.4218,1500,13.5241,Waveform,66.5,15.8066344727091
W50A000F,touch_1.7.0Beta1,6/11/2025 11:22:54,SSTDR,24,4,RG-58/U 50 ohm coax,0.66,None,Standard,0,0,24 MHz,105.762,6 MHz,12.43,6,1500,20.4218,1500,13.5241,Waveform,66.75,-106.141476080361
W50A000F,touch_1.7.0Beta1,6/11/2025 11:22:54,SSTDR,24,4,RG-58/U 50 ohm coax,0.66,None,Standard,0,0,24 MHz,105.762,6 MHz,12.43,6,1500,20.4218,1500,13.5241,Waveform,67,-197.000000000002
W50A000F,touch_1.7.0Beta1,6/11/2025 11:22:54,SSTDR,24,4,RG-58/U 50 ohm coax,0.66,None,Standard,0,0,24 MHz,105.762,6 MHz,12.43,6,1500,20.4218,1500,13.5241,Waveform,67.25,-247.433618957995
W50A000F,touch_1.7.0Beta1,6/11/2025 11:22:54,SSTDR,24,4,RG-58/U 50 ohm coax,0.66,None,Standard,0,0,24 MHz,105.762,6 MHz,12.43,6,1500,20.4218,1500,13.5241,Waveform,67.5,-252.64363713636
W50A000F,touch_1.7.0Beta1,6/11/2025 11:22:54,SSTDR,24,4,RG-58/U 50 ohm coax,0.66,None,Standard,0,0,24 MHz,105.762,6 MHz,12.43,6,1500,20.4218,1500,13.5241,Waveform,67.75,-211.418229174422
W50A000F,touch_1.7.0Beta1,6/11/2025 11:22:54,SSTDR,24,4,RG-58/U 50 ohm coax,0.66,None,Standard,0,0,24 MHz,105.762,6 MHz,12.43,6,1500,20.4218,1500,13.5241,Waveform,68,-128.000000000001
W50A000F,touch_1.7.0Beta1,6/11/2025 11:22:54,SSTDR,24,4,RG-58/U 50 ohm coax,0.66,None,Standard,0,0,24 MHz,105.762,6 MHz,12.43,6,1500,20.4218,1500,13.5241,Waveform,68.25,-14.8575065060795
W50A000F,touch_1.7.0Beta1,6/11/2025 11:22:54,SSTDR,24,4,RG-58/U 50 ohm coax,0.66,None,Standard,0,0,24 MHz,105.762,6 MHz,12.43,6,1500,20.4218,1500,13.5241,Waveform,68.5,106.712090527073
W50A000F,touch_1.7.0Beta1,6/11/2025 11:22:54,SSTDR,24,4,RG-58/U 50 ohm coax,0.66,None,Standard,0,0,24 MHz,105.762,6 MHz,12.43,6,1500,20.4218,1500,13.5241,Waveform,68.75,210.171841534936
W50A000F,touch_1.7.0Beta1,6/11/2025 11:22:54,SSTDR,24,4,RG-58/U 50 ohm coax,0.66,None,Standard,0,0,24 MHz,105.762,6 MHz,12.43,6,1500,20.4218,1500,13.5241,Waveform,69,270.999999999996
W50A000F,touch_1.7.0Beta1,6/11/2025 11:22:54,SSTDR,24,4,RG-58/U 50 ohm coax,0.66,None,Standard,0,0,24 MHz,105.762,6 MHz,12.43,6,1500,20.4218,1500,13.5241,Waveform,69.25,274.664517561117
W50A000F,touch_1.7.0Beta1,6/11/2025 11:22:54,SSTDR,24,4,RG-58/U 50 ohm coax,0.66,None,Standard,0,0,24 MHz,105.762,6 MHz,12.43,6,1500,20.4218,1500,13.5241,Waveform,69.5,221.588252320719
W50A000F,touch_1.7.0Beta1,6/11/2025 11:22:54,SSTDR,24,4,RG-58/U 50 ohm coax,0.66,None,Standard,0,0,24 MHz,105.762,6 MHz,12.43,6,1500,20.4218,1500,13.5241,Waveform,69.75,126.720447534369
W50A000F,touch_1.7.0Beta1,6/11/2025 11:22:54,SSTDR,24,4,RG-58/U 50 ohm coax,0.66,None,Standard,0,0,24 MHz,105.762,6 MHz,12.43,6,1500,20.4218,1500,13.5241,Waveform,70,14.000000000001
W50A000F,touch_1.7.0Beta1,6/11/2025 11:22:54,SSTDR,24,4,RG-58/U 50 ohm coax,0.66,None,Standard,0,0,24 MHz,105.762,6 MHz,12.43,6,1500,20.4218,1500,13.5241,Waveform,70.25,-91.5745062589831
W50A000F,touch_1.7.0Beta1,6/11/2025 11:22:54,SSTDR,24,4,RG-58/U 50 ohm coax,0.66,None,Standard,0,0,24 MHz,105.762,6 MHz,12.43,6,1500,20.4218,1500,13.5241,Waveform,70.5,-170.728982666903
W50A000F,touch_1.7.0Beta1,6/11/2025 11:22:54,SSTDR,24,4,RG-58/U 50 ohm coax,0.66,None,Standard,0,0,24 MHz,105.762,6 MHz,12.43,6,1500,20.4218,1500,13.5241,Waveform,70.75,-213.146256486674
W50A000F,touch_1.7.0Beta1,6/11/2025 11:22:54,SSTDR,24,4,RG-58/U 50 ohm coax,0.66,None,Standard,0,0,24 MHz,105.762,6 MHz,12.43,6,1500,20.4218,1500,13.5241,Waveform,71,-216.999999999997
W50A000F,touch_1.7.0Beta1,6/11/2025 11:22:54,SSTDR,24,4,RG-58/U 50 ohm coax,0.66,None,Standard,0,0,24 MHz,105.762,6 MHz,12.43,6,1500,20.4218,1500,13.5241,Waveform,71.25,-186.574741640006
W50A000F,touch_1.7.0Beta1,6/11/2025 11:22:54,SSTDR,24,4,RG-58/U 50 ohm coax,0.66,None,Standard,0,0,24 MHz,105.762,6 MHz,12.43,6,1500,20.4218,1500,13.5241,Waveform,71.5,-130.209264159555
W50A000F,touch_1.7.0Beta1,6/11/2025 11:22:54,SSTDR,24,4,RG-58/U 50 ohm coax,0.66,None,Standard,0,0,24 MHz,105.762,6 MHz,12.43,6,1500,20.4218,1500,13.5241,Waveform,71.75,-59.6412241490242
W50A000F,touch_1.7.0Beta1,6/11/2025 11:22:54,SSTDR,24,4,RG-58/U 50 ohm coax,0.66,None,Standard,0,0,24 MHz,105.762,6 MHz,12.43,6,1500,20.4218,1500,13.5241,Waveform,72,9.99999999999896
W50A000F,touch_1.7.0Beta1,6/11/2025 11:22:54,SSTDR,24,4,RG-58/U 50 ohm coax,0.66,None,Standard,0,0,24 MHz,105.762,6 MHz,12.43,6,1500,20.4218,1500,13.5241,Waveform,72.25,61.4231647088683
W50A000F,touch_1.7.0Beta1,6/11/2025 11:22:54,SSTDR,24,4,RG-58/U 50 ohm coax,0.66,None,Standard,0,0,24 MHz,105.762,6 MHz,12.43,6,1500,20.4218,1500,13.5241,Waveform,72.5,78.998058575468
W50A000F,touch_1.7.0Beta1,6/11/2025 11:22:54,SSTDR,24,4,RG-58/U 50 ohm coax,0.66,None,Standard,0,0,24 MHz,105.762,6 MHz,12.43,6,1500,20.4218,1500,13.5241,Waveform,72.75,54.6243722014623
W50A000F,touch_1.7.0Beta1,6/11/2025 11:22:54,SSTDR,24,4,RG-58/U 50 ohm coax,0.66,None,Standard,0,0,24 MHz,105.762,6 MHz,12.43,6,1500,20.4218,1500,13.5241,Waveform,73,-7.00000000000084
W50A000F,touch_1.7.0Beta1,6/11/2025 11:22:54,SSTDR,24,4,RG-58/U 50 ohm coax,0.66,None,Standard,0,0,24 MHz,105.762,6 MHz,12.43,6,1500,20.4218,1500,13.5241,Waveform,73.25,-87.1265476839189
W50A000F,touch_1.7.0Beta1,6/11/2025 11:22:54,SSTDR,24,4,RG-58/U 50 ohm coax,0.66,None,Standard,0,0,24 MHz,105.762,6 MHz,12.43,6,1500,20.4218,1500,13.5241,Waveform,73.5,-157.766137576148
W50A000F,touch_1.7.0Beta1,6/11/2025 11:22:54,SSTDR,24,4,RG-58/U 50 ohm coax,0.66,None,Standard,0,0,24 MHz,105.762,6 MHz,12.43,6,1500,20.4218,1500,13.5241,Waveform,73.75,-191.599898121421
W50A000F,touch_1.7.0Beta1,6/11/2025 11:22:54,SSTDR,24,4,RG-58/U 50 ohm coax,0.66,None,Standard,0,0,24 MHz,105.762,6 MHz,12.43,6,1500,20.4218,1500,13.5241,Waveform,74,-173
W50A000F,touch_1.7.0Beta1,6/11/2025 11:22:54,SSTDR,24,4,RG-58/U 50 ohm coax,0.66,None,Standard,0,0,24 MHz,105.762,6 MHz,12.43,6,1500,20.4218,1500,13.5241,Waveform,74.25,-104.951800406246
W50A000F,touch_1.7.0Beta1,6/11/2025 11:22:54,SSTDR,24,4,RG-58/U 50 ohm coax,0.66,None,Standard,0,0,24 MHz,105.762,6 MHz,12.43,6,1500,20.4218,1500,13.5241,Waveform,74.5,-8.2041755484388
W50A000F,touch_1.7.0Beta1,6/11/2025 11:22:54,SSTDR,24,4,RG-58/U 50 ohm coax,0.66,None,Standard,0,0,24 MHz,105.762,6 MHz,12.43,6,1500,20.4218,1500,13.5241,Waveform,74.75,87.3351184081569
W50A000F,touch_1.7.0Beta1,6/11/2025 11:22:54,SSTDR,24,4,RG-58/U 50 ohm coax,0.66,None,Standard,0,0,24 MHz,105.762,6 MHz,12.43,6,1500,20.4218,1500,13.5241,Waveform,75,155.000000000001
W50A000F,touch_1.7.0Beta1,6/11/2025 11:22:54,SSTDR,24,4,RG-58/U 50 ohm coax,0.66,None,Standard,0,0,24 MHz,105.762,6 MHz,12.43,6,1500,20.4218,1500,13.5241,Waveform,75.25,181.588724455424
W50A000F,touch_1.7.0Beta1,6/11/2025 11:22:54,SSTDR,24,4,RG-58/U 50 ohm coax,0.66,None,Standard,0,0,24 MHz,105.762,6 MHz,12.43,6,1500,20.4218,1500,13.5241,Waveform,75.5,170.553522710595
W50A000F,touch_1.7.0Beta1,6/11/2025 11:22:54,SSTDR,24,4,RG-58/U 50 ohm coax,0.66,None,Standard,0,0,24 MHz,105.762,6 MHz,12.43,6,1500,20.4218,1500,13.5241,Waveform,75.75,137.039841961618
W50A000F,touch_1.7.0Beta1,6/11/2025 11:22:54,SSTDR,24,4,RG-58/U 50 ohm coax,0.66,None,Standard,0,0,24 MHz,105.762,6 MHz,12.43,6,1500,20.4218,1500,13.5241,Waveform,76,97.9999999999994
W50A000F,touch_1.7.0Beta1,6/11/2025 11:22:54,SSTDR,24,4,RG-58/U 50 ohm coax,0.66,None,Standard,0,0,24 MHz,105.762,6 MHz,12.43,6,1500,20.4218,1500,13.5241,Waveform,76.25,63.1372208543352
W50A000F,touch_1.7.0Beta1,6/11/2025 11:22:54,SSTDR,24,4,RG-58/U 50 ohm coax,0.66,None,Standard,0,0,24 MHz,105.762,6 MHz,12.43,6,1500,20.4218,1500,13.5241,Waveform,76.5,31.7125665958083
W50A000F,touch_1.7.0Beta1,6/11/2025 11:22:54,SSTDR,24,4,RG-58/U 50 ohm coax,0.66,None,Standard,0,0,24 MHz,105.762,6 MHz,12.43,6,1500,20.4218,1500,13.5241,Waveform,76.75,-3.34469240474781
W50A000F,touch_1.7.0Beta1,6/11/2025 11:22:54,SSTDR,24,4,RG-58/U 50 ohm coax,0.66,None,Standard,0,0,24 MHz,105.762,6 MHz,12.43,6,1500,20.4218,1500,13.5241,Waveform,77,-47
W50A000F,touch_1.7.0Beta1,6/11/2025 11:22:54,SSTDR,24,4,RG-58/U 50 ohm coax,0.66,None,Standard,0,0,24 MHz,105.762,6 MHz,12.43,6,1500,20.4218,1500,13.5241,Waveform,77.25,-95.0045430597508
W50A000F,touch_1.7.0Beta1,6/11/2025 11:22:54,SSTDR,24,4,RG-58/U 50 ohm coax,0.66,None,Standard,0,0,24 MHz,105.762,6 MHz,12.43,6,1500,20.4218,1500,13.5241,Waveform,77.5,-133.093083313889
W50A000F,touch_1.7.0Beta1,6/11/2025 11:22:54,SSTDR,24,4,RG-58/U 50 ohm coax,0.66,None,Standard,0,0,24 MHz,105.762,6 MHz,12.43,6,1500,20.4218,1500,13.5241,Waveform,77.75,-143.73562498258
W50A000F,touch_1.7.0Beta1,6/11/2025 11:22:54,SSTDR,24,4,RG-58/U 50 ohm coax,0.66,None,Standard,0,0,24 MHz,105.762,6 MHz,12.43,6,1500,20.4218,1500,13.5241,Waveform,78,-117
W50A000F,touch_1.7.0Beta1,6/11/2025 11:22:54,SSTDR,24,4,RG-58/U 50 ohm coax,0.66,None,Standard,0,0,24 MHz,105.762,6 MHz,12.43,6,1500,20.4218,1500,13.5241,Waveform,78.25,-59.1709460198389
W50A000F,touch_1.7.0Beta1,6/11/2025 11:22:54,SSTDR,24,4,RG-58/U 50 ohm coax,0.66,None,Standard,0,0,24 MHz,105.762,6 MHz,12.43,6,1500,20.4218,1500,13.5241,Waveform,78.5,6.55001226375316
W50A000F,touch_1.7.0Beta1,6/11/2025 11:22:54,SSTDR,24,4,RG-58/U 50 ohm coax,0.66,None,Standard,0,0,24 MHz,105.762,6 MHz,12.43,6,1500,20.4218,1500,13.5241,Waveform,78.75,48.8638739627245
W50A000F,touch_1.7.0Beta1,6/11/2025 11:22:54,SSTDR,24,4,RG-58/U 50 ohm coax,0.66,None,Standard,0,0,24 MHz,105.762,6 MHz,12.43,6,1500,20.4218,1500,13.5241,Waveform,79,43.0000000000009
W50A000F,touch_1.7.0Beta1,6/11/2025 11:22:54,SSTDR,24,4,RG-58/U 50 ohm coax,0.66,None,Standard,0,0,24 MHz,105.762,6 MHz,12.43,6,1500,20.4218,1500,13.5241,Waveform,79.25,-16.1524821155399
W50A000F,touch_1.7.0Beta1,6/11/2025 11:22:54,SSTDR,24,4,RG-58/U 50 ohm coax,0.66,None,Standard,0,0,24 MHz,105.762,6 MHz,12.43,6,1500,20.4218,1500,13.5241,Waveform,79.5,-109.466017441583
W50A000F,touch_1.7.0Beta1,6/11/2025 11:22:54,SSTDR,24,4,RG-58/U 50 ohm coax,0.66,None,Standard,0,0,24 MHz,105.762,6 MHz,12.43,6,1500,20.4218,1500,13.5241,Waveform,79.75,-200.497778956491
W50A000F,touch_1.7.0Beta1,6/11/2025 11:22:54,SSTDR,24,4,RG-58/U 50 ohm coax,0.66,None,Standard,0,0,24 MHz,105.762,6 MHz,12.43,6,1500,20.4218,1500,13.5241,Waveform,80,-251
W50A000F,touch_1.7.0Beta1,6/11/2025 11:22:54,SSTDR,24,4,RG-58/U 50 ohm coax,0.66,None,Standard,0,0,24 MHz,105.762,6 MHz,12.43,6,1500,20.4218,1500,13.5241,Waveform,80.25,-237.616313029503
W50A000F,touch_1.7.0Beta1,6/11/2025 11:22:54,SSTDR,24,4,RG-58/U 50 ohm coax,0.66,None,Standard,0,0,24 MHz,105.762,6 MHz,12.43,6,1500,20.4218,1500,13.5241,Waveform,80.5,-161.687028635187
W50A000F,touch_1.7.0Beta1,6/11/2025 11:22:54,SSTDR,24,4,RG-58/U 50 ohm coax,0.66,None,Standard,0,0,24 MHz,105.762,6 MHz,12.43,6,1500,20.4218,1500,13.5241,Waveform,80.75,-47.6059450331647
W50A000F,touch_1.7.0Beta1,6/11/2025 11:22:54,SSTDR,24,4,RG-58/U 50 ohm coax,0.66,None,Standard,0,0,24 MHz,105.762,6 MHz,12.43,6,1500,20.4218,1500,13.5241,Waveform,81,68.999999999999
W50A000F,touch_1.7.0Beta1,6/11/2025 11:22:54,SSTDR,24,4,RG-58/U 50 ohm coax,0.66,None,Standard,0,0,24 MHz,105.762,6 MHz,12.43,6,1500,20.4218,1500,13.5241,Waveform,81.25,156.981013705581
W50A000F,touch_1.7.0Beta1,6/11/2025 11:22:54,SSTDR,24,4,RG-58/U 50 ohm coax,0.66,None,Standard,0,0,24 MHz,105.762,6 MHz,12.43,6,1500,20.4218,1500,13.5241,Waveform,81.5,201.41271621864
W50A000F,touch_1.7.0Beta1,6/11/2025 11:22:54,SSTDR,24,4,RG-58/U 50 ohm coax,0.66,None,Standard,0,0,24 MHz,105.762,6 MHz,12.43,6,1500,20.4218,1500,13.5241,Waveform,81.75,206.131050808213
W50A000F,touch_1.7.0Beta1,6/11/2025 11:22:54,SSTDR,24,4,RG-58/U 50 ohm coax,0.66,None,Standard,0,0,24 MHz,105.762,6 MHz,12.43,6,1500,20.4218,1500,13.5241,Waveform,82,187
W50A000F,touch_1.7.0Beta1,6/11/2025 11:22:54,SSTDR,24,4,RG-58/U 50 ohm coax,0.66,None,Standard,0,0,24 MHz,105.762,6 MHz,12.43,6,1500,20.4218,1500,13.5241,Waveform,82.25,160.717705586213
W50A000F,touch_1.7.0Beta1,6/11/2025 11:22:54,SSTDR,24,4,RG-58/U 50 ohm coax,0.66,None,Standard,0,0,24 MHz,105.762,6 MHz,12.43,6,1500,20.4218,1500,13.5241,Waveform,82.5,135.849754423985
W50A000F,touch_1.7.0Beta1,6/11/2025 11:22:54,SSTDR,24,4,RG-58/U 50 ohm coax,0.66,None,Standard,0,0,24 MHz,105.762,6 MHz,12.43,6,1500,20.4218,1500,13.5241,Waveform,82.75,110.808504584733
W50A000F,touch_1.7.0Beta1,6/11/2025 11:22:54,SSTDR,24,4,RG-58/U 50 ohm coax,0.66,None,Standard,0,0,24 MHz,105.762,6 MHz,12.43,6,1500,20.4218,1500,13.5241,Waveform,83,78.9999999999995
W50A000F,touch_1.7.0Beta1,6/11/2025 11:22:54,SSTDR,24,4,RG-58/U 50 ohm coax,0.66,None,Standard,0,0,24 MHz,105.762,6 MHz,12.43,6,1500,20.4218,1500,13.5241,Waveform,83.25,37.0453573826349
W50A000F,touch_1.7.0Beta1,6/11/2025 11:22:54,SSTDR,24,4,RG-58/U 50 ohm coax,0.66,None,Standard,0,0,24 MHz,105.762,6 MHz,12.43,6,1500,20.4218,1500,13.5241,Waveform,83.5,-9.64515016204002
W50A000F,touch_1.7.0Beta1,6/11/2025 11:22:54,SSTDR,24,4,RG-58/U 50 ohm coax,0.66,None,Standard,0,0,24 MHz,105.762,6 MHz,12.43,6,1500,20.4218,1500,13.5241,Waveform,83.75,-47.7538842394726
W50A000F,touch_1.7.0Beta1,6/11/2025 11:22:54,SSTDR,24,4,RG-58/U 50 ohm coax,0.66,None,Standard,0,0,24 MHz,105.762,6 MHz,12.43,6,1500,20.4218,1500,13.5241,Waveform,84,-62.999999999999
W50A000F,touch_1.7.0Beta1,6/11/2025 11:22:54,SSTDR,24,4,RG-58/U 50 ohm coax,0.66,None,Standard,0,0,24 MHz,105.762,6 MHz,12.43,6,1500,20.4218,1500,13.5241,Waveform,84.25,-48.8489414182747
W50A000F,touch_1.7.0Beta1,6/11/2025 11:22:54,SSTDR,24,4,RG-58/U 50 ohm coax,0.66,None,Standard,0,0,24 MHz,105.762,6 MHz,12.43,6,1500,20.4218,1500,13.5241,Waveform,84.5,-11.4591497339847
W50A000F,touch_1.7.0Beta1,6/11/2025 11:22:54,SSTDR,24,4,RG-58/U 50 ohm coax,0.66,None,Standard,0,0,24 MHz,105.762,6 MHz,12.43,6,1500,20.4218,1500,13.5241,Waveform,84.75,32.471145735132
W50A000F,touch_1.7.0Beta1,6/11/2025 11:22:54,SSTDR,24,4,RG-58/U 50 ohm coax,0.66,None,Standard,0,0,24 MHz,105.762,6 MHz,12.43,6,1500,20.4218,1500,13.5241,Waveform,85,64
W50A000F,touch_1.7.0Beta1,6/11/2025 11:22:54,SSTDR,24,4,RG-58/U 50 ohm coax,0.66,None,Standard,0,0,24 MHz,105.762,6 MHz,12.43,6,1500,20.4218,1500,13.5241,Waveform,85.25,71.6286636262001
W50A000F,touch_1.7.0Beta1,6/11/2025 11:22:54,SSTDR,24,4,RG-58/U 50 ohm coax,0.66,None,Standard,0,0,24 MHz,105.762,6 MHz,12.43,6,1500,20.4218,1500,13.5241,Waveform,85.5,56.6623462177917
W50A000F,touch_1.7.0Beta1,6/11/2025 11:22:54,SSTDR,24,4,RG-58/U 50 ohm coax,0.66,None,Standard,0,0,24 MHz,105.762,6 MHz,12.43,6,1500,20.4218,1500,13.5241,Waveform,85.75,31.0434762890914
W50A000F,touch_1.7.0Beta1,6/11/2025 11:22:54,SSTDR,24,4,RG-58/U 50 ohm coax,0.66,None,Standard,0,0,24 MHz,105.762,6 MHz,12.43,6,1500,20.4218,1500,13.5241,Waveform,86,9
W50A000F,touch_1.7.0Beta1,6/11/2025 11:22:54,SSTDR,24,4,RG-58/U 50 ohm coax,0.66,None,Standard,0,0,24 MHz,105.762,6 MHz,12.43,6,1500,20.4218,1500,13.5241,Waveform,86.25,-2.30151230619231
W50A000F,touch_1.7.0Beta1,6/11/2025 11:22:54,SSTDR,24,4,RG-58/U 50 ohm coax,0.66,None,Standard,0,0,24 MHz,105.762,6 MHz,12.43,6,1500,20.4218,1500,13.5241,Waveform,86.5,-7.14252489847214
W50A000F,touch_1.7.0Beta1,6/11/2025 11:22:54,SSTDR,24,4,RG-58/U 50 ohm coax,0.66,None,Standard,0,0,24 MHz,105.762,6 MHz,12.43,6,1500,20.4218,1500,13.5241,Waveform,86.75,-17.6326024550464
W50A000F,touch_1.7.0Beta1,6/11/2025 11:22:54,SSTDR,24,4,RG-58/U 50 ohm coax,0.66,None,Standard,0,0,24 MHz,105.762,6 MHz,12.43,6,1500,20.4218,1500,13.5241,Waveform,87,-44.0000000000005
W50A000F,touch_1.7.0Beta1,6/11/2025 11:22:54,SSTDR,24,4,RG-58/U 50 ohm coax,0.66,None,Standard,0,0,24 MHz,105.762,6 MHz,12.43,6,1500,20.4218,1500,13.5241,Waveform,87.25,-84.7831685614048
W50A000F,touch_1.7.0Beta1,6/11/2025 11:22:54,SSTDR,24,4,RG-58/U 50 ohm coax,0.66,None,Standard,0,0,24 MHz,105.762,6 MHz,12.43,6,1500,20.4218,1500,13.5241,Waveform,87.5,-123.541398937631
W50A000F,touch_1.7.0Beta1,6/11/2025 11:22:54,SSTDR,24,4,RG-58/U 50 ohm coax,0.66,None,Standard,0,0,24 MHz,105.762,6 MHz,12.43,6,1500,20.4218,1500,13.5241,Waveform,87.75,-135.269877457081
W50A000F,touch_1.7.0Beta1,6/11/2025 11:22:54,SSTDR,24,4,RG-58/U 50 ohm coax,0.66,None,Standard,0,0,24 MHz,105.762,6 MHz,12.43,6,1500,20.4218,1500,13.5241,Waveform,88,-99.9999999999982
W50A000F,touch_1.7.0Beta1,6/11/2025 11:22:54,SSTDR,24,4,RG-58/U 50 ohm coax,0.66,None,Standard,0,0,24 MHz,105.762,6 MHz,12.43,6,1500,20.4218,1500,13.5241,Waveform,88.25,-16.3472819386978
W50A000F,touch_1.7.0Beta1,6/11/2025 11:22:54,SSTDR,24,4,RG-58/U 50 ohm coax,0.66,None,Standard,0,0,24 MHz,105.762,6 MHz,12.43,6,1500,20.4218,1500,13.5241,Waveform,88.5,93.0814000240285
W50A000F,touch_1.7.0Beta1,6/11/2025 11:22:54,SSTDR,24,4,RG-58/U 50 ohm coax,0.66,None,Standard,0,0,24 MHz,105.762,6 MHz,12.43,6,1500,20.4218,1500,13.5241,Waveform,88.75,188.695206016168
W50A000F,touch_1.7.0Beta1,6/11/2025 11:22:54,SSTDR,24,4,RG-58/U 50 ohm coax,0.66,None,Standard,0,0,24 MHz,105.762,6 MHz,12.43,6,1500,20.4218,1500,13.5241,Waveform,89,231
W50A000F,touch_1.7.0Beta1,6/11/2025 11:22:54,SSTDR,24,4,RG-58/U 50 ohm coax,0.66,None,Standard,0,0,24 MHz,105.762,6 MHz,12.43,6,1500,20.4218,1500,13.5241,Waveform,89.25,199.582625380009
W50A000F,touch_1.7.0Beta1,6/11/2025 11:22:54,SSTDR,24,4,RG-58/U 50 ohm coax,0.66,None,Standard,0,0,24 MHz,105.762,6 MHz,12.43,6,1500,20.4218,1500,13.5241,Waveform,89.5,104.131537164884
W50A000F,touch_1.7.0Beta1,6/11/2025 11:22:54,SSTDR,24,4,RG-58/U 50 ohm coax,0.66,None,Standard,0,0,24 MHz,105.762,6 MHz,12.43,6,1500,20.4218,1500,13.5241,Waveform,89.75,-18.7530353304974
W50A000F,touch_1.7.0Beta1,6/11/2025 11:22:54,SSTDR,24,4,RG-58/U 50 ohm coax,0.66,None,Standard,0,0,24 MHz,105.762,6 MHz,12.43,6,1500,20.4218,1500,13.5241,Waveform,90,-122.000000000001
W50A000F,touch_1.7.0Beta1,6/11/2025 11:22:54,SSTDR,24,4,RG-58/U 50 ohm coax,0.66,None,Standard,0,0,24 MHz,105.762,6 MHz,12.43,6,1500,20.4218,1500,13.5241,Waveform,90.25,-169.802965455487
W50A000F,touch_1.7.0Beta1,6/11/2025 11:22:54,SSTDR,24,4,RG-58/U 50 ohm coax,0.66,None,Standard,0,0,24 MHz,105.762,6 MHz,12.43,6,1500,20.4218,1500,13.5241,Waveform,90.5,-153.720927902728
W50A000F,touch_1.7.0Beta1,6/11/2025 11:22:54,SSTDR,24,4,RG-58/U 50 ohm coax,0.66,None,Standard,0,0,24 MHz,105.762,6 MHz,12.43,6,1500,20.4218,1500,13.5241,Waveform,90.75,-94.9859815749144
W50A000F,touch_1.7.0Beta1,6/11/2025 11:22:54,SSTDR,24,4,RG-58/U 50 ohm coax,0.66,None,Standard,0,0,24 MHz,105.762,6 MHz,12.43,6,1500,20.4218,1500,13.5241,Waveform,91,-32.0000000000006
W50A000F,touch_1.7.0Beta1,6/11/2025 11:22:54,SSTDR,24,4,RG-58/U 50 ohm coax,0.66,None,Standard,0,0,24 MHz,105.762,6 MHz,12.43,6,1500,20.4218,1500,13.5241,Waveform,91.25,0.268539975419831
W50A000F,touch_1.7.0Beta1,6/11/2025 11:22:54,SSTDR,24,4,RG-58/U 50 ohm coax,0.66,None,Standard,0,0,24 MHz,105.762,6 MHz,12.43,6,1500,20.4218,1500,13.5241,Waveform,91.5,-11.8935421765632
W50A000F,touch_1.7.0Beta1,6/11/2025 11:22:54,SSTDR,24,4,RG-58/U 50 ohm coax,0.66,None,Standard,0,0,24 MHz,105.762,6 MHz,12.43,6,1500,20.4218,1500,13.5241,Waveform,91.75,-55.1450295874846
W50A000F,touch_1.7.0Beta1,6/11/2025 11:22:54,SSTDR,24,4,RG-58/U 50 ohm coax,0.66,None,Standard,0,0,24 MHz,105.762,6 MHz,12.43,6,1500,20.4218,1500,13.5241,Waveform,92,-98.0000000000006
W50A000F,touch_1.7.0Beta1,6/11/2025 11:22:54,SSTDR,24,4,RG-58/U 50 ohm coax,0.66,None,Standard,0,0,24 MHz,105.762,6 MHz,12.43,6,1500,20.4218,1500,13.5241,Waveform,92.25,-109.223341393595
W50A000F,touch_1.7.0Beta1,6/11/2025 11:22:54,SSTDR,24,4,RG-58/U 50 ohm coax,0.66,None,Standard,0,0,24 MHz,105.762,6 MHz,12.43,6,1500,20.4218,1500,13.5241,Waveform,92.5,-75.5126862968082
W50A000F,touch_1.7.0Beta1,6/11/2025 11:22:54,SSTDR,24,4,RG-58/U 50 ohm coax,0.66,None,Standard,0,0,24 MHz,105.762,6 MHz,12.43,6,1500,20.4218,1500,13.5241,Waveform,92.75,-8.88637473022766
W50A000F,touch_1.7.0Beta1,6/11/2025 11:22:54,SSTDR,24,4,RG-58/U 50 ohm coax,0.66,None,Standard,0,0,24 MHz,105.762,6 MHz,12.43,6,1500,20.4218,1500,13.5241,Waveform,93,59.9999999999998
W50A000F,touch_1.7.0Beta1,6/11/2025 11:22:54,SSTDR,24,4,RG-58/U 50 ohm coax,0.66,None,Standard,0,0,24 MHz,105.762,6 MHz,12.43,6,1500,20.4218,1500,13.5241,Waveform,93.25,98.6389429928287
W50A000F,touch_1.7.0Beta1,6/11/2025 11:22:54,SSTDR,24,4,RG-58/U 50 ohm coax,0.66,None,Standard,0,0,24 MHz,105.762,6 MHz,12.43,6,1500,20.4218,1500,13.5241,Waveform,93.5,90.1623539260304
W50A000F,touch_1.7.0Beta1,6/11/2025 11:22:54,SSTDR,24,4,RG-58/U 50 ohm coax,0.66,None,Standard,0,0,24 MHz,105.762,6 MHz,12.43,6,1500,20.4218,1500,13.5241,Waveform,93.75,41.9693358290582
W50A000F,touch_1.7.0Beta1,6/11/2025 11:22:54,SSTDR,24,4,RG-58/U 50 ohm coax,0.66,None,Standard,0,0,24 MHz,105.762,6 MHz,12.43,6,1500,20.4218,1500,13.5241,Waveform,94,-18.9999999999993
W50A000F,touch_1.7.0Beta1,6/11/2025 11:22:54,SSTDR,24,4,RG-58/U 50 ohm coax,0.66,None,Standard,0,0,24 MHz,105.762,6 MHz,12.43,6,1500,20.4218,1500,13.5241,Waveform,94.25,-61.3996196363178
W50A000F,touch_1.7.0Beta1,6/11/2025 11:22:54,SSTDR,24,4,RG-58/U 50 ohm coax,0.66,None,Standard,0,0,24 MHz,105.762,6 MHz,12.43,6,1500,20.4218,1500,13.5241,Waveform,94.5,-66.4327221889297
W50A000F,touch_1.7.0Beta1,6/11/2025 11:22:54,SSTDR,24,4,RG-58/U 50 ohm coax,0.66,None,Standard,0,0,24 MHz,105.762,6 MHz,12.43,6,1500,20.4218,1500,13.5241,Waveform,94.75,-37.2696744262388
W50A000F,touch_1.7.0Beta1,6/11/2025 11:22:54,SSTDR,24,4,RG-58/U 50 ohm coax,0.66,None,Standard,0,0,24 MHz,105.762,6 MHz,12.43,6,1500,20.4218,1500,13.5241,Waveform,95,3.99999999999896
W50A000F,touch_1.7.0Beta1,6/11/2025 11:22:54,SSTDR,24,4,RG-58/U 50 ohm coax,0.66,None,Standard,0,0,24 MHz,105.762,6 MHz,12.43,6,1500,20.4218,1500,13.5241,Waveform,95.25,29.7589991649927
W50A000F,touch_1.7.0Beta1,6/11/2025 11:22:54,SSTDR,24,4,RG-58/U 50 ohm coax,0.66,None,Standard,0,0,24 MHz,105.762,6 MHz,12.43,6,1500,20.4218,1500,13.5241,Waveform,95.5,22.7866138806268
W50A000F,touch_1.7.0Beta1,6/11/2025 11:22:54,SSTDR,24,4,RG-58/U 50 ohm coax,0.66,None,Standard,0,0,24 MHz,105.762,6 MHz,12.43,6,1500,20.4218,1500,13.5241,Waveform,95.75,-14.2729506583372
W50A000F,touch_1.7.0Beta1,6/11/2025 11:22:54,SSTDR,24,4,RG-58/U 50 ohm coax,0.66,None,Standard,0,0,24 MHz,105.762,6 MHz,12.43,6,1500,20.4218,1500,13.5241,Waveform,96,-60.9999999999997
W50A000F,touch_1.7.0Beta1,6/11/2025 11:22:54,SSTDR,24,4,RG-58/U 50 ohm coax,0.66,None,Standard,0,0,24 MHz,105.762,6 MHz,12.43,6,1500,20.4218,1500,13.5241,Waveform,96.25,-91.2946777465989
W50A000F,touch_1.7.0Beta1,6/11/2025 11:22:54,SSTDR,24,4,RG-58/U 50 ohm coax,0.66,None,Standard,0,0,24 MHz,105.762,6 MHz,12.43,6,1500,20.4218,1500,13.5241,Waveform,96.5,-88.3189735215211
W50A000F,touch_1.7.0Beta1,6/11/2025 11:22:54,SSTDR,24,4,RG-58/U 50 ohm coax,0.66,None,Standard,0,0,24 MHz,105.762,6 MHz,12.43,6,1500,20.4218,1500,13.5241,Waveform,96.75,-53.7123417938877
W50A000F,touch_1.7.0Beta1,6/11/2025 11:22:54,SSTDR,24,4,RG-58/U 50 ohm coax,0.66,None,Standard,0,0,24 MHz,105.762,6 MHz,12.43,6,1500,20.4218,1500,13.5241,Waveform,97,-5.99999999999896
W50A000F,touch_1.7.0Beta1,6/11/2025 11:22:54,SSTDR,24,4,RG-58/U 50 ohm coax,0.66,None,Standard,0,0,24 MHz,105.762,6 MHz,12.43,6,1500,20.4218,1500,13.5241,Waveform,97.25,30.5765146926216
W50A000F,touch_1.7.0Beta1,6/11/2025 11:22:54,SSTDR,24,4,RG-58/U 50 ohm coax,0.66,None,Standard,0,0,24 MHz,105.762,6 MHz,12.43,6,1500,20.4218,1500,13.5241,Waveform,97.5,40.105793437024
W50A000F,touch_1.7.0Beta1,6/11/2025 11:22:54,SSTDR,24,4,RG-58/U 50 ohm coax,0.66,None,Standard,0,0,24 MHz,105.762,6 MHz,12.43,6,1500,20.4218,1500,13.5241,Waveform,97.75,23.7175473225387
W50A000F,touch_1.7.0Beta1,6/11/2025 11:22:54,SSTDR,24,4,RG-58/U 50 ohm coax,0.66,None,Standard,0,0,24 MHz,105.762,6 MHz,12.43,6,1500,20.4218,1500,13.5241,Waveform,98,-2.00000000000026
W50A000F,touch_1.7.0Beta1,6/11/2025 11:22:54,SSTDR,24,4,RG-58/U 50 ohm coax,0.66,None,Standard,0,0,24 MHz,105.762,6 MHz,12.43,6,1500,20.4218,1500,13.5241,Waveform,98.25,-15.7551391854213
W50A000F,touch_1.7.0Beta1,6/11/2025 11:22:54,SSTDR,24,4,RG-58/U 50 ohm coax,0.66,None,Standard,0,0,24 MHz,105.762,6 MHz,12.43,6,1500,20.4218,1500,13.5241,Waveform,98.5,-5.00018636279401
W50A000F,touch_1.7.0Beta1,6/11/2025 11:22:54,SSTDR,24,4,RG-58/U 50 ohm coax,0.66,None,Standard,0,0,24 MHz,105.762,6 MHz,12.43,6,1500,20.4218,1500,13.5241,Waveform,98.75,25.9495019062272
W50A000F,touch_1.7.0Beta1,6/11/2025 11:22:54,SSTDR,24,4,RG-58/U 50 ohm coax,0.66,None,Standard,0,0,24 MHz,105.762,6 MHz,12.43,6,1500,20.4218,1500,13.5241,Waveform,99,58.0000000000008
W50A000F,touch_1.7.0Beta1,6/11/2025 11:22:54,SSTDR,24,4,RG-58/U 50 ohm coax,0.66,None,Standard,0,0,24 MHz,105.762,6 MHz,12.43,6,1500,20.4218,1500,13.5241,Waveform,99.25,68.4538153303242
W50A000F,touch_1.7.0Beta1,6/11/2025 11:22:54,SSTDR,24,4,RG-58/U 50 ohm coax,0.66,None,Standard,0,0,24 MHz,105.762,6 MHz,12.43,6,1500,20.4218,1500,13.5241,Waveform,99.5,44.8137325178093
W50A000F,touch_1.7.0Beta1,6/11/2025 11:22:54,SSTDR,24,4,RG-58/U 50 ohm coax,0.66,None,Standard,0,0,24 MHz,105.762,6 MHz,12.43,6,1500,20.4218,1500,13.5241,Waveform,99.75,-6.85397603653915
W50A000F,touch_1.7.0Beta1,6/11/2025 11:22:54,SSTDR,24,4,RG-58/U 50 ohm coax,0.66,None,Standard,0,0,24 MHz,105.762,6 MHz,12.43,6,1500,20.4218,1500,13.5241,Waveform,100,-64.0000000000009
W50A000F,touch_1.7.0Beta1,6/11/2025 11:22:54,SSTDR,24,4,RG-58/U 50 ohm coax,0.66,None,Standard,0,0,24 MHz,105.762,6 MHz,12.43,6,1500,20.4218,1500,13.5241,Waveform,100.25,-99.1466754442564
W50A000F,touch_1.7.0Beta1,6/11/2025 11:22:54,SSTDR,24,4,RG-58/U 50 ohm coax,0.66,None,Standard,0,0,24 MHz,105.762,6 MHz,12.43,6,1500,20.4218,1500,13.5241,Waveform,100.5,-94.512378177854
W50A000F,touch_1.7.0Beta1,6/11/2025 11:22:54,SSTDR,24,4,RG-58/U 50 ohm coax,0.66,None,Standard,0,0,24 MHz,105.762,6 MHz,12.43,6,1500,20.4218,1500,13.5241,Waveform,100.75,-51.5314572854924
W50A000F,touch_1.7.0Beta1,6/11/2025 11:22:54,SSTDR,24,4,RG-58/U 50 ohm coax,0.66,None,Standard,0,0,24 MHz,105.762,6 MHz,12.43,6,1500,20.4218,1500,13.5241,Waveform,101,9.99999999999993
W50A000F,touch_1.7.0Beta1,6/11/2025 11:22:54,SSTDR,24,4,RG-58/U 50 ohm coax,0.66,None,Standard,0,0,24 MHz,105.762,6 MHz,12.43,6,1500,20.4218,1500,13.5241,Waveform,101.25,62.5313016170542
W50A000F,touch_1.7.0Beta1,6/11/2025 11:22:54,SSTDR,24,4,RG-58/U 50 ohm coax,0.66,None,Standard,0,0,24 MHz,105.762,6 MHz,12.43,6,1500,20.4218,1500,13.5241,Waveform,101.5,85.0199506233794
W50A000F,touch_1.7.0Beta1,6/11/2025 11:22:54,SSTDR,24,4,RG-58/U 50 ohm coax,0.66,None,Standard,0,0,24 MHz,105.762,6 MHz,12.43,6,1500,20.4218,1500,13.5241,Waveform,101.75,72.835696953842
W50A000F,touch_1.7.0Beta1,6/11/2025 11:22:54,SSTDR,24,4,RG-58/U 50 ohm coax,0.66,None,Standard,0,0,24 MHz,105.762,6 MHz,12.43,6,1500,20.4218,1500,13.5241,Waveform,102,37.9999999999996
W50A000F,touch_1.7.0Beta1,6/11/2025 11:22:54,SSTDR,24,4,RG-58/U 50 ohm coax,0.66,None,Standard,0,0,24 MHz,105.762,6 MHz,12.43,6,1500,20.4218,1500,13.5241,Waveform,102.25,0.167895845726889
W50A000F,touch_1.7.0Beta1,6/11/2025 11:22:54,SSTDR,24,4,RG-58/U 50 ohm coax,0.66,None,Standard,0,0,24 MHz,105.762,6 MHz,12.43,6,1500,20.4218,1500,13.5241,Waveform,102.5,-25.8821878345043
W50A000F,touch_1.7.0Beta1,6/11/2025 11:22:54,SSTDR,24,4,RG-58/U 50 ohm coax,0.66,None,Standard,0,0,24 MHz,105.762,6 MHz,12.43,6,1500,20.4218,1500,13.5241,Waveform,102.75,-38.6132820684821
W50A000F,touch_1.7.0Beta1,6/11/2025 11:22:54,SSTDR,24,4,RG-58/U 50 ohm coax,0.66,None,Standard,0,0,24 MHz,105.762,6 MHz,12.43,6,1500,20.4218,1500,13.5241,Waveform,103,-49.0000000000018
W50A000F,touch_1.7.0Beta1,6/11/2025 11:22:54,SSTDR,24,4,RG-58/U 50 ohm coax,0.66,None,Standard,0,0,24 MHz,105.762,6 MHz,12.43,6,1500,20.4218,1500,13.5241,Waveform,103.25,-71.3841129271958
W50A000F,touch_1.7.0Beta1,6/11/2025 11:22:54,SSTDR,24,4,RG-58/U 50 ohm coax,0.66,None,Standard,0,0,24 MHz,105.762,6 MHz,12.43,6,1500,20.4218,1500,13.5241,Waveform,103.5,-111.802323214302
W50A000F,touch_1.7.0Beta1,6/11/2025 11:22:54,SSTDR,24,4,RG-58/U 50 ohm coax,0.66,None,Standard,0,0,24 MHz,105.762,6 MHz,12.43,6,1500,20.4218,1500,13.5241,Waveform,103.75,-161.324722332428
W50A000F,touch_1.7.0Beta1,6/11/2025 11:22:54,SSTDR,24,4,RG-58/U 50 ohm coax,0.66,None,Standard,0,0,24 MHz,105.762,6 MHz,12.43,6,1500,20.4218,1500,13.5241,Waveform,104,-198.999999999999
W50A000F,touch_1.7.0Beta1,6/11/2025 11:22:54,SSTDR,24,4,RG-58/U 50 ohm coax,0.66,None,Standard,0,0,24 MHz,105.762,6 MHz,12.43,6,1500,20.4218,1500,13.5241,Waveform,104.25,-203.164615709653
W50A000F,touch_1.7.0Beta1,6/11/2025 11:22:54,SSTDR,24,4,RG-58/U 50 ohm coax,0.66,None,Standard,0,0,24 MHz,105.762,6 MHz,12.43,6,1500,20.4218,1500,13.5241,Waveform,104.5,-164.606052282087
W50A000F,touch_1.7.0Beta1,6/11/2025 11:22:54,SSTDR,24,4,RG-58/U 50 ohm coax,0.66,None,Standard,0,0,24 MHz,105.762,6 MHz,12.43,6,1500,20.4218,1500,13.5241,Waveform,104.75,-93.5806957051484
W50A000F,touch_1.7.0Beta1,6/11/2025 11:22:54,SSTDR,24,4,RG-58/U 50 ohm coax,0.66,None,Standard,0,0,24 MHz,105.762,6 MHz,12.43,6,1500,20.4218,1500,13.5241,Waveform,105,-16
W50A000F,touch_1.7.0Beta1,6/11/2025 11:22:54,SSTDR,24,4,RG-58/U 50 ohm coax,0.66,None,Standard,0,0,24 MHz,105.762,6 MHz,12.43,6,1500,20.4218,1500,13.5241,Waveform,105.25,39.6089566142743
W50A000F,touch_1.7.0Beta1,6/11/2025 11:22:54,SSTDR,24,4,RG-58/U 50 ohm coax,0.66,None,Standard,0,0,24 MHz,105.762,6 MHz,12.43,6,1500,20.4218,1500,13.5241,Waveform,105.5,57.1574157850311
W50A000F,touch_1.7.0Beta1,6/11/2025 11:22:54,SSTDR,24,4,RG-58/U 50 ohm coax,0.66,None,Standard,0,0,24 MHz,105.762,6 MHz,12.43,6,1500,20.4218,1500,13.5241,Waveform,105.75,41.3191278899529
W50A000F,touch_1.7.0Beta1,6/11/2025 11:22:54,SSTDR,24,4,RG-58/U 50 ohm coax,0.66,None,Standard,0,0,24 MHz,105.762,6 MHz,12.43,6,1500,20.4218,1500,13.5241,Waveform,106,13.9999999999995
W50A000F,touch_1.7.0Beta1,6/11/2025 11:22:54,SSTDR,24,4,RG-58/U 50 ohm coax,0.66,None,Standard,0,0,24 MHz,105.762,6 MHz,12.43,6,1500,20.4218,1500,13.5241,Waveform,106.25,0.656294370694533
W50A000F,touch_1.7.0Beta1,6/11/2025 11:22:54,SSTDR,24,4,RG-58/U 50 ohm coax,0.66,None,Standard,0,0,24 MHz,105.762,6 MHz,12.43,6,1500,20.4218,1500,13.5241,Waveform,106.5,14.2744404284449
W50A000F,touch_1.7.0Beta1,6/11/2025 11:22:54,SSTDR,24,4,RG-58/U 50 ohm coax,0.66,None,Standard,0,0,24 MHz,105.762,6 MHz,12.43,6,1500,20.4218,1500,13.5241,Waveform,106.75,46.557883845679
W50A000F,touch_1.7.0Beta1,6/11/2025 11:22:54,SSTDR,24,4,RG-58/U 50 ohm coax,0.66,None,Standard,0,0,24 MHz,105.762,6 MHz,12.43,6,1500,20.4218,1500,13.5241,Waveform,107,72.0000000000006
W50A000F,touch_1.7.0Beta1,6/11/2025 11:22:54,SSTDR,24,4,RG-58/U 50 ohm coax,0.66,None,Standard,0,0,24 MHz,105.762,6 MHz,12.43,6,1500,20.4218,1500,13.5241,Waveform,107.25,63.091628194422
W50A000F,touch_1.7.0Beta1,6/11/2025 11:22:54,SSTDR,24,4,RG-58/U 50 ohm coax,0.66,None,Standard,0,0,24 MHz,105.762,6 MHz,12.43,6,1500,20.4218,1500,13.5241,Waveform,107.5,8.1436125702056
W50A000F,touch_1.7.0Beta1,6/11/2025 11:22:54,SSTDR,24,4,RG-58/U 50 ohm coax,0.66,None,Standard,0,0,24 MHz,105.762,6 MHz,12.43,6,1500,20.4218,1500,13.5241,Waveform,107.75,-78.8735895482912
W50A000F,touch_1.7.0Beta1,6/11/2025 11:22:54,SSTDR,24,4,RG-58/U 50 ohm coax,0.66,None,Standard,0,0,24 MHz,105.762,6 MHz,12.43,6,1500,20.4218,1500,13.5241,Waveform,108,-163
W50A000F,touch_1.7.0Beta1,6/11/2025 11:22:54,SSTDR,24,4,RG-58/U 50 ohm coax,0.66,None,Standard,0,0,24 MHz,105.762,6 MHz,12.43,6,1500,20.4218,1500,13.5241,Waveform,108.25,-205.845453409559
W50A000F,touch_1.7.0Beta1,6/11/2025 11:22:54,SSTDR,24,4,RG-58/U 50 ohm coax,0.66,None,Standard,0,0,24 MHz,105.762,6 MHz,12.43,6,1500,20.4218,1500,13.5241,Waveform,108.5,-186.747109220531
W50A000F,touch_1.7.0Beta1,6/11/2025 11:22:54,SSTDR,24,4,RG-58/U 50 ohm coax,0.66,None,Standard,0,0,24 MHz,105.762,6 MHz,12.43,6,1500,20.4218,1500,13.5241,Waveform,108.75,-115.533666135908
W50A000F,touch_1.7.0Beta1,6/11/2025 11:22:54,SSTDR,24,4,RG-58/U 50 ohm coax,0.66,None,Standard,0,0,24 MHz,105.762,6 MHz,12.43,6,1500,20.4218,1500,13.5241,Waveform,109,-29.0000000000027
W50A000F,touch_1.7.0Beta1,6/11/2025 11:22:54,SSTDR,24,4,RG-58/U 50 ohm coax,0.66,None,Standard,0,0,24 MHz,105.762,6 MHz,12.43,6,1500,20.4218,1500,13.5241,Waveform,109.25,27.9296098150774
W50A000F,touch_1.7.0Beta1,6/11/2025 11:22:54,SSTDR,24,4,RG-58/U 50 ohm coax,0.66,None,Standard,0,0,24 MHz,105.762,6 MHz,12.43,6,1500,20.4218,1500,13.5241,Waveform,109.5,26.5815830458506
W50A000F,touch_1.7.0Beta1,6/11/2025 11:22:54,SSTDR,24,4,RG-58/U 50 ohm coax,0.66,None,Standard,0,0,24 MHz,105.762,6 MHz,12.43,6,1500,20.4218,1500,13.5241,Waveform,109.75,-28.9789289898483
W50A000F,touch_1.7.0Beta1,6/11/2025 11:22:54,SSTDR,24,4,RG-58/U 50 ohm coax,0.66,None,Standard,0,0,24 MHz,105.762,6 MHz,12.43,6,1500,20.4218,1500,13.5241,Waveform,110,-103
W50A000F,touch_1.7.0Beta1,6/11/2025 11:22:54,SSTDR,24,4,RG-58/U 50 ohm coax,0.66,None,Standard,0,0,24 MHz,105.762,6 MHz,12.43,6,1500,20.4218,1500,13.5241,Waveform,110.25,-146.858514187475
W50A000F,touch_1.7.0Beta1,6/11/2025 11:22:54,SSTDR,24,4,RG-58/U 50 ohm coax,0.66,None,Standard,0,0,24 MHz,105.762,6 MHz,12.43,6,1500,20.4218,1500,13.5241,Waveform,110.5,-125.899802394261
W50A000F,touch_1.7.0Beta1,6/11/2025 11:22:54,SSTDR,24,4,RG-58/U 50 ohm coax,0.66,None,Standard,0,0,24 MHz,105.762,6 MHz,12.43,6,1500,20.4218,1500,13.5241,Waveform,110.75,-39.6657079729799
W50A000F,touch_1.7.0Beta1,6/11/2025 11:22:54,SSTDR,24,4,RG-58/U 50 ohm coax,0.66,None,Standard,0,0,24 MHz,105.762,6 MHz,12.43,6,1500,20.4218,1500,13.5241,Waveform,111,75.9999999999992
W50A000F,touch_1.7.0Beta1,6/11/2025 11:22:54,SSTDR,24,4,RG-58/U 50 ohm coax,0.66,None,Standard,0,0,24 MHz,105.762,6 MHz,12.43,6,1500,20.4218,1500,13.5241,Waveform,111.25,166.800467291178
W50A000F,touch_1.7.0Beta1,6/11/2025 11:22:54,SSTDR,24,4,RG-58/U 50 ohm coax,0.66,None,Standard,0,0,24 MHz,105.762,6 MHz,12.43,6,1500,20.4218,1500,13.5241,Waveform,111.5,188.593386689285
W50A000F,touch_1.7.0Beta1,6/11/2025 11:22:54,SSTDR,24,4,RG-58/U 50 ohm coax,0.66,None,Standard,0,0,24 MHz,105.762,6 MHz,12.43,6,1500,20.4218,1500,13.5241,Waveform,111.75,131.320632797919
W50A000F,touch_1.7.0Beta1,6/11/2025 11:22:54,SSTDR,24,4,RG-58/U 50 ohm coax,0.66,None,Standard,0,0,24 MHz,105.762,6 MHz,12.43,6,1500,20.4218,1500,13.5241,Waveform,112,24.9999999999996
W50A000F,touch_1.7.0Beta1,6/11/2025 11:22:54,SSTDR,24,4,RG-58/U 50 ohm coax,0.66,None,Standard,0,0,24 MHz,105.762,6 MHz,12.43,6,1500,20.4218,1500,13.5241,Waveform,112.25,-75.8723759194063
W50A000F,touch_1.7.0Beta1,6/11/2025 11:22:54,SSTDR,24,4,RG-58/U 50 ohm coax,0.66,None,Standard,0,0,24 MHz,105.762,6 MHz,12.43,6,1500,20.4218,1500,13.5241,Waveform,112.5,-121.300562493862
W50A000F,touch_1.7.0Beta1,6/11/2025 11:22:54,SSTDR,24,4,RG-58/U 50 ohm coax,0.66,None,Standard,0,0,24 MHz,105.762,6 MHz,12.43,6,1500,20.4218,1500,13.5241,Waveform,112.75,-92.402134537537
W50A000F,touch_1.7.0Beta1,6/11/2025 11:22:54,SSTDR,24,4,RG-58/U 50 ohm coax,0.66,None,Standard,0,0,24 MHz,105.762,3 MHz,12.2,6,1250,-1,1250,26.5277,Calibration,1,-12
W50A000F,touch_1.7.0Beta1,6/11/2025 11:22:54,SSTDR,24,4,RG-58/U 50 ohm coax,0.66,None,Standard,0,0,24 MHz,105.762,3 MHz,12.2,6,1250,-1,1250,26.5277,Calibration,2,21
W50A000F,touch_1.7.0Beta1,6/11/2025 11:22:54,SSTDR,24,4,RG-58/U 50 ohm coax,0.66,None,Standard,0,0,24 MHz,105.762,3 MHz,12.2,6,1250,-1,1250,26.5277,Calibration,3,13
W50A000F,touch_1.7.0Beta1,6/11/2025 11:22:54,SSTDR,24,4,RG-58/U 50 ohm coax,0.66,None,Standard,0,0,24 MHz,105.762,3 MHz,12.2,6,1250,-1,1250,26.5277,Calibration,4,-5
W50A000F,touch_1.7.0Beta1,6/11/2025 11:22:54,SSTDR,24,4,RG-58/U 50 ohm coax,0.66,None,Standard,0,0,24 MHz,105.762,3 MHz,12.2,6,1250,-1,1250,26.5277,Calibration,5,119
W50A000F,touch_1.7.0Beta1,6/11/2025 11:22:54,SSTDR,24,4,RG-58/U 50 ohm coax,0.66,None,Standard,0,0,24 MHz,105.762,3 MHz,12.2,6,1250,-1,1250,26.5277,Calibration,6,129
W50A000F,touch_1.7.0Beta1,6/11/2025 11:22:54,SSTDR,24,4,RG-58/U 50 ohm coax,0.66,None,Standard,0,0,24 MHz,105.762,3 MHz,12.2,6,1250,-1,1250,26.5277,Calibration,7,-124
W50A000F,touch_1.7.0Beta1,6/11/2025 11:22:54,SSTDR,24,4,RG-58/U 50 ohm coax,0.66,None,Standard,0,0,24 MHz,105.762,3 MHz,12.2,6,1250,-1,1250,26.5277,Calibration,8,89
W50A000F,touch_1.7.0Beta1,6/11/2025 11:22:54,SSTDR,24,4,RG-58/U 50 ohm coax,0.66,None,Standard,0,0,24 MHz,105.762,3 MHz,12.2,6,1250,-1,1250,26.5277,Calibration,9,93
W50A000F,touch_1.7.0Beta1,6/11/2025 11:22:54,SSTDR,24,4,RG-58/U 50 ohm coax,0.66,None,Standard,0,0,24 MHz,105.762,3 MHz,12.2,6,1250,-1,1250,26.5277,Calibration,10,-12785
W50A000F,touch_1.7.0Beta1,6/11/2025 11:22:54,SSTDR,24,4,RG-58/U 50 ohm coax,0.66,None,Standard,0,0,24 MHz,105.762,3 MHz,12.2,6,1250,-1,1250,26.5277,Calibration,11,-26423
W50A000F,touch_1.7.0Beta1,6/11/2025 11:22:54,SSTDR,24,4,RG-58/U 50 ohm coax,0.66,None,Standard,0,0,24 MHz,105.762,3 MHz,12.2,6,1250,-1,1250,26.5277,Calibration,12,14138
W50A000F,touch_1.7.0Beta1,6/11/2025 11:22:54,SSTDR,24,4,RG-58/U 50 ohm coax,0.66,None,Standard,0,0,24 MHz,105.762,3 MHz,12.2,6,1250,-1,1250,26.5277,Calibration,13,32767
W50A000F,touch_1.7.0Beta1,6/11/2025 11:22:54,SSTDR,24,4,RG-58/U 50 ohm coax,0.66,None,Standard,0,0,24 MHz,105.762,3 MHz,12.2,6,1250,-1,1250,26.5277,Calibration,14,15001
W50A000F,touch_1.7.0Beta1,6/11/2025 11:22:54,SSTDR,24,4,RG-58/U 50 ohm coax,0.66,None,Standard,0,0,24 MHz,105.762,3 MHz,12.2,6,1250,-1,1250,26.5277,Calibration,15,-29318
W50A000F,touch_1.7.0Beta1,6/11/2025 11:22:54,SSTDR,24,4,RG-58/U 50 ohm coax,0.66,None,Standard,0,0,24 MHz,105.762,3 MHz,12.2,6,1250,-1,1250,26.5277,Calibration,16,-16383
W50A000F,touch_1.7.0Beta1,6/11/2025 11:22:54,SSTDR,24,4,RG-58/U 50 ohm coax,0.66,None,Standard,0,0,24 MHz,105.762,3 MHz,12.2,6,1250,-1,1250,26.5277,Calibration,17,-955
W50A000F,touch_1.7.0Beta1,6/11/2025 11:22:54,SSTDR,24,4,RG-58/U 50 ohm coax,0.66,None,Standard,0,0,24 MHz,105.762,3 MHz,12.2,6,1250,-1,1250,26.5277,Calibration,18,364
W50A000F,touch_1.7.0Beta1,6/11/2025 11:22:54,SSTDR,24,4,RG-58/U 50 ohm coax,0.66,None,Standard,0,0,24 MHz,105.762,3 MHz,12.2,6,1250,-1,1250,26.5277,Calibration,19,-36
W50A000F,touch_1.7.0Beta1,6/11/2025 11:22:54,SSTDR,24,4,RG-58/U 50 ohm coax,0.66,None,Standard,0,0,24 MHz,105.762,3 MHz,12.2,6,1250,-1,1250,26.5277,Calibration,20,217
W50A000F,touch_1.7.0Beta1,6/11/2025 11:22:54,SSTDR,24,4,RG-58/U 50 ohm coax,0.66,None,Standard,0,0,24 MHz,105.762,3 MHz,12.2,6,1250,-1,1250,26.5277,Calibration,21,119
W50A000F,touch_1.7.0Beta1,6/11/2025 11:22:54,SSTDR,24,4,RG-58/U 50 ohm coax,0.66,None,Standard,0,0,24 MHz,105.762,3 MHz,12.2,6,1250,-1,1250,26.5277,Calibration,22,288
W50A000F,touch_1.7.0Beta1,6/11/2025 11:22:54,SSTDR,24,4,RG-58/U 50 ohm coax,0.66,None,Standard,0,0,24 MHz,105.762,3 MHz,12.2,6,1250,-1,1250,26.5277,Calibration,23,-11
W50A000F,touch_1.7.0Beta1,6/11/2025 11:22:54,SSTDR,24,4,RG-58/U 50 ohm coax,0.66,None,Standard,0,0,24 MHz,105.762,3 MHz,12.2,6,1250,-1,1250,26.5277,Calibration,24,-31
W50A000F,touch_1.7.0Beta1,6/11/2025 11:22:54,SSTDR,24,4,RG-58/U 50 ohm coax,0.66,None,Standard,0,0,24 MHz,105.762,3 MHz,12.2,6,1250,-1,1250,26.5277,Calibration,25,36
W50A000F,touch_1.7.0Beta1,6/11/2025 11:22:54,SSTDR,24,4,RG-58/U 50 ohm coax,0.66,None,Standard,0,0,24 MHz,105.762,3 MHz,12.2,6,1250,-1,1250,26.5277,Calibration,26,427
W50A000F,touch_1.7.0Beta1,6/11/2025 11:22:54,SSTDR,24,4,RG-58/U 50 ohm coax,0.66,None,Standard,0,0,24 MHz,105.762,3 MHz,12.2,6,1250,-1,1250,26.5277,Calibration,27,91
W50A000F,touch_1.7.0Beta1,6/11/2025 11:22:54,SSTDR,24,4,RG-58/U 50 ohm coax,0.66,None,Standard,0,0,24 MHz,105.762,3 MHz,12.2,6,1250,-1,1250,26.5277,Calibration,28,126
W50A000F,touch_1.7.0Beta1,6/11/2025 11:22:54,SSTDR,24,4,RG-58/U 50 ohm coax,0.66,None,Standard,0,0,24 MHz,105.762,3 MHz,12.2,6,1250,-1,1250,26.5277,Calibration,29,14
W50A000F,touch_1.7.0Beta1,6/11/2025 11:22:54,SSTDR,24,4,RG-58/U 50 ohm coax,0.66,None,Standard,0,0,24 MHz,105.762,3 MHz,12.2,6,1250,-1,1250,26.5277,Calibration,30,135
W50A000F,touch_1.7.0Beta1,6/11/2025 11:22:54,SSTDR,24,4,RG-58/U 50 ohm coax,0.66,None,Standard,0,0,24 MHz,105.762,3 MHz,12.2,6,1250,-1,1250,26.5277,Calibration,31,-70
W50A000F,touch_1.7.0Beta1,6/11/2025 11:22:54,SSTDR,24,4,RG-58/U 50 ohm coax,0.66,None,Standard,0,0,24 MHz,105.762,3 MHz,12.2,6,1250,-1,1250,26.5277,Calibration,32,19
W50A000F,touch_1.7.0Beta1,6/11/2025 11:22:54,SSTDR,24,4,RG-58/U 50 ohm coax,0.66,None,Standard,0,0,24 MHz,105.762,3 MHz,12.2,6,1250,-1,1250,26.5277,Calibration,33,147
W50A000F,touch_1.7.0Beta1,6/11/2025 11:22:54,SSTDR,24,4,RG-58/U 50 ohm coax,0.66,None,Standard,0,0,24 MHz,105.762,3 MHz,12.2,6,1250,-1,1250,26.5277,Calibration,34,123
W50A000F,touch_1.7.0Beta1,6/11/2025 11:22:54,SSTDR,24,4,RG-58/U 50 ohm coax,0.66,None,Standard,0,0,24 MHz,105.762,3 MHz,12.2,6,1250,-1,1250,26.5277,Calibration,35,142
W50A000F,touch_1.7.0Beta1,6/11/2025 11:22:54,SSTDR,24,4,RG-58/U 50 ohm coax,0.66,None,Standard,0,0,24 MHz,105.762,3 MHz,12.2,6,1250,-1,1250,26.5277,Calibration,36,156
W50A000F,touch_1.7.0Beta1,6/11/2025 11:22:54,SSTDR,24,4,RG-58/U 50 ohm coax,0.66,None,Standard,0,0,24 MHz,105.762,3 MHz,12.2,6,1250,-1,1250,26.5277,Calibration,37,183
W50A000F,touch_1.7.0Beta1,6/11/2025 11:22:54,SSTDR,24,4,RG-58/U 50 ohm coax,0.66,None,Standard,0,0,24 MHz,105.762,3 MHz,12.2,6,1250,-1,1250,26.5277,Calibration,38,125
W50A000F,touch_1.7.0Beta1,6/11/2025 11:22:54,SSTDR,24,4,RG-58/U 50 ohm coax,0.66,None,Standard,0,0,24 MHz,105.762,3 MHz,12.2,6,1250,-1,1250,26.5277,Calibration,39,-79
W50A000F,touch_1.7.0Beta1,6/11/2025 11:22:54,SSTDR,24,4,RG-58/U 50 ohm coax,0.66,None,Standard,0,0,24 MHz,105.762,3 MHz,12.2,6,1250,-1,1250,26.5277,Calibration,40,121
W50A000F,touch_1.7.0Beta1,6/11/2025 11:22:54,SSTDR,24,4,RG-58/U 50 ohm coax,0.66,None,Standard,0,0,24 MHz,105.762,3 MHz,12.2,6,1250,-1,1250,26.5277,Calibration,41,188
W50A000F,touch_1.7.0Beta1,6/11/2025 11:22:54,SSTDR,24,4,RG-58/U 50 ohm coax,0.66,None,Standard,0,0,24 MHz,105.762,3 MHz,12.2,6,1250,-1,1250,26.5277,Calibration,42,105
W50A000F,touch_1.7.0Beta1,6/11/2025 11:22:54,SSTDR,24,4,RG-58/U 50 ohm coax,0.66,None,Standard,0,0,24 MHz,105.762,3 MHz,12.2,6,1250,-1,1250,26.5277,Calibration,43,-51
W50A000F,touch_1.7.0Beta1,6/11/2025 11:22:54,SSTDR,24,4,RG-58/U 50 ohm coax,0.66,None,Standard,0,0,24 MHz,105.762,3 MHz,12.2,6,1250,-1,1250,26.5277,Calibration,44,-43
W50A000F,touch_1.7.0Beta1,6/11/2025 11:22:54,SSTDR,24,4,RG-58/U 50 ohm coax,0.66,None,Standard,0,0,24 MHz,105.762,3 MHz,12.2,6,1250,-1,1250,26.5277,Calibration,45,102
W50A000F,touch_1.7.0Beta1,6/11/2025 11:22:54,SSTDR,24,4,RG-58/U 50 ohm coax,0.66,None,Standard,0,0,24 MHz,105.762,3 MHz,12.2,6,1250,-1,1250,26.5277,Calibration,46,230
W50A000F,touch_1.7.0Beta1,6/11/2025 11:22:54,SSTDR,24,4,RG-58/U 50 ohm coax,0.66,None,Standard,0,0,24 MHz,105.762,3 MHz,12.2,6,1250,-1,1250,26.5277,Calibration,47,-93
W50A000F,touch_1.7.0Beta1,6/11/2025 11:22:54,SSTDR,24,4,RG-58/U 50 ohm coax,0.66,None,Standard,0,0,24 MHz,105.762,3 MHz,12.2,6,1250,-1,1250,26.5277,Calibration,48,99
W50A000F,touch_1.7.0Beta1,6/11/2025 11:22:54,SSTDR,24,4,RG-58/U 50 ohm coax,0.66,None,Standard,0,0,24 MHz,105.762,3 MHz,12.2,6,1250,-1,1250,26.5277,Calibration,49,29
W50A000F,touch_1.7.0Beta1,6/11/2025 11:22:54,SSTDR,24,4,RG-58/U 50 ohm coax,0.66,None,Standard,0,0,24 MHz,105.762,3 MHz,12.2,6,1250,-1,1250,26.5277,Calibration,50,38
W50A000F,touch_1.7.0Beta1,6/11/2025 11:22:54,SSTDR,24,4,RG-58/U 50 ohm coax,0.66,None,Standard,0,0,24 MHz,105.762,3 MHz,12.2,6,1250,-1,1250,26.5277,Calibration,51,50
W50A000F,touch_1.7.0Beta1,6/11/2025 11:22:54,SSTDR,24,4,RG-58/U 50 ohm coax,0.66,None,Standard,0,0,24 MHz,105.762,3 MHz,12.2,6,1250,-1,1250,26.5277,Calibration,52,6
W50A000F,touch_1.7.0Beta1,6/11/2025 11:22:54,SSTDR,24,4,RG-58/U 50 ohm coax,0.66,None,Standard,0,0,24 MHz,105.762,3 MHz,12.2,6,1250,-1,1250,26.5277,Calibration,53,226
W50A000F,touch_1.7.0Beta1,6/11/2025 11:22:54,SSTDR,24,4,RG-58/U 50 ohm coax,0.66,None,Standard,0,0,24 MHz,105.762,3 MHz,12.2,6,1250,-1,1250,26.5277,Calibration,54,179
W50A000F,touch_1.7.0Beta1,6/11/2025 11:22:54,SSTDR,24,4,RG-58/U 50 ohm coax,0.66,None,Standard,0,0,24 MHz,105.762,3 MHz,12.2,6,1250,-1,1250,26.5277,Calibration,55,-152
W50A000F,touch_1.7.0Beta1,6/11/2025 11:22:54,SSTDR,24,4,RG-58/U 50 ohm coax,0.66,None,Standard,0,0,24 MHz,105.762,3 MHz,12.2,6,1250,-1,1250,26.5277,Calibration,56,82
W50A000F,touch_1.7.0Beta1,6/11/2025 11:22:54,SSTDR,24,4,RG-58/U 50 ohm coax,0.66,None,Standard,0,0,24 MHz,105.762,3 MHz,12.2,6,1250,-1,1250,26.5277,Calibration,57,-20
W50A000F,touch_1.7.0Beta1,6/11/2025 11:22:54,SSTDR,24,4,RG-58/U 50 ohm coax,0.66,None,Standard,0,0,24 MHz,105.762,3 MHz,12.2,6,1250,-1,1250,26.5277,Calibration,58,118
W50A000F,touch_1.7.0Beta1,6/11/2025 11:22:54,SSTDR,24,4,RG-58/U 50 ohm coax,0.66,None,Standard,0,0,24 MHz,105.762,3 MHz,12.2,6,1250,-1,1250,26.5277,Calibration,59,-217
W50A000F,touch_1.7.0Beta1,6/11/2025 11:22:54,SSTDR,24,4,RG-58/U 50 ohm coax,0.66,None,Standard,0,0,24 MHz,105.762,3 MHz,12.2,6,1250,-1,1250,26.5277,Calibration,60,30
W50A000F,touch_1.7.0Beta1,6/11/2025 11:22:54,SSTDR,24,4,RG-58/U 50 ohm coax,0.66,None,Standard,0,0,24 MHz,105.762,3 MHz,12.2,6,1250,-1,1250,26.5277,Calibration,61,143
W50A000F,touch_1.7.0Beta1,6/11/2025 11:22:54,SSTDR,24,4,RG-58/U 50 ohm coax,0.66,None,Standard,0,0,24 MHz,105.762,3 MHz,12.2,6,1250,-1,1250,26.5277,Calibration,62,226
W50A000F,touch_1.7.0Beta1,6/11/2025 11:22:54,SSTDR,24,4,RG-58/U 50 ohm coax,0.66,None,Standard,0,0,24 MHz,105.762,3 MHz,12.2,6,1250,-1,1250,26.5277,Calibration,63,-82
W50A000F,touch_1.7.0Beta1,6/11/2025 11:22:54,SSTDR,24,4,RG-58/U 50 ohm coax,0.66,None,Standard,0,0,24 MHz,105.762,3 MHz,12.2,6,1250,-1,1250,26.5277,Calibration,64,154
W50A000F,touch_1.7.0Beta1,6/11/2025 11:22:54,SSTDR,24,4,RG-58/U 50 ohm coax,0.66,None,Standard,0,0,24 MHz,105.762,3 MHz,12.2,6,1250,-1,1250,26.5277,Calibration,65,12
W50A000F,touch_1.7.0Beta1,6/11/2025 11:22:54,SSTDR,24,4,RG-58/U 50 ohm coax,0.66,None,Standard,0,0,24 MHz,105.762,3 MHz,12.2,6,1250,-1,1250,26.5277,Calibration,66,161
W50A000F,touch_1.7.0Beta1,6/11/2025 11:22:54,SSTDR,24,4,RG-58/U 50 ohm coax,0.66,None,Standard,0,0,24 MHz,105.762,3 MHz,12.2,6,1250,-1,1250,26.5277,Calibration,67,52
W50A000F,touch_1.7.0Beta1,6/11/2025 11:22:54,SSTDR,24,4,RG-58/U 50 ohm coax,0.66,None,Standard,0,0,24 MHz,105.762,3 MHz,12.2,6,1250,-1,1250,26.5277,Calibration,68,212
W50A000F,touch_1.7.0Beta1,6/11/2025 11:22:54,SSTDR,24,4,RG-58/U 50 ohm coax,0.66,None,Standard,0,0,24 MHz,105.762,3 MHz,12.2,6,1250,-1,1250,26.5277,Calibration,69,96
W50A000F,touch_1.7.0Beta1,6/11/2025 11:22:54,SSTDR,24,4,RG-58/U 50 ohm coax,0.66,None,Standard,0,0,24 MHz,105.762,3 MHz,12.2,6,1250,-1,1250,26.5277,Calibration,70,179
W50A000F,touch_1.7.0Beta1,6/11/2025 11:22:54,SSTDR,24,4,RG-58/U 50 ohm coax,0.66,None,Standard,0,0,24 MHz,105.762,3 MHz,12.2,6,1250,-1,1250,26.5277,Calibration,71,-94
W50A000F,touch_1.7.0Beta1,6/11/2025 11:22:54,SSTDR,24,4,RG-58/U 50 ohm coax,0.66,None,Standard,0,0,24 MHz,105.762,3 MHz,12.2,6,1250,-1,1250,26.5277,Calibration,72,91
W50A000F,touch_1.7.0Beta1,6/11/2025 11:22:54,SSTDR,24,4,RG-58/U 50 ohm coax,0.66,None,Standard,0,0,24 MHz,105.762,3 MHz,12.2,6,1250,-1,1250,26.5277,Calibration,73,-51
W50A000F,touch_1.7.0Beta1,6/11/2025 11:22:54,SSTDR,24,4,RG-58/U 50 ohm coax,0.66,None,Standard,0,0,24 MHz,105.762,3 MHz,12.2,6,1250,-1,1250,26.5277,Calibration,74,181
W50A000F,touch_1.7.0Beta1,6/11/2025 11:22:54,SSTDR,24,4,RG-58/U 50 ohm coax,0.66,None,Standard,0,0,24 MHz,105.762,3 MHz,12.2,6,1250,-1,1250,26.5277,Calibration,75,-74
W50A000F,touch_1.7.0Beta1,6/11/2025 11:22:54,SSTDR,24,4,RG-58/U 50 ohm coax,0.66,None,Standard,0,0,24 MHz,105.762,3 MHz,12.2,6,1250,-1,1250,26.5277,Calibration,76,131
W50A000F,touch_1.7.0Beta1,6/11/2025 11:22:54,SSTDR,24,4,RG-58/U 50 ohm coax,0.66,None,Standard,0,0,24 MHz,105.762,3 MHz,12.2,6,1250,-1,1250,26.5277,Calibration,77,-78
W50A000F,touch_1.7.0Beta1,6/11/2025 11:22:54,SSTDR,24,4,RG-58/U 50 ohm coax,0.66,None,Standard,0,0,24 MHz,105.762,3 MHz,12.2,6,1250,-1,1250,26.5277,Calibration,78,264
W50A000F,touch_1.7.0Beta1,6/11/2025 11:22:54,SSTDR,24,4,RG-58/U 50 ohm coax,0.66,None,Standard,0,0,24 MHz,105.762,3 MHz,12.2,6,1250,-1,1250,26.5277,Calibration,79,-117
W50A000F,touch_1.7.0Beta1,6/11/2025 11:22:54,SSTDR,24,4,RG-58/U 50 ohm coax,0.66,None,Standard,0,0,24 MHz,105.762,3 MHz,12.2,6,1250,-1,1250,26.5277,Calibration,80,134
W50A000F,touch_1.7.0Beta1,6/11/2025 11:22:54,SSTDR,24,4,RG-58/U 50 ohm coax,0.66,None,Standard,0,0,24 MHz,105.762,3 MHz,12.2,6,1250,-1,1250,26.5277,Calibration,81,135
W50A000F,touch_1.7.0Beta1,6/11/2025 11:22:54,SSTDR,24,4,RG-58/U 50 ohm coax,0.66,None,Standard,0,0,24 MHz,105.762,3 MHz,12.2,6,1250,-1,1250,26.5277,Calibration,82,82
W50A000F,touch_1.7.0Beta1,6/11/2025 11:22:54,SSTDR,24,4,RG-58/U 50 ohm coax,0.66,None,Standard,0,0,24 MHz,105.762,3 MHz,12.2,6,1250,-1,1250,26.5277,Calibration,83,-127
W50A000F,touch_1.7.0Beta1,6/11/2025 11:22:54,SSTDR,24,4,RG-58/U 50 ohm coax,0.66,None,Standard,0,0,24 MHz,105.762,3 MHz,12.2,6,1250,-1,1250,26.5277,Calibration,84,99
W50A000F,touch_1.7.0Beta1,6/11/2025 11:22:54,SSTDR,24,4,RG-58/U 50 ohm coax,0.66,None,Standard,0,0,24 MHz,105.762,3 MHz,12.2,6,1250,-1,1250,26.5277,Calibration,85,86
W50A000F,touch_1.7.0Beta1,6/11/2025 11:22:54,SSTDR,24,4,RG-58/U 50 ohm coax,0.66,None,Standard,0,0,24 MHz,105.762,3 MHz,12.2,6,1250,-1,1250,26.5277,Calibration,86,25
W50A000F,touch_1.7.0Beta1,6/11/2025 11:22:54,SSTDR,24,4,RG-58/U 50 ohm coax,0.66,None,Standard,0,0,24 MHz,105.762,3 MHz,12.2,6,1250,-1,1250,26.5277,Calibration,87,-53
W50A000F,touch_1.7.0Beta1,6/11/2025 11:22:54,SSTDR,24,4,RG-58/U 50 ohm coax,0.66,None,Standard,0,0,24 MHz,105.762,3 MHz,12.2,6,1250,-1,1250,26.5277,Calibration,88,-112
W50A000F,touch_1.7.0Beta1,6/11/2025 11:22:54,SSTDR,24,4,RG-58/U 50 ohm coax,0.66,None,Standard,0,0,24 MHz,105.762,3 MHz,12.2,6,1250,-1,1250,26.5277,Calibration,89,0
W50A000F,touch_1.7.0Beta1,6/11/2025 11:22:54,SSTDR,24,4,RG-58/U 50 ohm coax,0.66,None,Standard,0,0,24 MHz,105.762,3 MHz,12.2,6,1250,-1,1250,26.5277,Calibration,90,0
W50A000F,touch_1.7.0Beta1,6/11/2025 11:22:54,SSTDR,24,4,RG-58/U 50 ohm coax,0.66,None,Standard,0,0,24 MHz,105.762,3 MHz,12.2,6,1250,-1,1250,26.5277,Calibration,91,0
W50A000F,touch_1.7.0Beta1,6/11/2025 11:22:54,SSTDR,24,4,RG-58/U 50 ohm coax,0.66,None,Standard,0,0,24 MHz,105.762,3 MHz,12.2,6,1250,-1,1250,26.5277,Calibration,92,0
W50A000F,touch_1.7.0Beta1,6/11/2025 11:22:54,SSTDR,24,4,RG-58/U 50 ohm coax,0.66,None,Standard,0,0,24 MHz,105.762,3 MHz,12.2,6,1250,-1,1250,26.5277,Calibration,93,0
W50A000F,touch_1.7.0Beta1,6/11/2025 11:22:54,SSTDR,24,4,RG-58/U 50 ohm coax,0.66,None,Standard,0,0,24 MHz,105.762,3 MHz,12.2,6,1250,-1,1250,26.5277,Calibration,94,0
W50A000F,touch_1.7.0Beta1,6/11/2025 11:22:54,SSTDR,24,4,RG-58/U 50 ohm coax,0.66,None,Standard,0,0,24 MHz,105.762,3 MHz,12.2,6,1250,-1,1250,26.5277,Calibration,95,0
W50A000F,touch_1.7.0Beta1,6/11/2025 11:22:54,SSTDR,24,4,RG-58/U 50 ohm coax,0.66,None,Standard,0,0,24 MHz,105.762,3 MHz,12.2,6,1250,-1,1250,26.5277,Calibration,96,0
W50A000F,touch_1.7.0Beta1,6/11/2025 11:22:54,SSTDR,24,4,RG-58/U 50 ohm coax,0.66,None,Standard,0,0,24 MHz,105.762,3 MHz,12.2,6,1250,-1,1250,26.5277,Calibration,97,0
W50A000F,touch_1.7.0Beta1,6/11/2025 11:22:54,SSTDR,24,4,RG-58/U 50 ohm coax,0.66,None,Standard,0,0,24 MHz,105.762,3 MHz,12.2,6,1250,-1,1250,26.5277,Calibration,98,0
W50A000F,touch_1.7.0Beta1,6/11/2025 11:22:54,SSTDR,24,4,RG-58/U 50 ohm coax,0.66,None,Standard,0,0,24 MHz,105.762,3 MHz,12.2,6,1250,-1,1250,26.5277,Calibration,99,0
W50A000F,touch_1.7.0Beta1,6/11/2025 11:22:54,SSTDR,24,4,RG-58/U 50 ohm coax,0.66,None,Standard,0,0,24 MHz,105.762,3 MHz,12.2,6,1250,-1,1250,26.5277,Calibration,100,0
W50A000F,touch_1.7.0Beta1,6/11/2025 11:22:54,SSTDR,24,4,RG-58/U 50 ohm coax,0.66,None,Standard,0,0,24 MHz,105.762,3 MHz,12.2,6,1250,-1,1250,26.5277,Calibration,101,0
W50A000F,touch_1.7.0Beta1,6/11/2025 11:22:54,SSTDR,24,4,RG-58/U 50 ohm coax,0.66,None,Standard,0,0,24 MHz,105.762,3 MHz,12.2,6,1250,-1,1250,26.5277,Calibration,102,0
W50A000F,touch_1.7.0Beta1,6/11/2025 11:22:54,SSTDR,24,4,RG-58/U 50 ohm coax,0.66,None,Standard,0,0,24 MHz,105.762,3 MHz,12.2,6,1250,-1,1250,26.5277,Calibration,103,0
W50A000F,touch_1.7.0Beta1,6/11/2025 11:22:54,SSTDR,24,4,RG-58/U 50 ohm coax,0.66,None,Standard,0,0,24 MHz,105.762,3 MHz,12.2,6,1250,-1,1250,26.5277,Calibration,104,0
W50A000F,touch_1.7.0Beta1,6/11/2025 11:22:54,SSTDR,24,4,RG-58/U 50 ohm coax,0.66,None,Standard,0,0,24 MHz,105.762,3 MHz,12.2,6,1250,-1,1250,26.5277,Calibration,105,0
W50A000F,touch_1.7.0Beta1,6/11/2025 11:22:54,SSTDR,24,4,RG-58/U 50 ohm coax,0.66,None,Standard,0,0,24 MHz,105.762,3 MHz,12.2,6,1250,-1,1250,26.5277,Calibration,106,0
W50A000F,touch_1.7.0Beta1,6/11/2025 11:22:54,SSTDR,24,4,RG-58/U 50 ohm coax,0.66,None,Standard,0,0,24 MHz,105.762,3 MHz,12.2,6,1250,-1,1250,26.5277,Calibration,107,0
W50A000F,touch_1.7.0Beta1,6/11/2025 11:22:54,SSTDR,24,4,RG-58/U 50 ohm coax,0.66,None,Standard,0,0,24 MHz,105.762,3 MHz,12.2,6,1250,-1,1250,26.5277,Calibration,108,0
W50A000F,touch_1.7.0Beta1,6/11/2025 11:22:54,SSTDR,24,4,RG-58/U 50 ohm coax,0.66,None,Standard,0,0,24 MHz,105.762,3 MHz,12.2,6,1250,-1,1250,26.5277,Calibration,109,0
W50A000F,touch_1.7.0Beta1,6/11/2025 11:22:54,SSTDR,24,4,RG-58/U 50 ohm coax,0.66,None,Standard,0,0,24 MHz,105.762,3 MHz,12.2,6,1250,-1,1250,26.5277,Calibration,110,0
W50A000F,touch_1.7.0Beta1,6/11/2025 11:22:54,SSTDR,24,4,RG-58/U 50 ohm coax,0.66,None,Standard,0,0,24 MHz,105.762,3 MHz,12.2,6,1250,-1,1250,26.5277,Calibration,111,0
W50A000F,touch_1.7.0Beta1,6/11/2025 11:22:54,SSTDR,24,4,RG-58/U 50 ohm coax,0.66,None,Standard,0,0,24 MHz,105.762,3 MHz,12.2,6,1250,-1,1250,26.5277,Calibration,112,0
W50A000F,touch_1.7.0Beta1,6/11/2025 11:22:54,SSTDR,24,4,RG-58/U 50 ohm coax,0.66,None,Standard,0,0,24 MHz,105.762,3 MHz,12.2,6,1250,-1,1250,26.5277,Waveform,1,-12
W50A000F,touch_1.7.0Beta1,6/11/2025 11:22:54,SSTDR,24,4,RG-58/U 50 ohm coax,0.66,None,Standard,0,0,24 MHz,105.762,3 MHz,12.2,6,1250,-1,1250,26.5277,Waveform,1.25,-24.1280162190158
W50A000F,touch_1.7.0Beta1,6/11/2025 11:22:54,SSTDR,24,4,RG-58/U 50 ohm coax,0.66,None,Standard,0,0,24 MHz,105.762,3 MHz,12.2,6,1250,-1,1250,26.5277,Waveform,1.5,-16.9688512645492
W50A000F,touch_1.7.0Beta1,6/11/2025 11:22:54,SSTDR,24,4,RG-58/U 50 ohm coax,0.66,None,Standard,0,0,24 MHz,105.762,3 MHz,12.2,6,1250,-1,1250,26.5277,Waveform,1.75,-6.97238698467118
W50A000F,touch_1.7.0Beta1,6/11/2025 11:22:54,SSTDR,24,4,RG-58/U 50 ohm coax,0.66,None,Standard,0,0,24 MHz,105.762,3 MHz,12.2,6,1250,-1,1250,26.5277,Waveform,2,-7.00000000000143
W50A000F,touch_1.7.0Beta1,6/11/2025 11:22:54,SSTDR,24,4,RG-58/U 50 ohm coax,0.66,None,Standard,0,0,24 MHz,105.762,3 MHz,12.2,6,1250,-1,1250,26.5277,Waveform,2.25,-16.5969214560691
W50A000F,touch_1.7.0Beta1,6/11/2025 11:22:54,SSTDR,24,4,RG-58/U 50 ohm coax,0.66,None,Standard,0,0,24 MHz,105.762,3 MHz,12.2,6,1250,-1,1250,26.5277,Waveform,2.5,-23.4758324335373
W50A000F,touch_1.7.0Beta1,6/11/2025 11:22:54,SSTDR,24,4,RG-58/U 50 ohm coax,0.66,None,Standard,0,0,24 MHz,105.762,3 MHz,12.2,6,1250,-1,1250,26.5277,Waveform,2.75,-14.6907816991167
W50A000F,touch_1.7.0Beta1,6/11/2025 11:22:54,SSTDR,24,4,RG-58/U 50 ohm coax,0.66,None,Standard,0,0,24 MHz,105.762,3 MHz,12.2,6,1250,-1,1250,26.5277,Waveform,3,11.0000000000015
W50A000F,touch_1.7.0Beta1,6/11/2025 11:22:54,SSTDR,24,4,RG-58/U 50 ohm coax,0.66,None,Standard,0,0,24 MHz,105.762,3 MHz,12.2,6,1250,-1,1250,26.5277,Waveform,3.25,39.1986952798635
W50A000F,touch_1.7.0Beta1,6/11/2025 11:22:54,SSTDR,24,4,RG-58/U 50 ohm coax,0.66,None,Standard,0,0,24 MHz,105.762,3 MHz,12.2,6,1250,-1,1250,26.5277,Waveform,3.5,48.3313548067604
W50A000F,touch_1.7.0Beta1,6/11/2025 11:22:54,SSTDR,24,4,RG-58/U 50 ohm coax,0.66,None,Standard,0,0,24 MHz,105.762,3 MHz,12.2,6,1250,-1,1250,26.5277,Waveform,3.75,25.6730862059988
W50A000F,touch_1.7.0Beta1,6/11/2025 11:22:54,SSTDR,24,4,RG-58/U 50 ohm coax,0.66,None,Standard,0,0,24 MHz,105.762,3 MHz,12.2,6,1250,-1,1250,26.5277,Waveform,4,-19.9999999999999
W50A000F,touch_1.7.0Beta1,6/11/2025 11:22:54,SSTDR,24,4,RG-58/U 50 ohm coax,0.66,None,Standard,0,0,24 MHz,105.762,3 MHz,12.2,6,1250,-1,1250,26.5277,Waveform,4.25,-59.0682137219223
W50A000F,touch_1.7.0Beta1,6/11/2025 11:22:54,SSTDR,24,4,RG-58/U 50 ohm coax,0.66,None,Standard,0,0,24 MHz,105.762,3 MHz,12.2,6,1250,-1,1250,26.5277,Waveform,4.5,-56.9480144432163
W50A000F,touch_1.7.0Beta1,6/11/2025 11:22:54,SSTDR,24,4,RG-58/U 50 ohm coax,0.66,None,Standard,0,0,24 MHz,105.762,3 MHz,12.2,6,1250,-1,1250,26.5277,Waveform,4.75,3.17485723388514
W50A000F,touch_1.7.0Beta1,6/11/2025 11:22:54,SSTDR,24,4,RG-58/U 50 ohm coax,0.66,None,Standard,0,0,24 MHz,105.762,3 MHz,12.2,6,1250,-1,1250,26.5277,Waveform,5,105.000000000001
W50A000F,touch_1.7.0Beta1,6/11/2025 11:22:54,SSTDR,24,4,RG-58/U 50 ohm coax,0.66,None,Standard,0,0,24 MHz,105.762,3 MHz,12.2,6,1250,-1,1250,26.5277,Waveform,5.25,202.493183139631
W50A000F,touch_1.7.0Beta1,6/11/2025 11:22:54,SSTDR,24,4,RG-58/U 50 ohm coax,0.66,None,Standard,0,0,24 MHz,105.762,3 MHz,12.2,6,1250,-1,1250,26.5277,Waveform,5.5,242.617065302584
W50A000F,touch_1.7.0Beta1,6/11/2025 11:22:54,SSTDR,24,4,RG-58/U 50 ohm coax,0.66,None,Standard,0,0,24 MHz,105.762,3 MHz,12.2,6,1250,-1,1250,26.5277,Waveform,5.75,195.639866504258
W50A000F,touch_1.7.0Beta1,6/11/2025 11:22:54,SSTDR,24,4,RG-58/U 50 ohm coax,0.66,None,Standard,0,0,24 MHz,105.762,3 MHz,12.2,6,1250,-1,1250,26.5277,Waveform,6,75.000000000001
W50A000F,touch_1.7.0Beta1,6/11/2025 11:22:54,SSTDR,24,4,RG-58/U 50 ohm coax,0.66,None,Standard,0,0,24 MHz,105.762,3 MHz,12.2,6,1250,-1,1250,26.5277,Waveform,6.25,-66.722819258167
W50A000F,touch_1.7.0Beta1,6/11/2025 11:22:54,SSTDR,24,4,RG-58/U 50 ohm coax,0.66,None,Standard,0,0,24 MHz,105.762,3 MHz,12.2,6,1250,-1,1250,26.5277,Waveform,6.5,-165.534327819583
W50A000F,touch_1.7.0Beta1,6/11/2025 11:22:54,SSTDR,24,4,RG-58/U 50 ohm coax,0.66,None,Standard,0,0,24 MHz,105.762,3 MHz,12.2,6,1250,-1,1250,26.5277,Waveform,6.75,-182.243121881829
W50A000F,touch_1.7.0Beta1,6/11/2025 11:22:54,SSTDR,24,4,RG-58/U 50 ohm coax,0.66,None,Standard,0,0,24 MHz,105.762,3 MHz,12.2,6,1250,-1,1250,26.5277,Waveform,7,-125.000000000001
W50A000F,touch_1.7.0Beta1,6/11/2025 11:22:54,SSTDR,24,4,RG-58/U 50 ohm coax,0.66,None,Standard,0,0,24 MHz,105.762,3 MHz,12.2,6,1250,-1,1250,26.5277,Waveform,7.25,-42.4817050612852
W50A000F,touch_1.7.0Beta1,6/11/2025 11:22:54,SSTDR,24,4,RG-58/U 50 ohm coax,0.66,None,Standard,0,0,24 MHz,105.762,3 MHz,12.2,6,1250,-1,1250,26.5277,Waveform,7.5,10.4373346076407
W50A000F,touch_1.7.0Beta1,6/11/2025 11:22:54,SSTDR,24,4,RG-58/U 50 ohm coax,0.66,None,Standard,0,0,24 MHz,105.762,3 MHz,12.2,6,1250,-1,1250,26.5277,Waveform,7.75,13.7712783497927
W50A000F,touch_1.7.0Beta1,6/11/2025 11:22:54,SSTDR,24,4,RG-58/U 50 ohm coax,0.66,None,Standard,0,0,24 MHz,105.762,3 MHz,12.2,6,1250,-1,1250,26.5277,Waveform,8,0.999999999999119
W50A000F,touch_1.7.0Beta1,6/11/2025 11:22:54,SSTDR,24,4,RG-58/U 50 ohm coax,0.66,None,Standard,0,0,24 MHz,105.762,3 MHz,12.2,6,1250,-1,1250,26.5277,Waveform,8.25,34.7774793798941
W50A000F,touch_1.7.0Beta1,6/11/2025 11:22:54,SSTDR,24,4,RG-58/U 50 ohm coax,0.66,None,Standard,0,0,24 MHz,105.762,3 MHz,12.2,6,1250,-1,1250,26.5277,Waveform,8.5,143.195611578526
W50A000F,touch_1.7.0Beta1,6/11/2025 11:22:54,SSTDR,24,4,RG-58/U 50 ohm coax,0.66,None,Standard,0,0,24 MHz,105.762,3 MHz,12.2,6,1250,-1,1250,26.5277,Waveform,8.75,246.898749595516
W50A000F,touch_1.7.0Beta1,6/11/2025 11:22:54,SSTDR,24,4,RG-58/U 50 ohm coax,0.66,None,Standard,0,0,24 MHz,105.762,3 MHz,12.2,6,1250,-1,1250,26.5277,Waveform,9,122
W50A000F,touch_1.7.0Beta1,6/11/2025 11:22:54,SSTDR,24,4,RG-58/U 50 ohm coax,0.66,None,Standard,0,0,24 MHz,105.762,3 MHz,12.2,6,1250,-1,1250,26.5277,Waveform,9.25,-564.311525562355
W50A000F,touch_1.7.0Beta1,6/11/2025 11:22:54,SSTDR,24,4,RG-58/U 50 ohm coax,0.66,None,Standard,0,0,24 MHz,105.762,3 MHz,12.2,6,1250,-1,1250,26.5277,Waveform,9.5,-2138.66554948458
W50A000F,touch_1.7.0Beta1,6/11/2025 11:22:54,SSTDR,24,4,RG-58/U 50 ohm coax,0.66,None,Standard,0,0,24 MHz,105.762,3 MHz,12.2,6,1250,-1,1250,26.5277,Waveform,9.75,-4759.54786744742
W50A000F,touch_1.7.0Beta1,6/11/2025 11:22:54,SSTDR,24,4,RG-58/U 50 ohm coax,0.66,None,Standard,0,0,24 MHz,105.762,3 MHz,12.2,6,1250,-1,1250,26.5277,Waveform,10,-8271
W50A000F,touch_1.7.0Beta1,6/11/2025 11:22:54,SSTDR,24,4,RG-58/U 50 ohm coax,0.66,None,Standard,0,0,24 MHz,105.762,3 MHz,12.2,6,1250,-1,1250,26.5277,Waveform,10.25,-12139.0125888606
W50A000F,touch_1.7.0Beta1,6/11/2025 11:22:54,SSTDR,24,4,RG-58/U 50 ohm coax,0.66,None,Standard,0,0,24 MHz,105.762,3 MHz,12.2,6,1250,-1,1250,26.5277,Waveform,10.5,-15512.3817109647
W50A000F,touch_1.7.0Beta1,6/11/2025 11:22:54,SSTDR,24,4,RG-58/U 50 ohm coax,0.66,None,Standard,0,0,24 MHz,105.762,3 MHz,12.2,6,1250,-1,1250,26.5277,Waveform,10.75,-17404.4438290258
W50A000F,touch_1.7.0Beta1,6/11/2025 11:22:54,SSTDR,24,4,RG-58/U 50 ohm coax,0.66,None,Standard,0,0,24 MHz,105.762,3 MHz,12.2,6,1250,-1,1250,26.5277,Waveform,11,-16946
W50A000F,touch_1.7.0Beta1,6/11/2025 11:22:54,SSTDR,24,4,RG-58/U 50 ohm coax,0.66,None,Standard,0,0,24 MHz,105.762,3 MHz,12.2,6,1250,-1,1250,26.5277,Waveform,11.25,-13632.5568626747
W50A000F,touch_1.7.0Beta1,6/11/2025 11:22:54,SSTDR,24,4,RG-58/U 50 ohm coax,0.66,None,Standard,0,0,24 MHz,105.762,3 MHz,12.2,6,1250,-1,1250,26.5277,Waveform,11.5,-7491.37899667246
W50A000F,touch_1.7.0Beta1,6/11/2025 11:22:54,SSTDR,24,4,RG-58/U 50 ohm coax,0.66,None,Standard,0,0,24 MHz,105.762,3 MHz,12.2,6,1250,-1,1250,26.5277,Waveform,11.75,877.251749826326
W50A000F,touch_1.7.0Beta1,6/11/2025 11:22:54,SSTDR,24,4,RG-58/U 50 ohm coax,0.66,None,Standard,0,0,24 MHz,105.762,3 MHz,12.2,6,1250,-1,1250,26.5277,Waveform,12,10389
W50A000F,touch_1.7.0Beta1,6/11/2025 11:22:54,SSTDR,24,4,RG-58/U 50 ohm coax,0.66,None,Standard,0,0,24 MHz,105.762,3 MHz,12.2,6,1250,-1,1250,26.5277,Waveform,12.25,19663.317887631
W50A000F,touch_1.7.0Beta1,6/11/2025 11:22:54,SSTDR,24,4,RG-58/U 50 ohm coax,0.66,None,Standard,0,0,24 MHz,105.762,3 MHz,12.2,6,1250,-1,1250,26.5277,Waveform,12.5,27260.6751888302
W50A000F,touch_1.7.0Beta1,6/11/2025 11:22:54,SSTDR,24,4,RG-58/U 50 ohm coax,0.66,None,Standard,0,0,24 MHz,105.762,3 MHz,12.2,6,1250,-1,1250,26.5277,Waveform,12.75,31920.8809880414
W50A000F,touch_1.7.0Beta1,6/11/2025 11:22:54,SSTDR,24,4,RG-58/U 50 ohm coax,0.66,None,Standard,0,0,24 MHz,105.762,3 MHz,12.2,6,1250,-1,1250,26.5277,Waveform,13,32767
W50A000F,touch_1.7.0Beta1,6/11/2025 11:22:54,SSTDR,24,4,RG-58/U 50 ohm coax,0.66,None,Standard,0,0,24 MHz,105.762,3 MHz,12.2,6,1250,-1,1250,26.5277,Waveform,13.25,29452.803354689
W50A000F,touch_1.7.0Beta1,6/11/2025 11:22:54,SSTDR,24,4,RG-58/U 50 ohm coax,0.66,None,Standard,0,0,24 MHz,105.762,3 MHz,12.2,6,1250,-1,1250,26.5277,Waveform,13.5,22238.7881267124
W50A000F,touch_1.7.0Beta1,6/11/2025 11:22:54,SSTDR,24,4,RG-58/U 50 ohm coax,0.66,None,Standard,0,0,24 MHz,105.762,3 MHz,12.2,6,1250,-1,1250,26.5277,Waveform,13.75,11983.4683461785
W50A000F,touch_1.7.0Beta1,6/11/2025 11:22:54,SSTDR,24,4,RG-58/U 50 ohm coax,0.66,None,Standard,0,0,24 MHz,105.762,3 MHz,12.2,6,1250,-1,1250,26.5277,Waveform,14,39.9999999999997
W50A000F,touch_1.7.0Beta1,6/11/2025 11:22:54,SSTDR,24,4,RG-58/U 50 ohm coax,0.66,None,Standard,0,0,24 MHz,105.762,3 MHz,12.2,6,1250,-1,1250,26.5277,Waveform,14.25,-11939.463968618
W50A000F,touch_1.7.0Beta1,6/11/2025 11:22:54,SSTDR,24,4,RG-58/U 50 ohm coax,0.66,None,Standard,0,0,24 MHz,105.762,3 MHz,12.2,6,1250,-1,1250,26.5277,Waveform,14.5,-22266.9418301893
W50A000F,touch_1.7.0Beta1,6/11/2025 11:22:54,SSTDR,24,4,RG-58/U 50 ohm coax,0.66,None,Standard,0,0,24 MHz,105.762,3 MHz,12.2,6,1250,-1,1250,26.5277,Waveform,14.75,-29499.8762888222
W50A000F,touch_1.7.0Beta1,6/11/2025 11:22:54,SSTDR,24,4,RG-58/U 50 ohm coax,0.66,None,Standard,0,0,24 MHz,105.762,3 MHz,12.2,6,1250,-1,1250,26.5277,Waveform,15,-32677
W50A000F,touch_1.7.0Beta1,6/11/2025 11:22:54,SSTDR,24,4,RG-58/U 50 ohm coax,0.66,None,Standard,0,0,24 MHz,105.762,3 MHz,12.2,6,1250,-1,1250,26.5277,Waveform,15.25,-31452.6750671286
W50A000F,touch_1.7.0Beta1,6/11/2025 11:22:54,SSTDR,24,4,RG-58/U 50 ohm coax,0.66,None,Standard,0,0,24 MHz,105.762,3 MHz,12.2,6,1250,-1,1250,26.5277,Waveform,15.5,-26103.3513367647
W50A000F,touch_1.7.0Beta1,6/11/2025 11:22:54,SSTDR,24,4,RG-58/U 50 ohm coax,0.66,None,Standard,0,0,24 MHz,105.762,3 MHz,12.2,6,1250,-1,1250,26.5277,Waveform,15.75,-17421.0458235745
W50A000F,touch_1.7.0Beta1,6/11/2025 11:22:54,SSTDR,24,4,RG-58/U 50 ohm coax,0.66,None,Standard,0,0,24 MHz,105.762,3 MHz,12.2,6,1250,-1,1250,26.5277,Waveform,16,-6543
W50A000F,touch_1.7.0Beta1,6/11/2025 11:22:54,SSTDR,24,4,RG-58/U 50 ohm coax,0.66,None,Standard,0,0,24 MHz,105.762,3 MHz,12.2,6,1250,-1,1250,26.5277,Waveform,16.25,5222.53230786575
W50A000F,touch_1.7.0Beta1,6/11/2025 11:22:54,SSTDR,24,4,RG-58/U 50 ohm coax,0.66,None,Standard,0,0,24 MHz,105.762,3 MHz,12.2,6,1250,-1,1250,26.5277,Waveform,16.5,16532.1465824338
W50A000F,touch_1.7.0Beta1,6/11/2025 11:22:54,SSTDR,24,4,RG-58/U 50 ohm coax,0.66,None,Standard,0,0,24 MHz,105.762,3 MHz,12.2,6,1250,-1,1250,26.5277,Waveform,16.75,26098.7949810553
W50A000F,touch_1.7.0Beta1,6/11/2025 11:22:54,SSTDR,24,4,RG-58/U 50 ohm coax,0.66,None,Standard,0,0,24 MHz,105.762,3 MHz,12.2,6,1250,-1,1250,26.5277,Waveform,17,32767
W50A000F,touch_1.7.0Beta1,6/11/2025 11:22:54,SSTDR,24,4,RG-58/U 50 ohm coax,0.66,None,Standard,0,0,24 MHz,105.762,3 MHz,12.2,6,1250,-1,1250,26.5277,Waveform,17.25,35611.3865534094
W50A000F,touch_1.7.0Beta1,6/11/2025 11:22:54,SSTDR,24,4,RG-58/U 50 ohm coax,0.66,None,Standard,0,0,24 MHz,105.762,3 MHz,12.2,6,1250,-1,1250,26.5277,Waveform,17.5,34078.6197438741
W50A000F,touch_1.7.0Beta1,6/11/2025 11:22:54,SSTDR,24,4,RG-58/U 50 ohm coax,0.66,None,Standard,0,0,24 MHz,105.762,3 MHz,12.2,6,1250,-1,1250,26.5277,Waveform,17.75,28151.2256782547
W50A000F,touch_1.7.0Beta1,6/11/2025 11:22:54,SSTDR,24,4,RG-58/U 50 ohm coax,0.66,None,Standard,0,0,24 MHz,105.762,3 MHz,12.2,6,1250,-1,1250,26.5277,Waveform,18,18471
W50A000F,touch_1.7.0Beta1,6/11/2025 11:22:54,SSTDR,24,4,RG-58/U 50 ohm coax,0.66,None,Standard,0,0,24 MHz,105.762,3 MHz,12.2,6,1250,-1,1250,26.5277,Waveform,18.25,6345.00368922681
W50A000F,touch_1.7.0Beta1,6/11/2025 11:22:54,SSTDR,24,4,RG-58/U 50 ohm coax,0.66,None,Standard,0,0,24 MHz,105.762,3 MHz,12.2,6,1250,-1,1250,26.5277,Waveform,18.5,-6417.7060097772
W50A000F,touch_1.7.0Beta1,6/11/2025 11:22:54,SSTDR,24,4,RG-58/U 50 ohm coax,0.66,None,Standard,0,0,24 MHz,105.762,3 MHz,12.2,6,1250,-1,1250,26.5277,Waveform,18.75,-17831.6524023869
W50A000F,touch_1.7.0Beta1,6/11/2025 11:22:54,SSTDR,24,4,RG-58/U 50 ohm coax,0.66,None,Standard,0,0,24 MHz,105.762,3 MHz,12.2,6,1250,-1,1250,26.5277,Waveform,19,-26148
W50A000F,touch_1.7.0Beta1,6/11/2025 11:22:54,SSTDR,24,4,RG-58/U 50 ohm coax,0.66,None,Standard,0,0,24 MHz,105.762,3 MHz,12.2,6,1250,-1,1250,26.5277,Waveform,19.25,-30235.0193439979
W50A000F,touch_1.7.0Beta1,6/11/2025 11:22:54,SSTDR,24,4,RG-58/U 50 ohm coax,0.66,None,Standard,0,0,24 MHz,105.762,3 MHz,12.2,6,1250,-1,1250,26.5277,Waveform,19.5,-29806.3731416192
W50A000F,touch_1.7.0Beta1,6/11/2025 11:22:54,SSTDR,24,4,RG-58/U 50 ohm coax,0.66,None,Standard,0,0,24 MHz,105.762,3 MHz,12.2,6,1250,-1,1250,26.5277,Waveform,19.75,-25426.6101723577
W50A000F,touch_1.7.0Beta1,6/11/2025 11:22:54,SSTDR,24,4,RG-58/U 50 ohm coax,0.66,None,Standard,0,0,24 MHz,105.762,3 MHz,12.2,6,1250,-1,1250,26.5277,Waveform,20,-18301
W50A000F,touch_1.7.0Beta1,6/11/2025 11:22:54,SSTDR,24,4,RG-58/U 50 ohm coax,0.66,None,Standard,0,0,24 MHz,105.762,3 MHz,12.2,6,1250,-1,1250,26.5277,Waveform,20.25,-9930.33956873558
W50A000F,touch_1.7.0Beta1,6/11/2025 11:22:54,SSTDR,24,4,RG-58/U 50 ohm coax,0.66,None,Standard,0,0,24 MHz,105.762,3 MHz,12.2,6,1250,-1,1250,26.5277,Waveform,20.5,-1749.90699082802
W50A000F,touch_1.7.0Beta1,6/11/2025 11:22:54,SSTDR,24,4,RG-58/U 50 ohm coax,0.66,None,Standard,0,0,24 MHz,105.762,3 MHz,12.2,6,1250,-1,1250,26.5277,Waveform,20.75,5138.7041817337
W50A000F,touch_1.7.0Beta1,6/11/2025 11:22:54,SSTDR,24,4,RG-58/U 50 ohm coax,0.66,None,Standard,0,0,24 MHz,105.762,3 MHz,12.2,6,1250,-1,1250,26.5277,Waveform,21,10085
W50A000F,touch_1.7.0Beta1,6/11/2025 11:22:54,SSTDR,24,4,RG-58/U 50 ohm coax,0.66,None,Standard,0,0,24 MHz,105.762,3 MHz,12.2,6,1250,-1,1250,26.5277,Waveform,21.25,12863.7258560003
W50A000F,touch_1.7.0Beta1,6/11/2025 11:22:54,SSTDR,24,4,RG-58/U 50 ohm coax,0.66,None,Standard,0,0,24 MHz,105.762,3 MHz,12.2,6,1250,-1,1250,26.5277,Waveform,21.5,13563.0932675755
W50A000F,touch_1.7.0Beta1,6/11/2025 11:22:54,SSTDR,24,4,RG-58/U 50 ohm coax,0.66,None,Standard,0,0,24 MHz,105.762,3 MHz,12.2,6,1250,-1,1250,26.5277,Waveform,21.75,12459.4305415429
W50A000F,touch_1.7.0Beta1,6/11/2025 11:22:54,SSTDR,24,4,RG-58/U 50 ohm coax,0.66,None,Standard,0,0,24 MHz,105.762,3 MHz,12.2,6,1250,-1,1250,26.5277,Waveform,22,9930
W50A000F,touch_1.7.0Beta1,6/11/2025 11:22:54,SSTDR,24,4,RG-58/U 50 ohm coax,0.66,None,Standard,0,0,24 MHz,105.762,3 MHz,12.2,6,1250,-1,1250,26.5277,Waveform,22.25,6416.0465054193
W50A000F,touch_1.7.0Beta1,6/11/2025 11:22:54,SSTDR,24,4,RG-58/U 50 ohm coax,0.66,None,Standard,0,0,24 MHz,105.762,3 MHz,12.2,6,1250,-1,1250,26.5277,Waveform,22.5,2412.91101907637
W50A000F,touch_1.7.0Beta1,6/11/2025 11:22:54,SSTDR,24,4,RG-58/U 50 ohm coax,0.66,None,Standard,0,0,24 MHz,105.762,3 MHz,12.2,6,1250,-1,1250,26.5277,Waveform,22.75,-1548.90834526288
W50A000F,touch_1.7.0Beta1,6/11/2025 11:22:54,SSTDR,24,4,RG-58/U 50 ohm coax,0.66,None,Standard,0,0,24 MHz,105.762,3 MHz,12.2,6,1250,-1,1250,26.5277,Waveform,23,-4955
W50A000F,touch_1.7.0Beta1,6/11/2025 11:22:54,SSTDR,24,4,RG-58/U 50 ohm coax,0.66,None,Standard,0,0,24 MHz,105.762,3 MHz,12.2,6,1250,-1,1250,26.5277,Waveform,23.25,-7386.20157515619
W50A000F,touch_1.7.0Beta1,6/11/2025 11:22:54,SSTDR,24,4,RG-58/U 50 ohm coax,0.66,None,Standard,0,0,24 MHz,105.762,3 MHz,12.2,6,1250,-1,1250,26.5277,Waveform,23.5,-8596.9970252288
W50A000F,touch_1.7.0Beta1,6/11/2025 11:22:54,SSTDR,24,4,RG-58/U 50 ohm coax,0.66,None,Standard,0,0,24 MHz,105.762,3 MHz,12.2,6,1250,-1,1250,26.5277,Waveform,23.75,-8558.01440891495
W50A000F,touch_1.7.0Beta1,6/11/2025 11:22:54,SSTDR,24,4,RG-58/U 50 ohm coax,0.66,None,Standard,0,0,24 MHz,105.762,3 MHz,12.2,6,1250,-1,1250,26.5277,Waveform,24,-7442
W50A000F,touch_1.7.0Beta1,6/11/2025 11:22:54,SSTDR,24,4,RG-58/U 50 ohm coax,0.66,None,Standard,0,0,24 MHz,105.762,3 MHz,12.2,6,1250,-1,1250,26.5277,Waveform,24.25,-5558.94602190842
W50A000F,touch_1.7.0Beta1,6/11/2025 11:22:54,SSTDR,24,4,RG-58/U 50 ohm coax,0.66,None,Standard,0,0,24 MHz,105.762,3 MHz,12.2,6,1250,-1,1250,26.5277,Waveform,24.5,-3268.7535858437
W50A000F,touch_1.7.0Beta1,6/11/2025 11:22:54,SSTDR,24,4,RG-58/U 50 ohm coax,0.66,None,Standard,0,0,24 MHz,105.762,3 MHz,12.2,6,1250,-1,1250,26.5277,Waveform,24.75,-906.456119895296
W50A000F,touch_1.7.0Beta1,6/11/2025 11:22:54,SSTDR,24,4,RG-58/U 50 ohm coax,0.66,None,Standard,0,0,24 MHz,105.762,3 MHz,12.2,6,1250,-1,1250,26.5277,Waveform,25,1257
W50A000F,touch_1.7.0Beta1,6/11/2025 11:22:54,SSTDR,24,4,RG-58/U 50 ohm coax,0.66,None,Standard,0,0,24 MHz,105.762,3 MHz,12.2,6,1250,-1,1250,26.5277,Waveform,25.25,3017.95868191873
W50A000F,touch_1.7.0Beta1,6/11/2025 11:22:54,SSTDR,24,4,RG-58/U 50 ohm coax,0.66,None,Standard,0,0,24 MHz,105.762,3 MHz,12.2,6,1250,-1,1250,26.5277,Waveform,25.5,4226.17079604168
W50A000F,touch_1.7.0Beta1,6/11/2025 11:22:54,SSTDR,24,4,RG-58/U 50 ohm coax,0.66,None,Standard,0,0,24 MHz,105.762,3 MHz,12.2,6,1250,-1,1250,26.5277,Waveform,25.75,4778.00641745557
W50A000F,touch_1.7.0Beta1,6/11/2025 11:22:54,SSTDR,24,4,RG-58/U 50 ohm coax,0.66,None,Standard,0,0,24 MHz,105.762,3 MHz,12.2,6,1250,-1,1250,26.5277,Waveform,26,4630
W50A000F,touch_1.7.0Beta1,6/11/2025 11:22:54,SSTDR,24,4,RG-58/U 50 ohm coax,0.66,None,Standard,0,0,24 MHz,105.762,3 MHz,12.2,6,1250,-1,1250,26.5277,Waveform,26.25,3826.52058548407
W50A000F,touch_1.7.0Beta1,6/11/2025 11:22:54,SSTDR,24,4,RG-58/U 50 ohm coax,0.66,None,Standard,0,0,24 MHz,105.762,3 MHz,12.2,6,1250,-1,1250,26.5277,Waveform,26.5,2520.00369082294
W50A000F,touch_1.7.0Beta1,6/11/2025 11:22:54,SSTDR,24,4,RG-58/U 50 ohm coax,0.66,None,Standard,0,0,24 MHz,105.762,3 MHz,12.2,6,1250,-1,1250,26.5277,Waveform,26.75,960.830254796704
W50A000F,touch_1.7.0Beta1,6/11/2025 11:22:54,SSTDR,24,4,RG-58/U 50 ohm coax,0.66,None,Standard,0,0,24 MHz,105.762,3 MHz,12.2,6,1250,-1,1250,26.5277,Waveform,27,-552.000000000001
W50A000F,touch_1.7.0Beta1,6/11/2025 11:22:54,SSTDR,24,4,RG-58/U 50 ohm coax,0.66,None,Standard,0,0,24 MHz,105.762,3 MHz,12.2,6,1250,-1,1250,26.5277,Waveform,27.25,-1746.64519888614
W50A000F,touch_1.7.0Beta1,6/11/2025 11:22:54,SSTDR,24,4,RG-58/U 50 ohm coax,0.66,None,Standard,0,0,24 MHz,105.762,3 MHz,12.2,6,1250,-1,1250,26.5277,Waveform,27.5,-2451.25740264817
W50A000F,touch_1.7.0Beta1,6/11/2025 11:22:54,SSTDR,24,4,RG-58/U 50 ohm coax,0.66,None,Standard,0,0,24 MHz,105.762,3 MHz,12.2,6,1250,-1,1250,26.5277,Waveform,27.75,-2632.73695579248
W50A000F,touch_1.7.0Beta1,6/11/2025 11:22:54,SSTDR,24,4,RG-58/U 50 ohm coax,0.66,None,Standard,0,0,24 MHz,105.762,3 MHz,12.2,6,1250,-1,1250,26.5277,Waveform,28,-2385
W50A000F,touch_1.7.0Beta1,6/11/2025 11:22:54,SSTDR,24,4,RG-58/U 50 ohm coax,0.66,None,Standard,0,0,24 MHz,105.762,3 MHz,12.2,6,1250,-1,1250,26.5277,Waveform,28.25,-1873.95239329501
W50A000F,touch_1.7.0Beta1,6/11/2025 11:22:54,SSTDR,24,4,RG-58/U 50 ohm coax,0.66,None,Standard,0,0,24 MHz,105.762,3 MHz,12.2,6,1250,-1,1250,26.5277,Waveform,28.5,-1266.27642681083
W50A000F,touch_1.7.0Beta1,6/11/2025 11:22:54,SSTDR,24,4,RG-58/U 50 ohm coax,0.66,None,Standard,0,0,24 MHz,105.762,3 MHz,12.2,6,1250,-1,1250,26.5277,Waveform,28.75,-674.901949962463
W50A000F,touch_1.7.0Beta1,6/11/2025 11:22:54,SSTDR,24,4,RG-58/U 50 ohm coax,0.66,None,Standard,0,0,24 MHz,105.762,3 MHz,12.2,6,1250,-1,1250,26.5277,Waveform,29,-143
W50A000F,touch_1.7.0Beta1,6/11/2025 11:22:54,SSTDR,24,4,RG-58/U 50 ohm coax,0.66,None,Standard,0,0,24 MHz,105.762,3 MHz,12.2,6,1250,-1,1250,26.5277,Waveform,29.25,333.055879609582
W50A000F,touch_1.7.0Beta1,6/11/2025 11:22:54,SSTDR,24,4,RG-58/U 50 ohm coax,0.66,None,Standard,0,0,24 MHz,105.762,3 MHz,12.2,6,1250,-1,1250,26.5277,Waveform,29.5,761.306279096707
W50A000F,touch_1.7.0Beta1,6/11/2025 11:22:54,SSTDR,24,4,RG-58/U 50 ohm coax,0.66,None,Standard,0,0,24 MHz,105.762,3 MHz,12.2,6,1250,-1,1250,26.5277,Waveform,29.75,1120.03054634331
W50A000F,touch_1.7.0Beta1,6/11/2025 11:22:54,SSTDR,24,4,RG-58/U 50 ohm coax,0.66,None,Standard,0,0,24 MHz,105.762,3 MHz,12.2,6,1250,-1,1250,26.5277,Waveform,30,1352
W50A000F,touch_1.7.0Beta1,6/11/2025 11:22:54,SSTDR,24,4,RG-58/U 50 ohm coax,0.66,None,Standard,0,0,24 MHz,105.762,3 MHz,12.2,6,1250,-1,1250,26.5277,Waveform,30.25,1389.45302537908
W50A000F,touch_1.7.0Beta1,6/11/2025 11:22:54,SSTDR,24,4,RG-58/U 50 ohm coax,0.66,None,Standard,0,0,24 MHz,105.762,3 MHz,12.2,6,1250,-1,1250,26.5277,Waveform,30.5,1194.05783691333
W50A000F,touch_1.7.0Beta1,6/11/2025 11:22:54,SSTDR,24,4,RG-58/U 50 ohm coax,0.66,None,Standard,0,0,24 MHz,105.762,3 MHz,12.2,6,1250,-1,1250,26.5277,Waveform,30.75,787.892479501247
W50A000F,touch_1.7.0Beta1,6/11/2025 11:22:54,SSTDR,24,4,RG-58/U 50 ohm coax,0.66,None,Standard,0,0,24 MHz,105.762,3 MHz,12.2,6,1250,-1,1250,26.5277,Waveform,31,257.000000000001
W50A000F,touch_1.7.0Beta1,6/11/2025 11:22:54,SSTDR,24,4,RG-58/U 50 ohm coax,0.66,None,Standard,0,0,24 MHz,105.762,3 MHz,12.2,6,1250,-1,1250,26.5277,Waveform,31.25,-275.436353473633
W50A000F,touch_1.7.0Beta1,6/11/2025 11:22:54,SSTDR,24,4,RG-58/U 50 ohm coax,0.66,None,Standard,0,0,24 MHz,105.762,3 MHz,12.2,6,1250,-1,1250,26.5277,Waveform,31.5,-692.863880497021
W50A000F,touch_1.7.0Beta1,6/11/2025 11:22:54,SSTDR,24,4,RG-58/U 50 ohm coax,0.66,None,Standard,0,0,24 MHz,105.762,3 MHz,12.2,6,1250,-1,1250,26.5277,Waveform,31.75,-924.363864256239
W50A000F,touch_1.7.0Beta1,6/11/2025 11:22:54,SSTDR,24,4,RG-58/U 50 ohm coax,0.66,None,Standard,0,0,24 MHz,105.762,3 MHz,12.2,6,1250,-1,1250,26.5277,Waveform,32,-960.999999999999
W50A000F,touch_1.7.0Beta1,6/11/2025 11:22:54,SSTDR,24,4,RG-58/U 50 ohm coax,0.66,None,Standard,0,0,24 MHz,105.762,3 MHz,12.2,6,1250,-1,1250,26.5277,Waveform,32.25,-844.632760574502
W50A000F,touch_1.7.0Beta1,6/11/2025 11:22:54,SSTDR,24,4,RG-58/U 50 ohm coax,0.66,None,Standard,0,0,24 MHz,105.762,3 MHz,12.2,6,1250,-1,1250,26.5277,Waveform,32.5,-638.73881354231
W50A000F,touch_1.7.0Beta1,6/11/2025 11:22:54,SSTDR,24,4,RG-58/U 50 ohm coax,0.66,None,Standard,0,0,24 MHz,105.762,3 MHz,12.2,6,1250,-1,1250,26.5277,Waveform,32.75,-398.62508205053
W50A000F,touch_1.7.0Beta1,6/11/2025 11:22:54,SSTDR,24,4,RG-58/U 50 ohm coax,0.66,None,Standard,0,0,24 MHz,105.762,3 MHz,12.2,6,1250,-1,1250,26.5277,Waveform,33,-155.999999999999
W50A000F,touch_1.7.0Beta1,6/11/2025 11:22:54,SSTDR,24,4,RG-58/U 50 ohm coax,0.66,None,Standard,0,0,24 MHz,105.762,3 MHz,12.2,6,1250,-1,1250,26.5277,Waveform,33.25,77.4992721914097
W50A000F,touch_1.7.0Beta1,6/11/2025 11:22:54,SSTDR,24,4,RG-58/U 50 ohm coax,0.66,None,Standard,0,0,24 MHz,105.762,3 MHz,12.2,6,1250,-1,1250,26.5277,Waveform,33.5,294.890289041709
W50A000F,touch_1.7.0Beta1,6/11/2025 11:22:54,SSTDR,24,4,RG-58/U 50 ohm coax,0.66,None,Standard,0,0,24 MHz,105.762,3 MHz,12.2,6,1250,-1,1250,26.5277,Waveform,33.75,479.732351082475
W50A000F,touch_1.7.0Beta1,6/11/2025 11:22:54,SSTDR,24,4,RG-58/U 50 ohm coax,0.66,None,Standard,0,0,24 MHz,105.762,3 MHz,12.2,6,1250,-1,1250,26.5277,Waveform,34,604.000000000002
W50A000F,touch_1.7.0Beta1,6/11/2025 11:22:54,SSTDR,24,4,RG-58/U 50 ohm coax,0.66,None,Standard,0,0,24 MHz,105.762,3 MHz,12.2,6,1250,-1,1250,26.5277,Waveform,34.25,639.674125184855
W50A000F,touch_1.7.0Beta1,6/11/2025 11:22:54,SSTDR,24,4,RG-58/U 50 ohm coax,0.66,None,Standard,0,0,24 MHz,105.762,3 MHz,12.2,6,1250,-1,1250,26.5277,Waveform,34.5,576.262020955192
W50A000F,touch_1.7.0Beta1,6/11/2025 11:22:54,SSTDR,24,4,RG-58/U 50 ohm coax,0.66,None,Standard,0,0,24 MHz,105.762,3 MHz,12.2,6,1250,-1,1250,26.5277,Waveform,34.75,432.250415132611
W50A000F,touch_1.7.0Beta1,6/11/2025 11:22:54,SSTDR,24,4,RG-58/U 50 ohm coax,0.66,None,Standard,0,0,24 MHz,105.762,3 MHz,12.2,6,1250,-1,1250,26.5277,Waveform,35,251.999999999998
W50A000F,touch_1.7.0Beta1,6/11/2025 11:22:54,SSTDR,24,4,RG-58/U 50 ohm coax,0.66,None,Standard,0,0,24 MHz,105.762,3 MHz,12.2,6,1250,-1,1250,26.5277,Waveform,35.25,88.4509664823773
W50A000F,touch_1.7.0Beta1,6/11/2025 11:22:54,SSTDR,24,4,RG-58/U 50 ohm coax,0.66,None,Standard,0,0,24 MHz,105.762,3 MHz,12.2,6,1250,-1,1250,26.5277,Waveform,35.5,-19.2930001150473
W50A000F,touch_1.7.0Beta1,6/11/2025 11:22:54,SSTDR,24,4,RG-58/U 50 ohm coax,0.66,None,Standard,0,0,24 MHz,105.762,3 MHz,12.2,6,1250,-1,1250,26.5277,Waveform,35.75,-61.1809414699567
W50A000F,touch_1.7.0Beta1,6/11/2025 11:22:54,SSTDR,24,4,RG-58/U 50 ohm coax,0.66,None,Standard,0,0,24 MHz,105.762,3 MHz,12.2,6,1250,-1,1250,26.5277,Waveform,36,-55.9999999999994
W50A000F,touch_1.7.0Beta1,6/11/2025 11:22:54,SSTDR,24,4,RG-58/U 50 ohm coax,0.66,None,Standard,0,0,24 MHz,105.762,3 MHz,12.2,6,1250,-1,1250,26.5277,Waveform,36.25,-36.4115131437324
W50A000F,touch_1.7.0Beta1,6/11/2025 11:22:54,SSTDR,24,4,RG-58/U 50 ohm coax,0.66,None,Standard,0,0,24 MHz,105.762,3 MHz,12.2,6,1250,-1,1250,26.5277,Waveform,36.5,-28.3160776877763
W50A000F,touch_1.7.0Beta1,6/11/2025 11:22:54,SSTDR,24,4,RG-58/U 50 ohm coax,0.66,None,Standard,0,0,24 MHz,105.762,3 MHz,12.2,6,1250,-1,1250,26.5277,Waveform,36.75,-36.5757285525129
W50A000F,touch_1.7.0Beta1,6/11/2025 11:22:54,SSTDR,24,4,RG-58/U 50 ohm coax,0.66,None,Standard,0,0,24 MHz,105.762,3 MHz,12.2,6,1250,-1,1250,26.5277,Waveform,37,-45.0000000000016
W50A000F,touch_1.7.0Beta1,6/11/2025 11:22:54,SSTDR,24,4,RG-58/U 50 ohm coax,0.66,None,Standard,0,0,24 MHz,105.762,3 MHz,12.2,6,1250,-1,1250,26.5277,Waveform,37.25,-29.8717176586382
W50A000F,touch_1.7.0Beta1,6/11/2025 11:22:54,SSTDR,24,4,RG-58/U 50 ohm coax,0.66,None,Standard,0,0,24 MHz,105.762,3 MHz,12.2,6,1250,-1,1250,26.5277,Waveform,37.5,21.7036531739649
W50A000F,touch_1.7.0Beta1,6/11/2025 11:22:54,SSTDR,24,4,RG-58/U 50 ohm coax,0.66,None,Standard,0,0,24 MHz,105.762,3 MHz,12.2,6,1250,-1,1250,26.5277,Waveform,37.75,100.033726689474
W50A000F,touch_1.7.0Beta1,6/11/2025 11:22:54,SSTDR,24,4,RG-58/U 50 ohm coax,0.66,None,Standard,0,0,24 MHz,105.762,3 MHz,12.2,6,1250,-1,1250,26.5277,Waveform,38,175.000000000001
W50A000F,touch_1.7.0Beta1,6/11/2025 11:22:54,SSTDR,24,4,RG-58/U 50 ohm coax,0.66,None,Standard,0,0,24 MHz,105.762,3 MHz,12.2,6,1250,-1,1250,26.5277,Waveform,38.25,211.16675176286
W50A000F,touch_1.7.0Beta1,6/11/2025 11:22:54,SSTDR,24,4,RG-58/U 50 ohm coax,0.66,None,Standard,0,0,24 MHz,105.762,3 MHz,12.2,6,1250,-1,1250,26.5277,Waveform,38.5,187.222210329507
W50A000F,touch_1.7.0Beta1,6/11/2025 11:22:54,SSTDR,24,4,RG-58/U 50 ohm coax,0.66,None,Standard,0,0,24 MHz,105.762,3 MHz,12.2,6,1250,-1,1250,26.5277,Waveform,38.75,108.594041026874
W50A000F,touch_1.7.0Beta1,6/11/2025 11:22:54,SSTDR,24,4,RG-58/U 50 ohm coax,0.66,None,Standard,0,0,24 MHz,105.762,3 MHz,12.2,6,1250,-1,1250,26.5277,Waveform,39,6.00000000000156
W50A000F,touch_1.7.0Beta1,6/11/2025 11:22:54,SSTDR,24,4,RG-58/U 50 ohm coax,0.66,None,Standard,0,0,24 MHz,105.762,3 MHz,12.2,6,1250,-1,1250,26.5277,Waveform,39.25,-79.3196569061641
W50A000F,touch_1.7.0Beta1,6/11/2025 11:22:54,SSTDR,24,4,RG-58/U 50 ohm coax,0.66,None,Standard,0,0,24 MHz,105.762,3 MHz,12.2,6,1250,-1,1250,26.5277,Waveform,39.5,-115.550626258819
W50A000F,touch_1.7.0Beta1,6/11/2025 11:22:54,SSTDR,24,4,RG-58/U 50 ohm coax,0.66,None,Standard,0,0,24 MHz,105.762,3 MHz,12.2,6,1250,-1,1250,26.5277,Waveform,39.75,-94.6784250437955
W50A000F,touch_1.7.0Beta1,6/11/2025 11:22:54,SSTDR,24,4,RG-58/U 50 ohm coax,0.66,None,Standard,0,0,24 MHz,105.762,3 MHz,12.2,6,1250,-1,1250,26.5277,Waveform,40,-34.0000000000008
W50A000F,touch_1.7.0Beta1,6/11/2025 11:22:54,SSTDR,24,4,RG-58/U 50 ohm coax,0.66,None,Standard,0,0,24 MHz,105.762,3 MHz,12.2,6,1250,-1,1250,26.5277,Waveform,40.25,35.1594571381182
W50A000F,touch_1.7.0Beta1,6/11/2025 11:22:54,SSTDR,24,4,RG-58/U 50 ohm coax,0.66,None,Standard,0,0,24 MHz,105.762,3 MHz,12.2,6,1250,-1,1250,26.5277,Waveform,40.5,84.5275429303038
W50A000F,touch_1.7.0Beta1,6/11/2025 11:22:54,SSTDR,24,4,RG-58/U 50 ohm coax,0.66,None,Standard,0,0,24 MHz,105.762,3 MHz,12.2,6,1250,-1,1250,26.5277,Waveform,40.75,102.134070336758
W50A000F,touch_1.7.0Beta1,6/11/2025 11:22:54,SSTDR,24,4,RG-58/U 50 ohm coax,0.66,None,Standard,0,0,24 MHz,105.762,3 MHz,12.2,6,1250,-1,1250,26.5277,Waveform,41,94.9999999999995
W50A000F,touch_1.7.0Beta1,6/11/2025 11:22:54,SSTDR,24,4,RG-58/U 50 ohm coax,0.66,None,Standard,0,0,24 MHz,105.762,3 MHz,12.2,6,1250,-1,1250,26.5277,Waveform,41.25,80.9923552102009
W50A000F,touch_1.7.0Beta1,6/11/2025 11:22:54,SSTDR,24,4,RG-58/U 50 ohm coax,0.66,None,Standard,0,0,24 MHz,105.762,3 MHz,12.2,6,1250,-1,1250,26.5277,Waveform,41.5,75.6887454898211
W50A000F,touch_1.7.0Beta1,6/11/2025 11:22:54,SSTDR,24,4,RG-58/U 50 ohm coax,0.66,None,Standard,0,0,24 MHz,105.762,3 MHz,12.2,6,1250,-1,1250,26.5277,Waveform,41.75,82.4072422853499
W50A000F,touch_1.7.0Beta1,6/11/2025 11:22:54,SSTDR,24,4,RG-58/U 50 ohm coax,0.66,None,Standard,0,0,24 MHz,105.762,3 MHz,12.2,6,1250,-1,1250,26.5277,Waveform,42,91.000000000002
W50A000F,touch_1.7.0Beta1,6/11/2025 11:22:54,SSTDR,24,4,RG-58/U 50 ohm coax,0.66,None,Standard,0,0,24 MHz,105.762,3 MHz,12.2,6,1250,-1,1250,26.5277,Waveform,42.25,85.3999313767165
W50A000F,touch_1.7.0Beta1,6/11/2025 11:22:54,SSTDR,24,4,RG-58/U 50 ohm coax,0.66,None,Standard,0,0,24 MHz,105.762,3 MHz,12.2,6,1250,-1,1250,26.5277,Waveform,42.5,54.7254628643236
W50A000F,touch_1.7.0Beta1,6/11/2025 11:22:54,SSTDR,24,4,RG-58/U 50 ohm coax,0.66,None,Standard,0,0,24 MHz,105.762,3 MHz,12.2,6,1250,-1,1250,26.5277,Waveform,42.75,0.996882869323599
W50A000F,touch_1.7.0Beta1,6/11/2025 11:22:54,SSTDR,24,4,RG-58/U 50 ohm coax,0.66,None,Standard,0,0,24 MHz,105.762,3 MHz,12.2,6,1250,-1,1250,26.5277,Waveform,43,-61.0000000000006
W50A000F,touch_1.7.0Beta1,6/11/2025 11:22:54,SSTDR,24,4,RG-58/U 50 ohm coax,0.66,None,Standard,0,0,24 MHz,105.762,3 MHz,12.2,6,1250,-1,1250,26.5277,Waveform,43.25,-111.202460737426
W50A000F,touch_1.7.0Beta1,6/11/2025 11:22:54,SSTDR,24,4,RG-58/U 50 ohm coax,0.66,None,Standard,0,0,24 MHz,105.762,3 MHz,12.2,6,1250,-1,1250,26.5277,Waveform,43.5,-134.283654916783
W50A000F,touch_1.7.0Beta1,6/11/2025 11:22:54,SSTDR,24,4,RG-58/U 50 ohm coax,0.66,None,Standard,0,0,24 MHz,105.762,3 MHz,12.2,6,1250,-1,1250,26.5277,Waveform,43.75,-126.222713964968
W50A000F,touch_1.7.0Beta1,6/11/2025 11:22:54,SSTDR,24,4,RG-58/U 50 ohm coax,0.66,None,Standard,0,0,24 MHz,105.762,3 MHz,12.2,6,1250,-1,1250,26.5277,Waveform,44,-94.0000000000005
W50A000F,touch_1.7.0Beta1,6/11/2025 11:22:54,SSTDR,24,4,RG-58/U 50 ohm coax,0.66,None,Standard,0,0,24 MHz,105.762,3 MHz,12.2,6,1250,-1,1250,26.5277,Waveform,44.25,-49.4266109694481
W50A000F,touch_1.7.0Beta1,6/11/2025 11:22:54,SSTDR,24,4,RG-58/U 50 ohm coax,0.66,None,Standard,0,0,24 MHz,105.762,3 MHz,12.2,6,1250,-1,1250,26.5277,Waveform,44.5,-1.62868535855825
W50A000F,touch_1.7.0Beta1,6/11/2025 11:22:54,SSTDR,24,4,RG-58/U 50 ohm coax,0.66,None,Standard,0,0,24 MHz,105.762,3 MHz,12.2,6,1250,-1,1250,26.5277,Waveform,44.75,46.8370407939947
W50A000F,touch_1.7.0Beta1,6/11/2025 11:22:54,SSTDR,24,4,RG-58/U 50 ohm coax,0.66,None,Standard,0,0,24 MHz,105.762,3 MHz,12.2,6,1250,-1,1250,26.5277,Waveform,45,97.9999999999982
W50A000F,touch_1.7.0Beta1,6/11/2025 11:22:54,SSTDR,24,4,RG-58/U 50 ohm coax,0.66,None,Standard,0,0,24 MHz,105.762,3 MHz,12.2,6,1250,-1,1250,26.5277,Waveform,45.25,152.466021127505
W50A000F,touch_1.7.0Beta1,6/11/2025 11:22:54,SSTDR,24,4,RG-58/U 50 ohm coax,0.66,None,Standard,0,0,24 MHz,105.762,3 MHz,12.2,6,1250,-1,1250,26.5277,Waveform,45.5,203.99474435235
W50A000F,touch_1.7.0Beta1,6/11/2025 11:22:54,SSTDR,24,4,RG-58/U 50 ohm coax,0.66,None,Standard,0,0,24 MHz,105.762,3 MHz,12.2,6,1250,-1,1250,26.5277,Waveform,45.75,238.9822624441
W50A000F,touch_1.7.0Beta1,6/11/2025 11:22:54,SSTDR,24,4,RG-58/U 50 ohm coax,0.66,None,Standard,0,0,24 MHz,105.762,3 MHz,12.2,6,1250,-1,1250,26.5277,Waveform,46,242
W50A000F,touch_1.7.0Beta1,6/11/2025 11:22:54,SSTDR,24,4,RG-58/U 50 ohm coax,0.66,None,Standard,0,0,24 MHz,105.762,3 MHz,12.2,6,1250,-1,1250,26.5277,Waveform,46.25,204.508743644272
W50A000F,touch_1.7.0Beta1,6/11/2025 11:22:54,SSTDR,24,4,RG-58/U 50 ohm coax,0.66,None,Standard,0,0,24 MHz,105.762,3 MHz,12.2,6,1250,-1,1250,26.5277,Waveform,46.5,131.519887112182
W50A000F,touch_1.7.0Beta1,6/11/2025 11:22:54,SSTDR,24,4,RG-58/U 50 ohm coax,0.66,None,Standard,0,0,24 MHz,105.762,3 MHz,12.2,6,1250,-1,1250,26.5277,Waveform,46.75,41.8247284084136
W50A000F,touch_1.7.0Beta1,6/11/2025 11:22:54,SSTDR,24,4,RG-58/U 50 ohm coax,0.66,None,Standard,0,0,24 MHz,105.762,3 MHz,12.2,6,1250,-1,1250,26.5277,Waveform,47,-38.9999999999984
W50A000F,touch_1.7.0Beta1,6/11/2025 11:22:54,SSTDR,24,4,RG-58/U 50 ohm coax,0.66,None,Standard,0,0,24 MHz,105.762,3 MHz,12.2,6,1250,-1,1250,26.5277,Waveform,47.25,-89.4140809152959
W50A000F,touch_1.7.0Beta1,6/11/2025 11:22:54,SSTDR,24,4,RG-58/U 50 ohm coax,0.66,None,Standard,0,0,24 MHz,105.762,3 MHz,12.2,6,1250,-1,1250,26.5277,Waveform,47.5,-100.887325572334
W50A000F,touch_1.7.0Beta1,6/11/2025 11:22:54,SSTDR,24,4,RG-58/U 50 ohm coax,0.66,None,Standard,0,0,24 MHz,105.762,3 MHz,12.2,6,1250,-1,1250,26.5277,Waveform,47.75,-80.3369694564228
W50A000F,touch_1.7.0Beta1,6/11/2025 11:22:54,SSTDR,24,4,RG-58/U 50 ohm coax,0.66,None,Standard,0,0,24 MHz,105.762,3 MHz,12.2,6,1250,-1,1250,26.5277,Waveform,48,-45.0000000000003
W50A000F,touch_1.7.0Beta1,6/11/2025 11:22:54,SSTDR,24,4,RG-58/U 50 ohm coax,0.66,None,Standard,0,0,24 MHz,105.762,3 MHz,12.2,6,1250,-1,1250,26.5277,Waveform,48.25,-12.871343092432
W50A000F,touch_1.7.0Beta1,6/11/2025 11:22:54,SSTDR,24,4,RG-58/U 50 ohm coax,0.66,None,Standard,0,0,24 MHz,105.762,3 MHz,12.2,6,1250,-1,1250,26.5277,Waveform,48.5,5.91842041487757
W50A000F,touch_1.7.0Beta1,6/11/2025 11:22:54,SSTDR,24,4,RG-58/U 50 ohm coax,0.66,None,Standard,0,0,24 MHz,105.762,3 MHz,12.2,6,1250,-1,1250,26.5277,Waveform,48.75,12.3094385594538
W50A000F,touch_1.7.0Beta1,6/11/2025 11:22:54,SSTDR,24,4,RG-58/U 50 ohm coax,0.66,None,Standard,0,0,24 MHz,105.762,3 MHz,12.2,6,1250,-1,1250,26.5277,Waveform,49,15
W50A000F,touch_1.7.0Beta1,6/11/2025 11:22:54,SSTDR,24,4,RG-58/U 50 ohm coax,0.66,None,Standard,0,0,24 MHz,105.762,3 MHz,12.2,6,1250,-1,1250,26.5277,Waveform,49.25,23.2703338832809
W50A000F,touch_1.7.0Beta1,6/11/2025 11:22:54,SSTDR,24,4,RG-58/U 50 ohm coax,0.66,None,Standard,0,0,24 MHz,105.762,3 MHz,12.2,6,1250,-1,1250,26.5277,Waveform,49.5,40.5271026696797
W50A000F,touch_1.7.0Beta1,6/11/2025 11:22:54,SSTDR,24,4,RG-58/U 50 ohm coax,0.66,None,Standard,0,0,24 MHz,105.762,3 MHz,12.2,6,1250,-1,1250,26.5277,Waveform,49.75,62.2460801104153
W50A000F,touch_1.7.0Beta1,6/11/2025 11:22:54,SSTDR,24,4,RG-58/U 50 ohm coax,0.66,None,Standard,0,0,24 MHz,105.762,3 MHz,12.2,6,1250,-1,1250,26.5277,Waveform,50,79.0000000000018
W50A000F,touch_1.7.0Beta1,6/11/2025 11:22:54,SSTDR,24,4,RG-58/U 50 ohm coax,0.66,None,Standard,0,0,24 MHz,105.762,3 MHz,12.2,6,1250,-1,1250,26.5277,Waveform,50.25,82.1507000799846
W50A000F,touch_1.7.0Beta1,6/11/2025 11:22:54,SSTDR,24,4,RG-58/U 50 ohm coax,0.66,None,Standard,0,0,24 MHz,105.762,3 MHz,12.2,6,1250,-1,1250,26.5277,Waveform,50.5,68.4707636606402
W50A000F,touch_1.7.0Beta1,6/11/2025 11:22:54,SSTDR,24,4,RG-58/U 50 ohm coax,0.66,None,Standard,0,0,24 MHz,105.762,3 MHz,12.2,6,1250,-1,1250,26.5277,Waveform,50.75,41.1099288264052
W50A000F,touch_1.7.0Beta1,6/11/2025 11:22:54,SSTDR,24,4,RG-58/U 50 ohm coax,0.66,None,Standard,0,0,24 MHz,105.762,3 MHz,12.2,6,1250,-1,1250,26.5277,Waveform,51,7.00000000000078
W50A000F,touch_1.7.0Beta1,6/11/2025 11:22:54,SSTDR,24,4,RG-58/U 50 ohm coax,0.66,None,Standard,0,0,24 MHz,105.762,3 MHz,12.2,6,1250,-1,1250,26.5277,Waveform,51.25,-26.8754786739541
W50A000F,touch_1.7.0Beta1,6/11/2025 11:22:54,SSTDR,24,4,RG-58/U 50 ohm coax,0.66,None,Standard,0,0,24 MHz,105.762,3 MHz,12.2,6,1250,-1,1250,26.5277,Waveform,51.5,-55.4933559669104
W50A000F,touch_1.7.0Beta1,6/11/2025 11:22:54,SSTDR,24,4,RG-58/U 50 ohm coax,0.66,None,Standard,0,0,24 MHz,105.762,3 MHz,12.2,6,1250,-1,1250,26.5277,Waveform,51.75,-74.9265014426076
W50A000F,touch_1.7.0Beta1,6/11/2025 11:22:54,SSTDR,24,4,RG-58/U 50 ohm coax,0.66,None,Standard,0,0,24 MHz,105.762,3 MHz,12.2,6,1250,-1,1250,26.5277,Waveform,52,-79.9999999999995
W50A000F,touch_1.7.0Beta1,6/11/2025 11:22:54,SSTDR,24,4,RG-58/U 50 ohm coax,0.66,None,Standard,0,0,24 MHz,105.762,3 MHz,12.2,6,1250,-1,1250,26.5277,Waveform,52.25,-63.3873968556857
W50A000F,touch_1.7.0Beta1,6/11/2025 11:22:54,SSTDR,24,4,RG-58/U 50 ohm coax,0.66,None,Standard,0,0,24 MHz,105.762,3 MHz,12.2,6,1250,-1,1250,26.5277,Waveform,52.5,-18.3208596137054
W50A000F,touch_1.7.0Beta1,6/11/2025 11:22:54,SSTDR,24,4,RG-58/U 50 ohm coax,0.66,None,Standard,0,0,24 MHz,105.762,3 MHz,12.2,6,1250,-1,1250,26.5277,Waveform,52.75,55.6103688797827
W50A000F,touch_1.7.0Beta1,6/11/2025 11:22:54,SSTDR,24,4,RG-58/U 50 ohm coax,0.66,None,Standard,0,0,24 MHz,105.762,3 MHz,12.2,6,1250,-1,1250,26.5277,Waveform,53,147.000000000001
W50A000F,touch_1.7.0Beta1,6/11/2025 11:22:54,SSTDR,24,4,RG-58/U 50 ohm coax,0.66,None,Standard,0,0,24 MHz,105.762,3 MHz,12.2,6,1250,-1,1250,26.5277,Waveform,53.25,231.929042725413
W50A000F,touch_1.7.0Beta1,6/11/2025 11:22:54,SSTDR,24,4,RG-58/U 50 ohm coax,0.66,None,Standard,0,0,24 MHz,105.762,3 MHz,12.2,6,1250,-1,1250,26.5277,Waveform,53.5,280.502626940801
W50A000F,touch_1.7.0Beta1,6/11/2025 11:22:54,SSTDR,24,4,RG-58/U 50 ohm coax,0.66,None,Standard,0,0,24 MHz,105.762,3 MHz,12.2,6,1250,-1,1250,26.5277,Waveform,53.75,268.985444090824
W50A000F,touch_1.7.0Beta1,6/11/2025 11:22:54,SSTDR,24,4,RG-58/U 50 ohm coax,0.66,None,Standard,0,0,24 MHz,105.762,3 MHz,12.2,6,1250,-1,1250,26.5277,Waveform,54,192.000000000001
W50A000F,touch_1.7.0Beta1,6/11/2025 11:22:54,SSTDR,24,4,RG-58/U 50 ohm coax,0.66,None,Standard,0,0,24 MHz,105.762,3 MHz,12.2,6,1250,-1,1250,26.5277,Waveform,54.25,68.0729208079501
W50A000F,touch_1.7.0Beta1,6/11/2025 11:22:54,SSTDR,24,4,RG-58/U 50 ohm coax,0.66,None,Standard,0,0,24 MHz,105.762,3 MHz,12.2,6,1250,-1,1250,26.5277,Waveform,54.5,-65.5243143810382
W50A000F,touch_1.7.0Beta1,6/11/2025 11:22:54,SSTDR,24,4,RG-58/U 50 ohm coax,0.66,None,Standard,0,0,24 MHz,105.762,3 MHz,12.2,6,1250,-1,1250,26.5277,Waveform,54.75,-167.315773766724
W50A000F,touch_1.7.0Beta1,6/11/2025 11:22:54,SSTDR,24,4,RG-58/U 50 ohm coax,0.66,None,Standard,0,0,24 MHz,105.762,3 MHz,12.2,6,1250,-1,1250,26.5277,Waveform,55,-209
W50A000F,touch_1.7.0Beta1,6/11/2025 11:22:54,SSTDR,24,4,RG-58/U 50 ohm coax,0.66,None,Standard,0,0,24 MHz,105.762,3 MHz,12.2,6,1250,-1,1250,26.5277,Waveform,55.25,-187.10200001989
W50A000F,touch_1.7.0Beta1,6/11/2025 11:22:54,SSTDR,24,4,RG-58/U 50 ohm coax,0.66,None,Standard,0,0,24 MHz,105.762,3 MHz,12.2,6,1250,-1,1250,26.5277,Waveform,55.5,-122.899658567577
W50A000F,touch_1.7.0Beta1,6/11/2025 11:22:54,SSTDR,24,4,RG-58/U 50 ohm coax,0.66,None,Standard,0,0,24 MHz,105.762,3 MHz,12.2,6,1250,-1,1250,26.5277,Waveform,55.75,-50.6076490976745
W50A000F,touch_1.7.0Beta1,6/11/2025 11:22:54,SSTDR,24,4,RG-58/U 50 ohm coax,0.66,None,Standard,0,0,24 MHz,105.762,3 MHz,12.2,6,1250,-1,1250,26.5277,Waveform,56,-3.08578559530101e-13
W50A000F,touch_1.7.0Beta1,6/11/2025 11:22:54,SSTDR,24,4,RG-58/U 50 ohm coax,0.66,None,Standard,0,0,24 MHz,105.762,3 MHz,12.2,6,1250,-1,1250,26.5277,Waveform,56.25,17.3915874390874
W50A000F,touch_1.7.0Beta1,6/11/2025 11:22:54,SSTDR,24,4,RG-58/U 50 ohm coax,0.66,None,Standard,0,0,24 MHz,105.762,3 MHz,12.2,6,1250,-1,1250,26.5277,Waveform,56.5,11.3823653938885
W50A000F,touch_1.7.0Beta1,6/11/2025 11:22:54,SSTDR,24,4,RG-58/U 50 ohm coax,0.66,None,Standard,0,0,24 MHz,105.762,3 MHz,12.2,6,1250,-1,1250,26.5277,Waveform,56.75,4.35838345427148
W50A000F,touch_1.7.0Beta1,6/11/2025 11:22:54,SSTDR,24,4,RG-58/U 50 ohm coax,0.66,None,Standard,0,0,24 MHz,105.762,3 MHz,12.2,6,1250,-1,1250,26.5277,Waveform,57,16
W50A000F,touch_1.7.0Beta1,6/11/2025 11:22:54,SSTDR,24,4,RG-58/U 50 ohm coax,0.66,None,Standard,0,0,24 MHz,105.762,3 MHz,12.2,6,1250,-1,1250,26.5277,Waveform,57.25,50.3854370676336
W50A000F,touch_1.7.0Beta1,6/11/2025 11:22:54,SSTDR,24,4,RG-58/U 50 ohm coax,0.66,None,Standard,0,0,24 MHz,105.762,3 MHz,12.2,6,1250,-1,1250,26.5277,Waveform,57.5,92.8183516798306
W50A000F,touch_1.7.0Beta1,6/11/2025 11:22:54,SSTDR,24,4,RG-58/U 50 ohm coax,0.66,None,Standard,0,0,24 MHz,105.762,3 MHz,12.2,6,1250,-1,1250,26.5277,Waveform,57.75,118.047732650404
W50A000F,touch_1.7.0Beta1,6/11/2025 11:22:54,SSTDR,24,4,RG-58/U 50 ohm coax,0.66,None,Standard,0,0,24 MHz,105.762,3 MHz,12.2,6,1250,-1,1250,26.5277,Waveform,58,104.999999999999
W50A000F,touch_1.7.0Beta1,6/11/2025 11:22:54,SSTDR,24,4,RG-58/U 50 ohm coax,0.66,None,Standard,0,0,24 MHz,105.762,3 MHz,12.2,6,1250,-1,1250,26.5277,Waveform,58.25,49.4791505876595
W50A000F,touch_1.7.0Beta1,6/11/2025 11:22:54,SSTDR,24,4,RG-58/U 50 ohm coax,0.66,None,Standard,0,0,24 MHz,105.762,3 MHz,12.2,6,1250,-1,1250,26.5277,Waveform,58.5,-32.4151322023513
W50A000F,touch_1.7.0Beta1,6/11/2025 11:22:54,SSTDR,24,4,RG-58/U 50 ohm coax,0.66,None,Standard,0,0,24 MHz,105.762,3 MHz,12.2,6,1250,-1,1250,26.5277,Waveform,58.75,-111.959540657447
W50A000F,touch_1.7.0Beta1,6/11/2025 11:22:54,SSTDR,24,4,RG-58/U 50 ohm coax,0.66,None,Standard,0,0,24 MHz,105.762,3 MHz,12.2,6,1250,-1,1250,26.5277,Waveform,59,-162.000000000001
W50A000F,touch_1.7.0Beta1,6/11/2025 11:22:54,SSTDR,24,4,RG-58/U 50 ohm coax,0.66,None,Standard,0,0,24 MHz,105.762,3 MHz,12.2,6,1250,-1,1250,26.5277,Waveform,59.25,-169.508505591451
W50A000F,touch_1.7.0Beta1,6/11/2025 11:22:54,SSTDR,24,4,RG-58/U 50 ohm coax,0.66,None,Standard,0,0,24 MHz,105.762,3 MHz,12.2,6,1250,-1,1250,26.5277,Waveform,59.5,-139.599540508956
W50A000F,touch_1.7.0Beta1,6/11/2025 11:22:54,SSTDR,24,4,RG-58/U 50 ohm coax,0.66,None,Standard,0,0,24 MHz,105.762,3 MHz,12.2,6,1250,-1,1250,26.5277,Waveform,59.75,-89.3686627526338
W50A000F,touch_1.7.0Beta1,6/11/2025 11:22:54,SSTDR,24,4,RG-58/U 50 ohm coax,0.66,None,Standard,0,0,24 MHz,105.762,3 MHz,12.2,6,1250,-1,1250,26.5277,Waveform,60,-36.0000000000019
W50A000F,touch_1.7.0Beta1,6/11/2025 11:22:54,SSTDR,24,4,RG-58/U 50 ohm coax,0.66,None,Standard,0,0,24 MHz,105.762,3 MHz,12.2,6,1250,-1,1250,26.5277,Waveform,60.25,13.1667760367288
W50A000F,touch_1.7.0Beta1,6/11/2025 11:22:54,SSTDR,24,4,RG-58/U 50 ohm coax,0.66,None,Standard,0,0,24 MHz,105.762,3 MHz,12.2,6,1250,-1,1250,26.5277,Waveform,60.5,62.444344479966
W50A000F,touch_1.7.0Beta1,6/11/2025 11:22:54,SSTDR,24,4,RG-58/U 50 ohm coax,0.66,None,Standard,0,0,24 MHz,105.762,3 MHz,12.2,6,1250,-1,1250,26.5277,Waveform,60.75,120.646665718702
W50A000F,touch_1.7.0Beta1,6/11/2025 11:22:54,SSTDR,24,4,RG-58/U 50 ohm coax,0.66,None,Standard,0,0,24 MHz,105.762,3 MHz,12.2,6,1250,-1,1250,26.5277,Waveform,61,189.999999999998
W50A000F,touch_1.7.0Beta1,6/11/2025 11:22:54,SSTDR,24,4,RG-58/U 50 ohm coax,0.66,None,Standard,0,0,24 MHz,105.762,3 MHz,12.2,6,1250,-1,1250,26.5277,Waveform,61.25,258.881269462095
W50A000F,touch_1.7.0Beta1,6/11/2025 11:22:54,SSTDR,24,4,RG-58/U 50 ohm coax,0.66,None,Standard,0,0,24 MHz,105.762,3 MHz,12.2,6,1250,-1,1250,26.5277,Waveform,61.5,304.004729143473
W50A000F,touch_1.7.0Beta1,6/11/2025 11:22:54,SSTDR,24,4,RG-58/U 50 ohm coax,0.66,None,Standard,0,0,24 MHz,105.762,3 MHz,12.2,6,1250,-1,1250,26.5277,Waveform,61.75,301.83858936167
W50A000F,touch_1.7.0Beta1,6/11/2025 11:22:54,SSTDR,24,4,RG-58/U 50 ohm coax,0.66,None,Standard,0,0,24 MHz,105.762,3 MHz,12.2,6,1250,-1,1250,26.5277,Waveform,62,243
W50A000F,touch_1.7.0Beta1,6/11/2025 11:22:54,SSTDR,24,4,RG-58/U 50 ohm coax,0.66,None,Standard,0,0,24 MHz,105.762,3 MHz,12.2,6,1250,-1,1250,26.5277,Waveform,62.25,140.884625351528
W50A000F,touch_1.7.0Beta1,6/11/2025 11:22:54,SSTDR,24,4,RG-58/U 50 ohm coax,0.66,None,Standard,0,0,24 MHz,105.762,3 MHz,12.2,6,1250,-1,1250,26.5277,Waveform,62.5,28.5418908760297
W50A000F,touch_1.7.0Beta1,6/11/2025 11:22:54,SSTDR,24,4,RG-58/U 50 ohm coax,0.66,None,Standard,0,0,24 MHz,105.762,3 MHz,12.2,6,1250,-1,1250,26.5277,Waveform,62.75,-55.6090422453745
W50A000F,touch_1.7.0Beta1,6/11/2025 11:22:54,SSTDR,24,4,RG-58/U 50 ohm coax,0.66,None,Standard,0,0,24 MHz,105.762,3 MHz,12.2,6,1250,-1,1250,26.5277,Waveform,63,-86.0000000000011
W50A000F,touch_1.7.0Beta1,6/11/2025 11:22:54,SSTDR,24,4,RG-58/U 50 ohm coax,0.66,None,Standard,0,0,24 MHz,105.762,3 MHz,12.2,6,1250,-1,1250,26.5277,Waveform,63.25,-62.1340782062007
W50A000F,touch_1.7.0Beta1,6/11/2025 11:22:54,SSTDR,24,4,RG-58/U 50 ohm coax,0.66,None,Standard,0,0,24 MHz,105.762,3 MHz,12.2,6,1250,-1,1250,26.5277,Waveform,63.5,-7.83642834786482
W50A000F,touch_1.7.0Beta1,6/11/2025 11:22:54,SSTDR,24,4,RG-58/U 50 ohm coax,0.66,None,Standard,0,0,24 MHz,105.762,3 MHz,12.2,6,1250,-1,1250,26.5277,Waveform,63.75,42.316796832059
W50A000F,touch_1.7.0Beta1,6/11/2025 11:22:54,SSTDR,24,4,RG-58/U 50 ohm coax,0.66,None,Standard,0,0,24 MHz,105.762,3 MHz,12.2,6,1250,-1,1250,26.5277,Waveform,64,61.9999999999992
W50A000F,touch_1.7.0Beta1,6/11/2025 11:22:54,SSTDR,24,4,RG-58/U 50 ohm coax,0.66,None,Standard,0,0,24 MHz,105.762,3 MHz,12.2,6,1250,-1,1250,26.5277,Waveform,64.25,47.010500887978
W50A000F,touch_1.7.0Beta1,6/11/2025 11:22:54,SSTDR,24,4,RG-58/U 50 ohm coax,0.66,None,Standard,0,0,24 MHz,105.762,3 MHz,12.2,6,1250,-1,1250,26.5277,Waveform,64.5,16.2779718011667
W50A000F,touch_1.7.0Beta1,6/11/2025 11:22:54,SSTDR,24,4,RG-58/U 50 ohm coax,0.66,None,Standard,0,0,24 MHz,105.762,3 MHz,12.2,6,1250,-1,1250,26.5277,Waveform,64.75,-0.436268317372586
W50A000F,touch_1.7.0Beta1,6/11/2025 11:22:54,SSTDR,24,4,RG-58/U 50 ohm coax,0.66,None,Standard,0,0,24 MHz,105.762,3 MHz,12.2,6,1250,-1,1250,26.5277,Waveform,65,18.9999999999997
W50A000F,touch_1.7.0Beta1,6/11/2025 11:22:54,SSTDR,24,4,RG-58/U 50 ohm coax,0.66,None,Standard,0,0,24 MHz,105.762,3 MHz,12.2,6,1250,-1,1250,26.5277,Waveform,65.25,75.1448997660065
W50A000F,touch_1.7.0Beta1,6/11/2025 11:22:54,SSTDR,24,4,RG-58/U 50 ohm coax,0.66,None,Standard,0,0,24 MHz,105.762,3 MHz,12.2,6,1250,-1,1250,26.5277,Waveform,65.5,145.620214436187
W50A000F,touch_1.7.0Beta1,6/11/2025 11:22:54,SSTDR,24,4,RG-58/U 50 ohm coax,0.66,None,Standard,0,0,24 MHz,105.762,3 MHz,12.2,6,1250,-1,1250,26.5277,Waveform,65.75,197.137893941514
W50A000F,touch_1.7.0Beta1,6/11/2025 11:22:54,SSTDR,24,4,RG-58/U 50 ohm coax,0.66,None,Standard,0,0,24 MHz,105.762,3 MHz,12.2,6,1250,-1,1250,26.5277,Waveform,66,203.999999999999
W50A000F,touch_1.7.0Beta1,6/11/2025 11:22:54,SSTDR,24,4,RG-58/U 50 ohm coax,0.66,None,Standard,0,0,24 MHz,105.762,3 MHz,12.2,6,1250,-1,1250,26.5277,Waveform,66.25,162.449417173311
W50A000F,touch_1.7.0Beta1,6/11/2025 11:22:54,SSTDR,24,4,RG-58/U 50 ohm coax,0.66,None,Standard,0,0,24 MHz,105.762,3 MHz,12.2,6,1250,-1,1250,26.5277,Waveform,66.5,92.7018634356313
W50A000F,touch_1.7.0Beta1,6/11/2025 11:22:54,SSTDR,24,4,RG-58/U 50 ohm coax,0.66,None,Standard,0,0,24 MHz,105.762,3 MHz,12.2,6,1250,-1,1250,26.5277,Waveform,66.75,27.6600153062879
W50A000F,touch_1.7.0Beta1,6/11/2025 11:22:54,SSTDR,24,4,RG-58/U 50 ohm coax,0.66,None,Standard,0,0,24 MHz,105.762,3 MHz,12.2,6,1250,-1,1250,26.5277,Waveform,67,-5
W50A000F,touch_1.7.0Beta1,6/11/2025 11:22:54,SSTDR,24,4,RG-58/U 50 ohm coax,0.66,None,Standard,0,0,24 MHz,105.762,3 MHz,12.2,6,1250,-1,1250,26.5277,Waveform,67.25,3.03304706700666
W50A000F,touch_1.7.0Beta1,6/11/2025 11:22:54,SSTDR,24,4,RG-58/U 50 ohm coax,0.66,None,Standard,0,0,24 MHz,105.762,3 MHz,12.2,6,1250,-1,1250,26.5277,Waveform,67.5,38.3279535195688
W50A000F,touch_1.7.0Beta1,6/11/2025 11:22:54,SSTDR,24,4,RG-58/U 50 ohm coax,0.66,None,Standard,0,0,24 MHz,105.762,3 MHz,12.2,6,1250,-1,1250,26.5277,Waveform,67.75,75.9951151839795
W50A000F,touch_1.7.0Beta1,6/11/2025 11:22:54,SSTDR,24,4,RG-58/U 50 ohm coax,0.66,None,Standard,0,0,24 MHz,105.762,3 MHz,12.2,6,1250,-1,1250,26.5277,Waveform,68,95.999999999999
W50A000F,touch_1.7.0Beta1,6/11/2025 11:22:54,SSTDR,24,4,RG-58/U 50 ohm coax,0.66,None,Standard,0,0,24 MHz,105.762,3 MHz,12.2,6,1250,-1,1250,26.5277,Waveform,68.25,95.3786791197261
W50A000F,touch_1.7.0Beta1,6/11/2025 11:22:54,SSTDR,24,4,RG-58/U 50 ohm coax,0.66,None,Standard,0,0,24 MHz,105.762,3 MHz,12.2,6,1250,-1,1250,26.5277,Waveform,68.5,88.8582389682519
W50A000F,touch_1.7.0Beta1,6/11/2025 11:22:54,SSTDR,24,4,RG-58/U 50 ohm coax,0.66,None,Standard,0,0,24 MHz,105.762,3 MHz,12.2,6,1250,-1,1250,26.5277,Waveform,68.75,97.5731881398782
W50A000F,touch_1.7.0Beta1,6/11/2025 11:22:54,SSTDR,24,4,RG-58/U 50 ohm coax,0.66,None,Standard,0,0,24 MHz,105.762,3 MHz,12.2,6,1250,-1,1250,26.5277,Waveform,69,132.999999999996
W50A000F,touch_1.7.0Beta1,6/11/2025 11:22:54,SSTDR,24,4,RG-58/U 50 ohm coax,0.66,None,Standard,0,0,24 MHz,105.762,3 MHz,12.2,6,1250,-1,1250,26.5277,Waveform,69.25,186.39667708593
W50A000F,touch_1.7.0Beta1,6/11/2025 11:22:54,SSTDR,24,4,RG-58/U 50 ohm coax,0.66,None,Standard,0,0,24 MHz,105.762,3 MHz,12.2,6,1250,-1,1250,26.5277,Waveform,69.5,230.930237460183
W50A000F,touch_1.7.0Beta1,6/11/2025 11:22:54,SSTDR,24,4,RG-58/U 50 ohm coax,0.66,None,Standard,0,0,24 MHz,105.762,3 MHz,12.2,6,1250,-1,1250,26.5277,Waveform,69.75,236.046869002798
W50A000F,touch_1.7.0Beta1,6/11/2025 11:22:54,SSTDR,24,4,RG-58/U 50 ohm coax,0.66,None,Standard,0,0,24 MHz,105.762,3 MHz,12.2,6,1250,-1,1250,26.5277,Waveform,70,186.000000000001
W50A000F,touch_1.7.0Beta1,6/11/2025 11:22:54,SSTDR,24,4,RG-58/U 50 ohm coax,0.66,None,Standard,0,0,24 MHz,105.762,3 MHz,12.2,6,1250,-1,1250,26.5277,Waveform,70.25,91.4322804328445
W50A000F,touch_1.7.0Beta1,6/11/2025 11:22:54,SSTDR,24,4,RG-58/U 50 ohm coax,0.66,None,Standard,0,0,24 MHz,105.762,3 MHz,12.2,6,1250,-1,1250,26.5277,Waveform,70.5,-13.5122360519183
W50A000F,touch_1.7.0Beta1,6/11/2025 11:22:54,SSTDR,24,4,RG-58/U 50 ohm coax,0.66,None,Standard,0,0,24 MHz,105.762,3 MHz,12.2,6,1250,-1,1250,26.5277,Waveform,70.75,-87.8089667013555
W50A000F,touch_1.7.0Beta1,6/11/2025 11:22:54,SSTDR,24,4,RG-58/U 50 ohm coax,0.66,None,Standard,0,0,24 MHz,105.762,3 MHz,12.2,6,1250,-1,1250,26.5277,Waveform,71,-104.999999999998
W50A000F,touch_1.7.0Beta1,6/11/2025 11:22:54,SSTDR,24,4,RG-58/U 50 ohm coax,0.66,None,Standard,0,0,24 MHz,105.762,3 MHz,12.2,6,1250,-1,1250,26.5277,Waveform,71.25,-67.3387900101329
W50A000F,touch_1.7.0Beta1,6/11/2025 11:22:54,SSTDR,24,4,RG-58/U 50 ohm coax,0.66,None,Standard,0,0,24 MHz,105.762,3 MHz,12.2,6,1250,-1,1250,26.5277,Waveform,71.5,-4.29573684397162
W50A000F,touch_1.7.0Beta1,6/11/2025 11:22:54,SSTDR,24,4,RG-58/U 50 ohm coax,0.66,None,Standard,0,0,24 MHz,105.762,3 MHz,12.2,6,1250,-1,1250,26.5277,Waveform,71.75,44.121481563213
W50A000F,touch_1.7.0Beta1,6/11/2025 11:22:54,SSTDR,24,4,RG-58/U 50 ohm coax,0.66,None,Standard,0,0,24 MHz,105.762,3 MHz,12.2,6,1250,-1,1250,26.5277,Waveform,72,50
W50A000F,touch_1.7.0Beta1,6/11/2025 11:22:54,SSTDR,24,4,RG-58/U 50 ohm coax,0.66,None,Standard,0,0,24 MHz,105.762,3 MHz,12.2,6,1250,-1,1250,26.5277,Waveform,72.25,13.2347396880931
W50A000F,touch_1.7.0Beta1,6/11/2025 11:22:54,SSTDR,24,4,RG-58/U 50 ohm coax,0.66,None,Standard,0,0,24 MHz,105.762,3 MHz,12.2,6,1250,-1,1250,26.5277,Waveform,72.5,-38.8046774832775
W50A000F,touch_1.7.0Beta1,6/11/2025 11:22:54,SSTDR,24,4,RG-58/U 50 ohm coax,0.66,None,Standard,0,0,24 MHz,105.762,3 MHz,12.2,6,1250,-1,1250,26.5277,Waveform,72.75,-67.6681812117313
W50A000F,touch_1.7.0Beta1,6/11/2025 11:22:54,SSTDR,24,4,RG-58/U 50 ohm coax,0.66,None,Standard,0,0,24 MHz,105.762,3 MHz,12.2,6,1250,-1,1250,26.5277,Waveform,73,-46.9999999999979
W50A000F,touch_1.7.0Beta1,6/11/2025 11:22:54,SSTDR,24,4,RG-58/U 50 ohm coax,0.66,None,Standard,0,0,24 MHz,105.762,3 MHz,12.2,6,1250,-1,1250,26.5277,Waveform,73.25,20.8771969442771
W50A000F,touch_1.7.0Beta1,6/11/2025 11:22:54,SSTDR,24,4,RG-58/U 50 ohm coax,0.66,None,Standard,0,0,24 MHz,105.762,3 MHz,12.2,6,1250,-1,1250,26.5277,Waveform,73.5,104.761739133899
W50A000F,touch_1.7.0Beta1,6/11/2025 11:22:54,SSTDR,24,4,RG-58/U 50 ohm coax,0.66,None,Standard,0,0,24 MHz,105.762,3 MHz,12.2,6,1250,-1,1250,26.5277,Waveform,73.75,161.244571525895
W50A000F,touch_1.7.0Beta1,6/11/2025 11:22:54,SSTDR,24,4,RG-58/U 50 ohm coax,0.66,None,Standard,0,0,24 MHz,105.762,3 MHz,12.2,6,1250,-1,1250,26.5277,Waveform,74,158.999999999998
W50A000F,touch_1.7.0Beta1,6/11/2025 11:22:54,SSTDR,24,4,RG-58/U 50 ohm coax,0.66,None,Standard,0,0,24 MHz,105.762,3 MHz,12.2,6,1250,-1,1250,26.5277,Waveform,74.25,96.883093082898
W50A000F,touch_1.7.0Beta1,6/11/2025 11:22:54,SSTDR,24,4,RG-58/U 50 ohm coax,0.66,None,Standard,0,0,24 MHz,105.762,3 MHz,12.2,6,1250,-1,1250,26.5277,Waveform,74.5,5.34688627512566
W50A000F,touch_1.7.0Beta1,6/11/2025 11:22:54,SSTDR,24,4,RG-58/U 50 ohm coax,0.66,None,Standard,0,0,24 MHz,105.762,3 MHz,12.2,6,1250,-1,1250,26.5277,Waveform,74.75,-69.908356208954
W50A000F,touch_1.7.0Beta1,6/11/2025 11:22:54,SSTDR,24,4,RG-58/U 50 ohm coax,0.66,None,Standard,0,0,24 MHz,105.762,3 MHz,12.2,6,1250,-1,1250,26.5277,Waveform,75,-93
W50A000F,touch_1.7.0Beta1,6/11/2025 11:22:54,SSTDR,24,4,RG-58/U 50 ohm coax,0.66,None,Standard,0,0,24 MHz,105.762,3 MHz,12.2,6,1250,-1,1250,26.5277,Waveform,75.25,-57.5175608809389
W50A000F,touch_1.7.0Beta1,6/11/2025 11:22:54,SSTDR,24,4,RG-58/U 50 ohm coax,0.66,None,Standard,0,0,24 MHz,105.762,3 MHz,12.2,6,1250,-1,1250,26.5277,Waveform,75.5,10.4034722315929
W50A000F,touch_1.7.0Beta1,6/11/2025 11:22:54,SSTDR,24,4,RG-58/U 50 ohm coax,0.66,None,Standard,0,0,24 MHz,105.762,3 MHz,12.2,6,1250,-1,1250,26.5277,Waveform,75.75,67.4058729394871
W50A000F,touch_1.7.0Beta1,6/11/2025 11:22:54,SSTDR,24,4,RG-58/U 50 ohm coax,0.66,None,Standard,0,0,24 MHz,105.762,3 MHz,12.2,6,1250,-1,1250,26.5277,Waveform,76,77.9999999999979
W50A000F,touch_1.7.0Beta1,6/11/2025 11:22:54,SSTDR,24,4,RG-58/U 50 ohm coax,0.66,None,Standard,0,0,24 MHz,105.762,3 MHz,12.2,6,1250,-1,1250,26.5277,Waveform,76.25,35.1940128781467
W50A000F,touch_1.7.0Beta1,6/11/2025 11:22:54,SSTDR,24,4,RG-58/U 50 ohm coax,0.66,None,Standard,0,0,24 MHz,105.762,3 MHz,12.2,6,1250,-1,1250,26.5277,Waveform,76.5,-35.0880164637417
W50A000F,touch_1.7.0Beta1,6/11/2025 11:22:54,SSTDR,24,4,RG-58/U 50 ohm coax,0.66,None,Standard,0,0,24 MHz,105.762,3 MHz,12.2,6,1250,-1,1250,26.5277,Waveform,76.75,-88.4067448110426
W50A000F,touch_1.7.0Beta1,6/11/2025 11:22:54,SSTDR,24,4,RG-58/U 50 ohm coax,0.66,None,Standard,0,0,24 MHz,105.762,3 MHz,12.2,6,1250,-1,1250,26.5277,Waveform,77,-87
W50A000F,touch_1.7.0Beta1,6/11/2025 11:22:54,SSTDR,24,4,RG-58/U 50 ohm coax,0.66,None,Standard,0,0,24 MHz,105.762,3 MHz,12.2,6,1250,-1,1250,26.5277,Waveform,77.25,-21.644464176881
W50A000F,touch_1.7.0Beta1,6/11/2025 11:22:54,SSTDR,24,4,RG-58/U 50 ohm coax,0.66,None,Standard,0,0,24 MHz,105.762,3 MHz,12.2,6,1250,-1,1250,26.5277,Waveform,77.5,82.0649600212117
W50A000F,touch_1.7.0Beta1,6/11/2025 11:22:54,SSTDR,24,4,RG-58/U 50 ohm coax,0.66,None,Standard,0,0,24 MHz,105.762,3 MHz,12.2,6,1250,-1,1250,26.5277,Waveform,77.75,176.536301432703
W50A000F,touch_1.7.0Beta1,6/11/2025 11:22:54,SSTDR,24,4,RG-58/U 50 ohm coax,0.66,None,Standard,0,0,24 MHz,105.762,3 MHz,12.2,6,1250,-1,1250,26.5277,Waveform,78,217
W50A000F,touch_1.7.0Beta1,6/11/2025 11:22:54,SSTDR,24,4,RG-58/U 50 ohm coax,0.66,None,Standard,0,0,24 MHz,105.762,3 MHz,12.2,6,1250,-1,1250,26.5277,Waveform,78.25,184.700745925377
W50A000F,touch_1.7.0Beta1,6/11/2025 11:22:54,SSTDR,24,4,RG-58/U 50 ohm coax,0.66,None,Standard,0,0,24 MHz,105.762,3 MHz,12.2,6,1250,-1,1250,26.5277,Waveform,78.5,95.9940233180992
W50A000F,touch_1.7.0Beta1,6/11/2025 11:22:54,SSTDR,24,4,RG-58/U 50 ohm coax,0.66,None,Standard,0,0,24 MHz,105.762,3 MHz,12.2,6,1250,-1,1250,26.5277,Waveform,78.75,-7.0885397247452
W50A000F,touch_1.7.0Beta1,6/11/2025 11:22:54,SSTDR,24,4,RG-58/U 50 ohm coax,0.66,None,Standard,0,0,24 MHz,105.762,3 MHz,12.2,6,1250,-1,1250,26.5277,Waveform,79,-79.000000000001
W50A000F,touch_1.7.0Beta1,6/11/2025 11:22:54,SSTDR,24,4,RG-58/U 50 ohm coax,0.66,None,Standard,0,0,24 MHz,105.762,3 MHz,12.2,6,1250,-1,1250,26.5277,Waveform,79.25,-93.1024742324901
W50A000F,touch_1.7.0Beta1,6/11/2025 11:22:54,SSTDR,24,4,RG-58/U 50 ohm coax,0.66,None,Standard,0,0,24 MHz,105.762,3 MHz,12.2,6,1250,-1,1250,26.5277,Waveform,79.5,-52.4211917829957
W50A000F,touch_1.7.0Beta1,6/11/2025 11:22:54,SSTDR,24,4,RG-58/U 50 ohm coax,0.66,None,Standard,0,0,24 MHz,105.762,3 MHz,12.2,6,1250,-1,1250,26.5277,Waveform,79.75,16.0700845882956
W50A000F,touch_1.7.0Beta1,6/11/2025 11:22:54,SSTDR,24,4,RG-58/U 50 ohm coax,0.66,None,Standard,0,0,24 MHz,105.762,3 MHz,12.2,6,1250,-1,1250,26.5277,Waveform,80,79
W50A000F,touch_1.7.0Beta1,6/11/2025 11:22:54,SSTDR,24,4,RG-58/U 50 ohm coax,0.66,None,Standard,0,0,24 MHz,105.762,3 MHz,12.2,6,1250,-1,1250,26.5277,Waveform,80.25,115.089661773644
W50A000F,touch_1.7.0Beta1,6/11/2025 11:22:54,SSTDR,24,4,RG-58/U 50 ohm coax,0.66,None,Standard,0,0,24 MHz,105.762,3 MHz,12.2,6,1250,-1,1250,26.5277,Waveform,80.5,124.017513446436
W50A000F,touch_1.7.0Beta1,6/11/2025 11:22:54,SSTDR,24,4,RG-58/U 50 ohm coax,0.66,None,Standard,0,0,24 MHz,105.762,3 MHz,12.2,6,1250,-1,1250,26.5277,Waveform,80.75,121.512469510692
W50A000F,touch_1.7.0Beta1,6/11/2025 11:22:54,SSTDR,24,4,RG-58/U 50 ohm coax,0.66,None,Standard,0,0,24 MHz,105.762,3 MHz,12.2,6,1250,-1,1250,26.5277,Waveform,81,124.999999999999
W50A000F,touch_1.7.0Beta1,6/11/2025 11:22:54,SSTDR,24,4,RG-58/U 50 ohm coax,0.66,None,Standard,0,0,24 MHz,105.762,3 MHz,12.2,6,1250,-1,1250,26.5277,Waveform,81.25,139.56929752232
W50A000F,touch_1.7.0Beta1,6/11/2025 11:22:54,SSTDR,24,4,RG-58/U 50 ohm coax,0.66,None,Standard,0,0,24 MHz,105.762,3 MHz,12.2,6,1250,-1,1250,26.5277,Waveform,81.5,153.331425152651
W50A000F,touch_1.7.0Beta1,6/11/2025 11:22:54,SSTDR,24,4,RG-58/U 50 ohm coax,0.66,None,Standard,0,0,24 MHz,105.762,3 MHz,12.2,6,1250,-1,1250,26.5277,Waveform,81.75,145.034378034632
W50A000F,touch_1.7.0Beta1,6/11/2025 11:22:54,SSTDR,24,4,RG-58/U 50 ohm coax,0.66,None,Standard,0,0,24 MHz,105.762,3 MHz,12.2,6,1250,-1,1250,26.5277,Waveform,82,98.9999999999997
W50A000F,touch_1.7.0Beta1,6/11/2025 11:22:54,SSTDR,24,4,RG-58/U 50 ohm coax,0.66,None,Standard,0,0,24 MHz,105.762,3 MHz,12.2,6,1250,-1,1250,26.5277,Waveform,82.25,17.8222348358998
W50A000F,touch_1.7.0Beta1,6/11/2025 11:22:54,SSTDR,24,4,RG-58/U 50 ohm coax,0.66,None,Standard,0,0,24 MHz,105.762,3 MHz,12.2,6,1250,-1,1250,26.5277,Waveform,82.5,-75.4223601279596
W50A000F,touch_1.7.0Beta1,6/11/2025 11:22:54,SSTDR,24,4,RG-58/U 50 ohm coax,0.66,None,Standard,0,0,24 MHz,105.762,3 MHz,12.2,6,1250,-1,1250,26.5277,Waveform,82.75,-147.323833632371
W50A000F,touch_1.7.0Beta1,6/11/2025 11:22:54,SSTDR,24,4,RG-58/U 50 ohm coax,0.66,None,Standard,0,0,24 MHz,105.762,3 MHz,12.2,6,1250,-1,1250,26.5277,Waveform,83,-170.999999999999
W50A000F,touch_1.7.0Beta1,6/11/2025 11:22:54,SSTDR,24,4,RG-58/U 50 ohm coax,0.66,None,Standard,0,0,24 MHz,105.762,3 MHz,12.2,6,1250,-1,1250,26.5277,Waveform,83.25,-139.928028455484
W50A000F,touch_1.7.0Beta1,6/11/2025 11:22:54,SSTDR,24,4,RG-58/U 50 ohm coax,0.66,None,Standard,0,0,24 MHz,105.762,3 MHz,12.2,6,1250,-1,1250,26.5277,Waveform,83.5,-70.7867980141611
W50A000F,touch_1.7.0Beta1,6/11/2025 11:22:54,SSTDR,24,4,RG-58/U 50 ohm coax,0.66,None,Standard,0,0,24 MHz,105.762,3 MHz,12.2,6,1250,-1,1250,26.5277,Waveform,83.75,6.11992263358557
W50A000F,touch_1.7.0Beta1,6/11/2025 11:22:54,SSTDR,24,4,RG-58/U 50 ohm coax,0.66,None,Standard,0,0,24 MHz,105.762,3 MHz,12.2,6,1250,-1,1250,26.5277,Waveform,84,63.0000000000003
W50A000F,touch_1.7.0Beta1,6/11/2025 11:22:54,SSTDR,24,4,RG-58/U 50 ohm coax,0.66,None,Standard,0,0,24 MHz,105.762,3 MHz,12.2,6,1250,-1,1250,26.5277,Waveform,84.25,87.7665674099821
W50A000F,touch_1.7.0Beta1,6/11/2025 11:22:54,SSTDR,24,4,RG-58/U 50 ohm coax,0.66,None,Standard,0,0,24 MHz,105.762,3 MHz,12.2,6,1250,-1,1250,26.5277,Waveform,84.5,86.9328612905101
W50A000F,touch_1.7.0Beta1,6/11/2025 11:22:54,SSTDR,24,4,RG-58/U 50 ohm coax,0.66,None,Standard,0,0,24 MHz,105.762,3 MHz,12.2,6,1250,-1,1250,26.5277,Waveform,84.75,77.3800423310357
W50A000F,touch_1.7.0Beta1,6/11/2025 11:22:54,SSTDR,24,4,RG-58/U 50 ohm coax,0.66,None,Standard,0,0,24 MHz,105.762,3 MHz,12.2,6,1250,-1,1250,26.5277,Waveform,85,73
W50A000F,touch_1.7.0Beta1,6/11/2025 11:22:54,SSTDR,24,4,RG-58/U 50 ohm coax,0.66,None,Standard,0,0,24 MHz,105.762,3 MHz,12.2,6,1250,-1,1250,26.5277,Waveform,85.25,75.1171370393285
W50A000F,touch_1.7.0Beta1,6/11/2025 11:22:54,SSTDR,24,4,RG-58/U 50 ohm coax,0.66,None,Standard,0,0,24 MHz,105.762,3 MHz,12.2,6,1250,-1,1250,26.5277,Waveform,85.5,72.7990537832748
W50A000F,touch_1.7.0Beta1,6/11/2025 11:22:54,SSTDR,24,4,RG-58/U 50 ohm coax,0.66,None,Standard,0,0,24 MHz,105.762,3 MHz,12.2,6,1250,-1,1250,26.5277,Waveform,85.75,52.4781838997172
W50A000F,touch_1.7.0Beta1,6/11/2025 11:22:54,SSTDR,24,4,RG-58/U 50 ohm coax,0.66,None,Standard,0,0,24 MHz,105.762,3 MHz,12.2,6,1250,-1,1250,26.5277,Waveform,86,9.99999999999883
W50A000F,touch_1.7.0Beta1,6/11/2025 11:22:54,SSTDR,24,4,RG-58/U 50 ohm coax,0.66,None,Standard,0,0,24 MHz,105.762,3 MHz,12.2,6,1250,-1,1250,26.5277,Waveform,86.25,-43.6162897559447
W50A000F,touch_1.7.0Beta1,6/11/2025 11:22:54,SSTDR,24,4,RG-58/U 50 ohm coax,0.66,None,Standard,0,0,24 MHz,105.762,3 MHz,12.2,6,1250,-1,1250,26.5277,Waveform,86.5,-87.4483387987817
W50A000F,touch_1.7.0Beta1,6/11/2025 11:22:54,SSTDR,24,4,RG-58/U 50 ohm coax,0.66,None,Standard,0,0,24 MHz,105.762,3 MHz,12.2,6,1250,-1,1250,26.5277,Waveform,86.75,-104.315281724885
W50A000F,touch_1.7.0Beta1,6/11/2025 11:22:54,SSTDR,24,4,RG-58/U 50 ohm coax,0.66,None,Standard,0,0,24 MHz,105.762,3 MHz,12.2,6,1250,-1,1250,26.5277,Waveform,87,-93.9999999999999
W50A000F,touch_1.7.0Beta1,6/11/2025 11:22:54,SSTDR,24,4,RG-58/U 50 ohm coax,0.66,None,Standard,0,0,24 MHz,105.762,3 MHz,12.2,6,1250,-1,1250,26.5277,Waveform,87.25,-76.5114035781707
W50A000F,touch_1.7.0Beta1,6/11/2025 11:22:54,SSTDR,24,4,RG-58/U 50 ohm coax,0.66,None,Standard,0,0,24 MHz,105.762,3 MHz,12.2,6,1250,-1,1250,26.5277,Waveform,87.5,-81.4283203826043
W50A000F,touch_1.7.0Beta1,6/11/2025 11:22:54,SSTDR,24,4,RG-58/U 50 ohm coax,0.66,None,Standard,0,0,24 MHz,105.762,3 MHz,12.2,6,1250,-1,1250,26.5277,Waveform,87.75,-128.201384292828
W50A000F,touch_1.7.0Beta1,6/11/2025 11:22:54,SSTDR,24,4,RG-58/U 50 ohm coax,0.66,None,Standard,0,0,24 MHz,105.762,3 MHz,12.2,6,1250,-1,1250,26.5277,Waveform,88,-209
W50A000F,touch_1.7.0Beta1,6/11/2025 11:22:54,SSTDR,24,4,RG-58/U 50 ohm coax,0.66,None,Standard,0,0,24 MHz,105.762,3 MHz,12.2,6,1250,-1,1250,26.5277,Waveform,88.25,-285.790583812775
W50A000F,touch_1.7.0Beta1,6/11/2025 11:22:54,SSTDR,24,4,RG-58/U 50 ohm coax,0.66,None,Standard,0,0,24 MHz,105.762,3 MHz,12.2,6,1250,-1,1250,26.5277,Waveform,88.5,-306.075138394601
W50A000F,touch_1.7.0Beta1,6/11/2025 11:22:54,SSTDR,24,4,RG-58/U 50 ohm coax,0.66,None,Standard,0,0,24 MHz,105.762,3 MHz,12.2,6,1250,-1,1250,26.5277,Waveform,88.75,-230.837344380545
W50A000F,touch_1.7.0Beta1,6/11/2025 11:22:54,SSTDR,24,4,RG-58/U 50 ohm coax,0.66,None,Standard,0,0,24 MHz,105.762,3 MHz,12.2,6,1250,-1,1250,26.5277,Waveform,89,-59.9999999999987
W50A000F,touch_1.7.0Beta1,6/11/2025 11:22:54,SSTDR,24,4,RG-58/U 50 ohm coax,0.66,None,Standard,0,0,24 MHz,105.762,3 MHz,12.2,6,1250,-1,1250,26.5277,Waveform,89.25,159.708079275039
W50A000F,touch_1.7.0Beta1,6/11/2025 11:22:54,SSTDR,24,4,RG-58/U 50 ohm coax,0.66,None,Standard,0,0,24 MHz,105.762,3 MHz,12.2,6,1250,-1,1250,26.5277,Waveform,89.5,351.192301136406
W50A000F,touch_1.7.0Beta1,6/11/2025 11:22:54,SSTDR,24,4,RG-58/U 50 ohm coax,0.66,None,Standard,0,0,24 MHz,105.762,3 MHz,12.2,6,1250,-1,1250,26.5277,Waveform,89.75,441.42339034038
W50A000F,touch_1.7.0Beta1,6/11/2025 11:22:54,SSTDR,24,4,RG-58/U 50 ohm coax,0.66,None,Standard,0,0,24 MHz,105.762,3 MHz,12.2,6,1250,-1,1250,26.5277,Waveform,90,396.999999999999
W50A000F,touch_1.7.0Beta1,6/11/2025 11:22:54,SSTDR,24,4,RG-58/U 50 ohm coax,0.66,None,Standard,0,0,24 MHz,105.762,3 MHz,12.2,6,1250,-1,1250,26.5277,Waveform,90.25,242.094925857206
W50A000F,touch_1.7.0Beta1,6/11/2025 11:22:54,SSTDR,24,4,RG-58/U 50 ohm coax,0.66,None,Standard,0,0,24 MHz,105.762,3 MHz,12.2,6,1250,-1,1250,26.5277,Waveform,90.5,48.3921400359092
W50A000F,touch_1.7.0Beta1,6/11/2025 11:22:54,SSTDR,24,4,RG-58/U 50 ohm coax,0.66,None,Standard,0,0,24 MHz,105.762,3 MHz,12.2,6,1250,-1,1250,26.5277,Waveform,90.75,-98.8986930386242
W50A000F,touch_1.7.0Beta1,6/11/2025 11:22:54,SSTDR,24,4,RG-58/U 50 ohm coax,0.66,None,Standard,0,0,24 MHz,105.762,3 MHz,12.2,6,1250,-1,1250,26.5277,Waveform,91,-142
W50A000F,touch_1.7.0Beta1,6/11/2025 11:22:54,SSTDR,24,4,RG-58/U 50 ohm coax,0.66,None,Standard,0,0,24 MHz,105.762,3 MHz,12.2,6,1250,-1,1250,26.5277,Waveform,91.25,-77.4319357161349
W50A000F,touch_1.7.0Beta1,6/11/2025 11:22:54,SSTDR,24,4,RG-58/U 50 ohm coax,0.66,None,Standard,0,0,24 MHz,105.762,3 MHz,12.2,6,1250,-1,1250,26.5277,Waveform,91.5,45.1398245106676
W50A000F,touch_1.7.0Beta1,6/11/2025 11:22:54,SSTDR,24,4,RG-58/U 50 ohm coax,0.66,None,Standard,0,0,24 MHz,105.762,3 MHz,12.2,6,1250,-1,1250,26.5277,Waveform,91.75,151.260080232489
W50A000F,touch_1.7.0Beta1,6/11/2025 11:22:54,SSTDR,24,4,RG-58/U 50 ohm coax,0.66,None,Standard,0,0,24 MHz,105.762,3 MHz,12.2,6,1250,-1,1250,26.5277,Waveform,92,182.000000000002
W50A000F,touch_1.7.0Beta1,6/11/2025 11:22:54,SSTDR,24,4,RG-58/U 50 ohm coax,0.66,None,Standard,0,0,24 MHz,105.762,3 MHz,12.2,6,1250,-1,1250,26.5277,Waveform,92.25,124.72008376807
W50A000F,touch_1.7.0Beta1,6/11/2025 11:22:54,SSTDR,24,4,RG-58/U 50 ohm coax,0.66,None,Standard,0,0,24 MHz,105.762,3 MHz,12.2,6,1250,-1,1250,26.5277,Waveform,92.5,18.0998419010168
W50A000F,touch_1.7.0Beta1,6/11/2025 11:22:54,SSTDR,24,4,RG-58/U 50 ohm coax,0.66,None,Standard,0,0,24 MHz,105.762,3 MHz,12.2,6,1250,-1,1250,26.5277,Waveform,92.75,-70.7208242919785
W50A000F,touch_1.7.0Beta1,6/11/2025 11:22:54,SSTDR,24,4,RG-58/U 50 ohm coax,0.66,None,Standard,0,0,24 MHz,105.762,3 MHz,12.2,6,1250,-1,1250,26.5277,Waveform,93,-83.9999999999993
W50A000F,touch_1.7.0Beta1,6/11/2025 11:22:54,SSTDR,24,4,RG-58/U 50 ohm coax,0.66,None,Standard,0,0,24 MHz,105.762,3 MHz,12.2,6,1250,-1,1250,26.5277,Waveform,93.25,-5.50289665698578
W50A000F,touch_1.7.0Beta1,6/11/2025 11:22:54,SSTDR,24,4,RG-58/U 50 ohm coax,0.66,None,Standard,0,0,24 MHz,105.762,3 MHz,12.2,6,1250,-1,1250,26.5277,Waveform,93.5,130.367791925454
W50A000F,touch_1.7.0Beta1,6/11/2025 11:22:54,SSTDR,24,4,RG-58/U 50 ohm coax,0.66,None,Standard,0,0,24 MHz,105.762,3 MHz,12.2,6,1250,-1,1250,26.5277,Waveform,93.75,256.84754056118
W50A000F,touch_1.7.0Beta1,6/11/2025 11:22:54,SSTDR,24,4,RG-58/U 50 ohm coax,0.66,None,Standard,0,0,24 MHz,105.762,3 MHz,12.2,6,1250,-1,1250,26.5277,Waveform,94,310
W50A000F,touch_1.7.0Beta1,6/11/2025 11:22:54,SSTDR,24,4,RG-58/U 50 ohm coax,0.66,None,Standard,0,0,24 MHz,105.762,3 MHz,12.2,6,1250,-1,1250,26.5277,Waveform,94.25,261.498188947043
W50A000F,touch_1.7.0Beta1,6/11/2025 11:22:54,SSTDR,24,4,RG-58/U 50 ohm coax,0.66,None,Standard,0,0,24 MHz,105.762,3 MHz,12.2,6,1250,-1,1250,26.5277,Waveform,94.5,131.612220180788
W50A000F,touch_1.7.0Beta1,6/11/2025 11:22:54,SSTDR,24,4,RG-58/U 50 ohm coax,0.66,None,Standard,0,0,24 MHz,105.762,3 MHz,12.2,6,1250,-1,1250,26.5277,Waveform,94.75,-23.6394743703835
W50A000F,touch_1.7.0Beta1,6/11/2025 11:22:54,SSTDR,24,4,RG-58/U 50 ohm coax,0.66,None,Standard,0,0,24 MHz,105.762,3 MHz,12.2,6,1250,-1,1250,26.5277,Waveform,95,-142.999999999999
W50A000F,touch_1.7.0Beta1,6/11/2025 11:22:54,SSTDR,24,4,RG-58/U 50 ohm coax,0.66,None,Standard,0,0,24 MHz,105.762,3 MHz,12.2,6,1250,-1,1250,26.5277,Waveform,95.25,-190.804835321362
W50A000F,touch_1.7.0Beta1,6/11/2025 11:22:54,SSTDR,24,4,RG-58/U 50 ohm coax,0.66,None,Standard,0,0,24 MHz,105.762,3 MHz,12.2,6,1250,-1,1250,26.5277,Waveform,95.5,-171.558910895821
W50A000F,touch_1.7.0Beta1,6/11/2025 11:22:54,SSTDR,24,4,RG-58/U 50 ohm coax,0.66,None,Standard,0,0,24 MHz,105.762,3 MHz,12.2,6,1250,-1,1250,26.5277,Waveform,95.75,-121.562995204575
W50A000F,touch_1.7.0Beta1,6/11/2025 11:22:54,SSTDR,24,4,RG-58/U 50 ohm coax,0.66,None,Standard,0,0,24 MHz,105.762,3 MHz,12.2,6,1250,-1,1250,26.5277,Waveform,96,-83.9999999999992
W50A000F,touch_1.7.0Beta1,6/11/2025 11:22:54,SSTDR,24,4,RG-58/U 50 ohm coax,0.66,None,Standard,0,0,24 MHz,105.762,3 MHz,12.2,6,1250,-1,1250,26.5277,Waveform,96.25,-82.7484694908159
W50A000F,touch_1.7.0Beta1,6/11/2025 11:22:54,SSTDR,24,4,RG-58/U 50 ohm coax,0.66,None,Standard,0,0,24 MHz,105.762,3 MHz,12.2,6,1250,-1,1250,26.5277,Waveform,96.5,-109.991153856573
W50A000F,touch_1.7.0Beta1,6/11/2025 11:22:54,SSTDR,24,4,RG-58/U 50 ohm coax,0.66,None,Standard,0,0,24 MHz,105.762,3 MHz,12.2,6,1250,-1,1250,26.5277,Waveform,96.75,-133.934674277144
W50A000F,touch_1.7.0Beta1,6/11/2025 11:22:54,SSTDR,24,4,RG-58/U 50 ohm coax,0.66,None,Standard,0,0,24 MHz,105.762,3 MHz,12.2,6,1250,-1,1250,26.5277,Waveform,97,-120.999999999999
W50A000F,touch_1.7.0Beta1,6/11/2025 11:22:54,SSTDR,24,4,RG-58/U 50 ohm coax,0.66,None,Standard,0,0,24 MHz,105.762,3 MHz,12.2,6,1250,-1,1250,26.5277,Waveform,97.25,-58.6612379776234
W50A000F,touch_1.7.0Beta1,6/11/2025 11:22:54,SSTDR,24,4,RG-58/U 50 ohm coax,0.66,None,Standard,0,0,24 MHz,105.762,3 MHz,12.2,6,1250,-1,1250,26.5277,Waveform,97.5,34.7399065485837
W50A000F,touch_1.7.0Beta1,6/11/2025 11:22:54,SSTDR,24,4,RG-58/U 50 ohm coax,0.66,None,Standard,0,0,24 MHz,105.762,3 MHz,12.2,6,1250,-1,1250,26.5277,Waveform,97.75,118.796055604185
W50A000F,touch_1.7.0Beta1,6/11/2025 11:22:54,SSTDR,24,4,RG-58/U 50 ohm coax,0.66,None,Standard,0,0,24 MHz,105.762,3 MHz,12.2,6,1250,-1,1250,26.5277,Waveform,98,152.999999999998
W50A000F,touch_1.7.0Beta1,6/11/2025 11:22:54,SSTDR,24,4,RG-58/U 50 ohm coax,0.66,None,Standard,0,0,24 MHz,105.762,3 MHz,12.2,6,1250,-1,1250,26.5277,Waveform,98.25,118.925564909993
W50A000F,touch_1.7.0Beta1,6/11/2025 11:22:54,SSTDR,24,4,RG-58/U 50 ohm coax,0.66,None,Standard,0,0,24 MHz,105.762,3 MHz,12.2,6,1250,-1,1250,26.5277,Waveform,98.5,29.9566174958808
W50A000F,touch_1.7.0Beta1,6/11/2025 11:22:54,SSTDR,24,4,RG-58/U 50 ohm coax,0.66,None,Standard,0,0,24 MHz,105.762,3 MHz,12.2,6,1250,-1,1250,26.5277,Waveform,98.75,-76.4831877749426
W50A000F,touch_1.7.0Beta1,6/11/2025 11:22:54,SSTDR,24,4,RG-58/U 50 ohm coax,0.66,None,Standard,0,0,24 MHz,105.762,3 MHz,12.2,6,1250,-1,1250,26.5277,Waveform,99,-158.999999999997
W50A000F,touch_1.7.0Beta1,6/11/2025 11:22:54,SSTDR,24,4,RG-58/U 50 ohm coax,0.66,None,Standard,0,0,24 MHz,105.762,3 MHz,12.2,6,1250,-1,1250,26.5277,Waveform,99.25,-192.613156019123
W50A000F,touch_1.7.0Beta1,6/11/2025 11:22:54,SSTDR,24,4,RG-58/U 50 ohm coax,0.66,None,Standard,0,0,24 MHz,105.762,3 MHz,12.2,6,1250,-1,1250,26.5277,Waveform,99.5,-177.992176257671
W50A000F,touch_1.7.0Beta1,6/11/2025 11:22:54,SSTDR,24,4,RG-58/U 50 ohm coax,0.66,None,Standard,0,0,24 MHz,105.762,3 MHz,12.2,6,1250,-1,1250,26.5277,Waveform,99.75,-135.326886660277
W50A000F,touch_1.7.0Beta1,6/11/2025 11:22:54,SSTDR,24,4,RG-58/U 50 ohm coax,0.66,None,Standard,0,0,24 MHz,105.762,3 MHz,12.2,6,1250,-1,1250,26.5277,Waveform,100,-88.0000000000006
W50A000F,touch_1.7.0Beta1,6/11/2025 11:22:54,SSTDR,24,4,RG-58/U 50 ohm coax,0.66,None,Standard,0,0,24 MHz,105.762,3 MHz,12.2,6,1250,-1,1250,26.5277,Waveform,100.25,-47.0618707010852
W50A000F,touch_1.7.0Beta1,6/11/2025 11:22:54,SSTDR,24,4,RG-58/U 50 ohm coax,0.66,None,Standard,0,0,24 MHz,105.762,3 MHz,12.2,6,1250,-1,1250,26.5277,Waveform,100.5,-6.36720568686941
W50A000F,touch_1.7.0Beta1,6/11/2025 11:22:54,SSTDR,24,4,RG-58/U 50 ohm coax,0.66,None,Standard,0,0,24 MHz,105.762,3 MHz,12.2,6,1250,-1,1250,26.5277,Waveform,100.75,48.9863662715007
W50A000F,touch_1.7.0Beta1,6/11/2025 11:22:54,SSTDR,24,4,RG-58/U 50 ohm coax,0.66,None,Standard,0,0,24 MHz,105.762,3 MHz,12.2,6,1250,-1,1250,26.5277,Waveform,101,126.999999999998
W50A000F,touch_1.7.0Beta1,6/11/2025 11:22:54,SSTDR,24,4,RG-58/U 50 ohm coax,0.66,None,Standard,0,0,24 MHz,105.762,3 MHz,12.2,6,1250,-1,1250,26.5277,Waveform,101.25,216.764786495302
W50A000F,touch_1.7.0Beta1,6/11/2025 11:22:54,SSTDR,24,4,RG-58/U 50 ohm coax,0.66,None,Standard,0,0,24 MHz,105.762,3 MHz,12.2,6,1250,-1,1250,26.5277,Waveform,101.5,288.846133213349
W50A000F,touch_1.7.0Beta1,6/11/2025 11:22:54,SSTDR,24,4,RG-58/U 50 ohm coax,0.66,None,Standard,0,0,24 MHz,105.762,3 MHz,12.2,6,1250,-1,1250,26.5277,Waveform,101.75,309.055990046254
W50A000F,touch_1.7.0Beta1,6/11/2025 11:22:54,SSTDR,24,4,RG-58/U 50 ohm coax,0.66,None,Standard,0,0,24 MHz,105.762,3 MHz,12.2,6,1250,-1,1250,26.5277,Waveform,102,258
W50A000F,touch_1.7.0Beta1,6/11/2025 11:22:54,SSTDR,24,4,RG-58/U 50 ohm coax,0.66,None,Standard,0,0,24 MHz,105.762,3 MHz,12.2,6,1250,-1,1250,26.5277,Waveform,102.25,144.660540365915
W50A000F,touch_1.7.0Beta1,6/11/2025 11:22:54,SSTDR,24,4,RG-58/U 50 ohm coax,0.66,None,Standard,0,0,24 MHz,105.762,3 MHz,12.2,6,1250,-1,1250,26.5277,Waveform,102.5,5.28575932883359
W50A000F,touch_1.7.0Beta1,6/11/2025 11:22:54,SSTDR,24,4,RG-58/U 50 ohm coax,0.66,None,Standard,0,0,24 MHz,105.762,3 MHz,12.2,6,1250,-1,1250,26.5277,Waveform,102.75,-112.679364424439
W50A000F,touch_1.7.0Beta1,6/11/2025 11:22:54,SSTDR,24,4,RG-58/U 50 ohm coax,0.66,None,Standard,0,0,24 MHz,105.762,3 MHz,12.2,6,1250,-1,1250,26.5277,Waveform,103,-173.000000000002
W50A000F,touch_1.7.0Beta1,6/11/2025 11:22:54,SSTDR,24,4,RG-58/U 50 ohm coax,0.66,None,Standard,0,0,24 MHz,105.762,3 MHz,12.2,6,1250,-1,1250,26.5277,Waveform,103.25,-166.853762241142
W50A000F,touch_1.7.0Beta1,6/11/2025 11:22:54,SSTDR,24,4,RG-58/U 50 ohm coax,0.66,None,Standard,0,0,24 MHz,105.762,3 MHz,12.2,6,1250,-1,1250,26.5277,Waveform,103.5,-113.784172017431
W50A000F,touch_1.7.0Beta1,6/11/2025 11:22:54,SSTDR,24,4,RG-58/U 50 ohm coax,0.66,None,Standard,0,0,24 MHz,105.762,3 MHz,12.2,6,1250,-1,1250,26.5277,Waveform,103.75,-47.2906961434414
W50A000F,touch_1.7.0Beta1,6/11/2025 11:22:54,SSTDR,24,4,RG-58/U 50 ohm coax,0.66,None,Standard,0,0,24 MHz,105.762,3 MHz,12.2,6,1250,-1,1250,26.5277,Waveform,104,6.0000000000013
W50A000F,touch_1.7.0Beta1,6/11/2025 11:22:54,SSTDR,24,4,RG-58/U 50 ohm coax,0.66,None,Standard,0,0,24 MHz,105.762,3 MHz,12.2,6,1250,-1,1250,26.5277,Waveform,104.25,40.9055248275892
W50A000F,touch_1.7.0Beta1,6/11/2025 11:22:54,SSTDR,24,4,RG-58/U 50 ohm coax,0.66,None,Standard,0,0,24 MHz,105.762,3 MHz,12.2,6,1250,-1,1250,26.5277,Waveform,104.5,73.2412946234464
W50A000F,touch_1.7.0Beta1,6/11/2025 11:22:54,SSTDR,24,4,RG-58/U 50 ohm coax,0.66,None,Standard,0,0,24 MHz,105.762,3 MHz,12.2,6,1250,-1,1250,26.5277,Waveform,104.75,124.887242197909
W50A000F,touch_1.7.0Beta1,6/11/2025 11:22:54,SSTDR,24,4,RG-58/U 50 ohm coax,0.66,None,Standard,0,0,24 MHz,105.762,3 MHz,12.2,6,1250,-1,1250,26.5277,Waveform,105,204
W50A000F,touch_1.7.0Beta1,6/11/2025 11:22:54,SSTDR,24,4,RG-58/U 50 ohm coax,0.66,None,Standard,0,0,24 MHz,105.762,3 MHz,12.2,6,1250,-1,1250,26.5277,Waveform,105.25,293.352125239225
W50A000F,touch_1.7.0Beta1,6/11/2025 11:22:54,SSTDR,24,4,RG-58/U 50 ohm coax,0.66,None,Standard,0,0,24 MHz,105.762,3 MHz,12.2,6,1250,-1,1250,26.5277,Waveform,105.5,355.181217840245
W50A000F,touch_1.7.0Beta1,6/11/2025 11:22:54,SSTDR,24,4,RG-58/U 50 ohm coax,0.66,None,Standard,0,0,24 MHz,105.762,3 MHz,12.2,6,1250,-1,1250,26.5277,Waveform,105.75,350.954642520797
W50A000F,touch_1.7.0Beta1,6/11/2025 11:22:54,SSTDR,24,4,RG-58/U 50 ohm coax,0.66,None,Standard,0,0,24 MHz,105.762,3 MHz,12.2,6,1250,-1,1250,26.5277,Waveform,106,265.000000000002
W50A000F,touch_1.7.0Beta1,6/11/2025 11:22:54,SSTDR,24,4,RG-58/U 50 ohm coax,0.66,None,Standard,0,0,24 MHz,105.762,3 MHz,12.2,6,1250,-1,1250,26.5277,Waveform,106.25,117.78228109578
W50A000F,touch_1.7.0Beta1,6/11/2025 11:22:54,SSTDR,24,4,RG-58/U 50 ohm coax,0.66,None,Standard,0,0,24 MHz,105.762,3 MHz,12.2,6,1250,-1,1250,26.5277,Waveform,106.5,-40.1085209733371
W50A000F,touch_1.7.0Beta1,6/11/2025 11:22:54,SSTDR,24,4,RG-58/U 50 ohm coax,0.66,None,Standard,0,0,24 MHz,105.762,3 MHz,12.2,6,1250,-1,1250,26.5277,Waveform,106.75,-151.288449718258
W50A000F,touch_1.7.0Beta1,6/11/2025 11:22:54,SSTDR,24,4,RG-58/U 50 ohm coax,0.66,None,Standard,0,0,24 MHz,105.762,3 MHz,12.2,6,1250,-1,1250,26.5277,Waveform,107,-179.999999999999
W50A000F,touch_1.7.0Beta1,6/11/2025 11:22:54,SSTDR,24,4,RG-58/U 50 ohm coax,0.66,None,Standard,0,0,24 MHz,105.762,3 MHz,12.2,6,1250,-1,1250,26.5277,Waveform,107.25,-129.86982768412
W50A000F,touch_1.7.0Beta1,6/11/2025 11:22:54,SSTDR,24,4,RG-58/U 50 ohm coax,0.66,None,Standard,0,0,24 MHz,105.762,3 MHz,12.2,6,1250,-1,1250,26.5277,Waveform,107.5,-40.7608646824962
W50A000F,touch_1.7.0Beta1,6/11/2025 11:22:54,SSTDR,24,4,RG-58/U 50 ohm coax,0.66,None,Standard,0,0,24 MHz,105.762,3 MHz,12.2,6,1250,-1,1250,26.5277,Waveform,107.75,33.9229676783741
W50A000F,touch_1.7.0Beta1,6/11/2025 11:22:54,SSTDR,24,4,RG-58/U 50 ohm coax,0.66,None,Standard,0,0,24 MHz,105.762,3 MHz,12.2,6,1250,-1,1250,26.5277,Waveform,108,56.999999999999
W50A000F,touch_1.7.0Beta1,6/11/2025 11:22:54,SSTDR,24,4,RG-58/U 50 ohm coax,0.66,None,Standard,0,0,24 MHz,105.762,3 MHz,12.2,6,1250,-1,1250,26.5277,Waveform,108.25,27.6589378034971
W50A000F,touch_1.7.0Beta1,6/11/2025 11:22:54,SSTDR,24,4,RG-58/U 50 ohm coax,0.66,None,Standard,0,0,24 MHz,105.762,3 MHz,12.2,6,1250,-1,1250,26.5277,Waveform,108.5,-19.4257855759139
W50A000F,touch_1.7.0Beta1,6/11/2025 11:22:54,SSTDR,24,4,RG-58/U 50 ohm coax,0.66,None,Standard,0,0,24 MHz,105.762,3 MHz,12.2,6,1250,-1,1250,26.5277,Waveform,108.75,-35.573268915218
W50A000F,touch_1.7.0Beta1,6/11/2025 11:22:54,SSTDR,24,4,RG-58/U 50 ohm coax,0.66,None,Standard,0,0,24 MHz,105.762,3 MHz,12.2,6,1250,-1,1250,26.5277,Waveform,109,11.9999999999999
W50A000F,touch_1.7.0Beta1,6/11/2025 11:22:54,SSTDR,24,4,RG-58/U 50 ohm coax,0.66,None,Standard,0,0,24 MHz,105.762,3 MHz,12.2,6,1250,-1,1250,26.5277,Waveform,109.25,118.917403644337
W50A000F,touch_1.7.0Beta1,6/11/2025 11:22:54,SSTDR,24,4,RG-58/U 50 ohm coax,0.66,None,Standard,0,0,24 MHz,105.762,3 MHz,12.2,6,1250,-1,1250,26.5277,Waveform,109.5,243.305274970373
W50A000F,touch_1.7.0Beta1,6/11/2025 11:22:54,SSTDR,24,4,RG-58/U 50 ohm coax,0.66,None,Standard,0,0,24 MHz,105.762,3 MHz,12.2,6,1250,-1,1250,26.5277,Waveform,109.75,326.895049039047
W50A000F,touch_1.7.0Beta1,6/11/2025 11:22:54,SSTDR,24,4,RG-58/U 50 ohm coax,0.66,None,Standard,0,0,24 MHz,105.762,3 MHz,12.2,6,1250,-1,1250,26.5277,Waveform,110,326
W50A000F,touch_1.7.0Beta1,6/11/2025 11:22:54,SSTDR,24,4,RG-58/U 50 ohm coax,0.66,None,Standard,0,0,24 MHz,105.762,3 MHz,12.2,6,1250,-1,1250,26.5277,Waveform,110.25,235.265153228572
W50A000F,touch_1.7.0Beta1,6/11/2025 11:22:54,SSTDR,24,4,RG-58/U 50 ohm coax,0.66,None,Standard,0,0,24 MHz,105.762,3 MHz,12.2,6,1250,-1,1250,26.5277,Waveform,110.5,91.1806369088761
W50A000F,touch_1.7.0Beta1,6/11/2025 11:22:54,SSTDR,24,4,RG-58/U 50 ohm coax,0.66,None,Standard,0,0,24 MHz,105.762,3 MHz,12.2,6,1250,-1,1250,26.5277,Waveform,110.75,-46.3438170700209
W50A000F,touch_1.7.0Beta1,6/11/2025 11:22:54,SSTDR,24,4,RG-58/U 50 ohm coax,0.66,None,Standard,0,0,24 MHz,105.762,3 MHz,12.2,6,1250,-1,1250,26.5277,Waveform,111,-124.000000000003
W50A000F,touch_1.7.0Beta1,6/11/2025 11:22:54,SSTDR,24,4,RG-58/U 50 ohm coax,0.66,None,Standard,0,0,24 MHz,105.762,3 MHz,12.2,6,1250,-1,1250,26.5277,Waveform,111.25,-120.35436647871
W50A000F,touch_1.7.0Beta1,6/11/2025 11:22:54,SSTDR,24,4,RG-58/U 50 ohm coax,0.66,None,Standard,0,0,24 MHz,105.762,3 MHz,12.2,6,1250,-1,1250,26.5277,Waveform,111.5,-53.2777710817048
W50A000F,touch_1.7.0Beta1,6/11/2025 11:22:54,SSTDR,24,4,RG-58/U 50 ohm coax,0.66,None,Standard,0,0,24 MHz,105.762,3 MHz,12.2,6,1250,-1,1250,26.5277,Waveform,111.75,33.2019919032725
W50A000F,touch_1.7.0Beta1,6/11/2025 11:22:54,SSTDR,24,4,RG-58/U 50 ohm coax,0.66,None,Standard,0,0,24 MHz,105.762,3 MHz,12.2,6,1250,-1,1250,26.5277,Waveform,112,94.0000000000004
W50A000F,touch_1.7.0Beta1,6/11/2025 11:22:54,SSTDR,24,4,RG-58/U 50 ohm coax,0.66,None,Standard,0,0,24 MHz,105.762,3 MHz,12.2,6,1250,-1,1250,26.5277,Waveform,112.25,105.510764465745
W50A000F,touch_1.7.0Beta1,6/11/2025 11:22:54,SSTDR,24,4,RG-58/U 50 ohm coax,0.66,None,Standard,0,0,24 MHz,105.762,3 MHz,12.2,6,1250,-1,1250,26.5277,Waveform,112.5,73.7093376268262
W50A000F,touch_1.7.0Beta1,6/11/2025 11:22:54,SSTDR,24,4,RG-58/U 50 ohm coax,0.66,None,Standard,0,0,24 MHz,105.762,3 MHz,12.2,6,1250,-1,1250,26.5277,Waveform,112.75,25.1246830585496
W50A000F,touch_1.7.0Beta1,6/11/2025 11:22:54,SSTDR,24,4,RG-58/U 50 ohm coax,0.66,None,Standard,0,0,24 MHz,105.762,1.5 MHz,11.9,6,1250,-1,1250,51.8588,Calibration,1,12
W50A000F,touch_1.7.0Beta1,6/11/2025 11:22:54,SSTDR,24,4,RG-58/U 50 ohm coax,0.66,None,Standard,0,0,24 MHz,105.762,1.5 MHz,11.9,6,1250,-1,1250,51.8588,Calibration,2,-9
W50A000F,touch_1.7.0Beta1,6/11/2025 11:22:54,SSTDR,24,4,RG-58/U 50 ohm coax,0.66,None,Standard,0,0,24 MHz,105.762,1.5 MHz,11.9,6,1250,-1,1250,51.8588,Calibration,3,-18
W50A000F,touch_1.7.0Beta1,6/11/2025 11:22:54,SSTDR,24,4,RG-58/U 50 ohm coax,0.66,None,Standard,0,0,24 MHz,105.762,1.5 MHz,11.9,6,1250,-1,1250,51.8588,Calibration,4,-40
W50A000F,touch_1.7.0Beta1,6/11/2025 11:22:54,SSTDR,24,4,RG-58/U 50 ohm coax,0.66,None,Standard,0,0,24 MHz,105.762,1.5 MHz,11.9,6,1250,-1,1250,51.8588,Calibration,5,67
W50A000F,touch_1.7.0Beta1,6/11/2025 11:22:54,SSTDR,24,4,RG-58/U 50 ohm coax,0.66,None,Standard,0,0,24 MHz,105.762,1.5 MHz,11.9,6,1250,-1,1250,51.8588,Calibration,6,-16
W50A000F,touch_1.7.0Beta1,6/11/2025 11:22:54,SSTDR,24,4,RG-58/U 50 ohm coax,0.66,None,Standard,0,0,24 MHz,105.762,1.5 MHz,11.9,6,1250,-1,1250,51.8588,Calibration,7,25
W50A000F,touch_1.7.0Beta1,6/11/2025 11:22:54,SSTDR,24,4,RG-58/U 50 ohm coax,0.66,None,Standard,0,0,24 MHz,105.762,1.5 MHz,11.9,6,1250,-1,1250,51.8588,Calibration,8,4
W50A000F,touch_1.7.0Beta1,6/11/2025 11:22:54,SSTDR,24,4,RG-58/U 50 ohm coax,0.66,None,Standard,0,0,24 MHz,105.762,1.5 MHz,11.9,6,1250,-1,1250,51.8588,Calibration,9,-67
W50A000F,touch_1.7.0Beta1,6/11/2025 11:22:54,SSTDR,24,4,RG-58/U 50 ohm coax,0.66,None,Standard,0,0,24 MHz,105.762,1.5 MHz,11.9,6,1250,-1,1250,51.8588,Calibration,10,-13154
W50A000F,touch_1.7.0Beta1,6/11/2025 11:22:54,SSTDR,24,4,RG-58/U 50 ohm coax,0.66,None,Standard,0,0,24 MHz,105.762,1.5 MHz,11.9,6,1250,-1,1250,51.8588,Calibration,11,-24669
W50A000F,touch_1.7.0Beta1,6/11/2025 11:22:54,SSTDR,24,4,RG-58/U 50 ohm coax,0.66,None,Standard,0,0,24 MHz,105.762,1.5 MHz,11.9,6,1250,-1,1250,51.8588,Calibration,12,17855
W50A000F,touch_1.7.0Beta1,6/11/2025 11:22:54,SSTDR,24,4,RG-58/U 50 ohm coax,0.66,None,Standard,0,0,24 MHz,105.762,1.5 MHz,11.9,6,1250,-1,1250,51.8588,Calibration,13,32767
W50A000F,touch_1.7.0Beta1,6/11/2025 11:22:54,SSTDR,24,4,RG-58/U 50 ohm coax,0.66,None,Standard,0,0,24 MHz,105.762,1.5 MHz,11.9,6,1250,-1,1250,51.8588,Calibration,14,9290
W50A000F,touch_1.7.0Beta1,6/11/2025 11:22:54,SSTDR,24,4,RG-58/U 50 ohm coax,0.66,None,Standard,0,0,24 MHz,105.762,1.5 MHz,11.9,6,1250,-1,1250,51.8588,Calibration,15,-32623
W50A000F,touch_1.7.0Beta1,6/11/2025 11:22:54,SSTDR,24,4,RG-58/U 50 ohm coax,0.66,None,Standard,0,0,24 MHz,105.762,1.5 MHz,11.9,6,1250,-1,1250,51.8588,Calibration,16,-15799
W50A000F,touch_1.7.0Beta1,6/11/2025 11:22:54,SSTDR,24,4,RG-58/U 50 ohm coax,0.66,None,Standard,0,0,24 MHz,105.762,1.5 MHz,11.9,6,1250,-1,1250,51.8588,Calibration,17,269
W50A000F,touch_1.7.0Beta1,6/11/2025 11:22:54,SSTDR,24,4,RG-58/U 50 ohm coax,0.66,None,Standard,0,0,24 MHz,105.762,1.5 MHz,11.9,6,1250,-1,1250,51.8588,Calibration,18,566
W50A000F,touch_1.7.0Beta1,6/11/2025 11:22:54,SSTDR,24,4,RG-58/U 50 ohm coax,0.66,None,Standard,0,0,24 MHz,105.762,1.5 MHz,11.9,6,1250,-1,1250,51.8588,Calibration,19,379
W50A000F,touch_1.7.0Beta1,6/11/2025 11:22:54,SSTDR,24,4,RG-58/U 50 ohm coax,0.66,None,Standard,0,0,24 MHz,105.762,1.5 MHz,11.9,6,1250,-1,1250,51.8588,Calibration,20,324
W50A000F,touch_1.7.0Beta1,6/11/2025 11:22:54,SSTDR,24,4,RG-58/U 50 ohm coax,0.66,None,Standard,0,0,24 MHz,105.762,1.5 MHz,11.9,6,1250,-1,1250,51.8588,Calibration,21,388
W50A000F,touch_1.7.0Beta1,6/11/2025 11:22:54,SSTDR,24,4,RG-58/U 50 ohm coax,0.66,None,Standard,0,0,24 MHz,105.762,1.5 MHz,11.9,6,1250,-1,1250,51.8588,Calibration,22,182
W50A000F,touch_1.7.0Beta1,6/11/2025 11:22:54,SSTDR,24,4,RG-58/U 50 ohm coax,0.66,None,Standard,0,0,24 MHz,105.762,1.5 MHz,11.9,6,1250,-1,1250,51.8588,Calibration,23,174
W50A000F,touch_1.7.0Beta1,6/11/2025 11:22:54,SSTDR,24,4,RG-58/U 50 ohm coax,0.66,None,Standard,0,0,24 MHz,105.762,1.5 MHz,11.9,6,1250,-1,1250,51.8588,Calibration,24,165
W50A000F,touch_1.7.0Beta1,6/11/2025 11:22:54,SSTDR,24,4,RG-58/U 50 ohm coax,0.66,None,Standard,0,0,24 MHz,105.762,1.5 MHz,11.9,6,1250,-1,1250,51.8588,Calibration,25,220
W50A000F,touch_1.7.0Beta1,6/11/2025 11:22:54,SSTDR,24,4,RG-58/U 50 ohm coax,0.66,None,Standard,0,0,24 MHz,105.762,1.5 MHz,11.9,6,1250,-1,1250,51.8588,Calibration,26,105
W50A000F,touch_1.7.0Beta1,6/11/2025 11:22:54,SSTDR,24,4,RG-58/U 50 ohm coax,0.66,None,Standard,0,0,24 MHz,105.762,1.5 MHz,11.9,6,1250,-1,1250,51.8588,Calibration,27,132
W50A000F,touch_1.7.0Beta1,6/11/2025 11:22:54,SSTDR,24,4,RG-58/U 50 ohm coax,0.66,None,Standard,0,0,24 MHz,105.762,1.5 MHz,11.9,6,1250,-1,1250,51.8588,Calibration,28,165
W50A000F,touch_1.7.0Beta1,6/11/2025 11:22:54,SSTDR,24,4,RG-58/U 50 ohm coax,0.66,None,Standard,0,0,24 MHz,105.762,1.5 MHz,11.9,6,1250,-1,1250,51.8588,Calibration,29,114
W50A000F,touch_1.7.0Beta1,6/11/2025 11:22:54,SSTDR,24,4,RG-58/U 50 ohm coax,0.66,None,Standard,0,0,24 MHz,105.762,1.5 MHz,11.9,6,1250,-1,1250,51.8588,Calibration,30,-27
W50A000F,touch_1.7.0Beta1,6/11/2025 11:22:54,SSTDR,24,4,RG-58/U 50 ohm coax,0.66,None,Standard,0,0,24 MHz,105.762,1.5 MHz,11.9,6,1250,-1,1250,51.8588,Calibration,31,-8
W50A000F,touch_1.7.0Beta1,6/11/2025 11:22:54,SSTDR,24,4,RG-58/U 50 ohm coax,0.66,None,Standard,0,0,24 MHz,105.762,1.5 MHz,11.9,6,1250,-1,1250,51.8588,Calibration,32,-47
W50A000F,touch_1.7.0Beta1,6/11/2025 11:22:54,SSTDR,24,4,RG-58/U 50 ohm coax,0.66,None,Standard,0,0,24 MHz,105.762,1.5 MHz,11.9,6,1250,-1,1250,51.8588,Calibration,33,35
W50A000F,touch_1.7.0Beta1,6/11/2025 11:22:54,SSTDR,24,4,RG-58/U 50 ohm coax,0.66,None,Standard,0,0,24 MHz,105.762,1.5 MHz,11.9,6,1250,-1,1250,51.8588,Calibration,34,160
W50A000F,touch_1.7.0Beta1,6/11/2025 11:22:54,SSTDR,24,4,RG-58/U 50 ohm coax,0.66,None,Standard,0,0,24 MHz,105.762,1.5 MHz,11.9,6,1250,-1,1250,51.8588,Calibration,35,-37
W50A000F,touch_1.7.0Beta1,6/11/2025 11:22:54,SSTDR,24,4,RG-58/U 50 ohm coax,0.66,None,Standard,0,0,24 MHz,105.762,1.5 MHz,11.9,6,1250,-1,1250,51.8588,Calibration,36,58
W50A000F,touch_1.7.0Beta1,6/11/2025 11:22:54,SSTDR,24,4,RG-58/U 50 ohm coax,0.66,None,Standard,0,0,24 MHz,105.762,1.5 MHz,11.9,6,1250,-1,1250,51.8588,Calibration,37,17
W50A000F,touch_1.7.0Beta1,6/11/2025 11:22:54,SSTDR,24,4,RG-58/U 50 ohm coax,0.66,None,Standard,0,0,24 MHz,105.762,1.5 MHz,11.9,6,1250,-1,1250,51.8588,Calibration,38,-23
W50A000F,touch_1.7.0Beta1,6/11/2025 11:22:54,SSTDR,24,4,RG-58/U 50 ohm coax,0.66,None,Standard,0,0,24 MHz,105.762,1.5 MHz,11.9,6,1250,-1,1250,51.8588,Calibration,39,-24
W50A000F,touch_1.7.0Beta1,6/11/2025 11:22:54,SSTDR,24,4,RG-58/U 50 ohm coax,0.66,None,Standard,0,0,24 MHz,105.762,1.5 MHz,11.9,6,1250,-1,1250,51.8588,Calibration,40,-8
W50A000F,touch_1.7.0Beta1,6/11/2025 11:22:54,SSTDR,24,4,RG-58/U 50 ohm coax,0.66,None,Standard,0,0,24 MHz,105.762,1.5 MHz,11.9,6,1250,-1,1250,51.8588,Calibration,41,-3
W50A000F,touch_1.7.0Beta1,6/11/2025 11:22:54,SSTDR,24,4,RG-58/U 50 ohm coax,0.66,None,Standard,0,0,24 MHz,105.762,1.5 MHz,11.9,6,1250,-1,1250,51.8588,Calibration,42,-18
W50A000F,touch_1.7.0Beta1,6/11/2025 11:22:54,SSTDR,24,4,RG-58/U 50 ohm coax,0.66,None,Standard,0,0,24 MHz,105.762,1.5 MHz,11.9,6,1250,-1,1250,51.8588,Calibration,43,11
W50A000F,touch_1.7.0Beta1,6/11/2025 11:22:54,SSTDR,24,4,RG-58/U 50 ohm coax,0.66,None,Standard,0,0,24 MHz,105.762,1.5 MHz,11.9,6,1250,-1,1250,51.8588,Calibration,44,84
W50A000F,touch_1.7.0Beta1,6/11/2025 11:22:54,SSTDR,24,4,RG-58/U 50 ohm coax,0.66,None,Standard,0,0,24 MHz,105.762,1.5 MHz,11.9,6,1250,-1,1250,51.8588,Calibration,45,6
W50A000F,touch_1.7.0Beta1,6/11/2025 11:22:54,SSTDR,24,4,RG-58/U 50 ohm coax,0.66,None,Standard,0,0,24 MHz,105.762,1.5 MHz,11.9,6,1250,-1,1250,51.8588,Calibration,46,-58
W50A000F,touch_1.7.0Beta1,6/11/2025 11:22:54,SSTDR,24,4,RG-58/U 50 ohm coax,0.66,None,Standard,0,0,24 MHz,105.762,1.5 MHz,11.9,6,1250,-1,1250,51.8588,Calibration,47,-39
W50A000F,touch_1.7.0Beta1,6/11/2025 11:22:54,SSTDR,24,4,RG-58/U 50 ohm coax,0.66,None,Standard,0,0,24 MHz,105.762,1.5 MHz,11.9,6,1250,-1,1250,51.8588,Calibration,48,5
W50A000F,touch_1.7.0Beta1,6/11/2025 11:22:54,SSTDR,24,4,RG-58/U 50 ohm coax,0.66,None,Standard,0,0,24 MHz,105.762,1.5 MHz,11.9,6,1250,-1,1250,51.8588,Calibration,49,-58
W50A000F,touch_1.7.0Beta1,6/11/2025 11:22:54,SSTDR,24,4,RG-58/U 50 ohm coax,0.66,None,Standard,0,0,24 MHz,105.762,1.5 MHz,11.9,6,1250,-1,1250,51.8588,Calibration,50,-51
W50A000F,touch_1.7.0Beta1,6/11/2025 11:22:54,SSTDR,24,4,RG-58/U 50 ohm coax,0.66,None,Standard,0,0,24 MHz,105.762,1.5 MHz,11.9,6,1250,-1,1250,51.8588,Calibration,51,33
W50A000F,touch_1.7.0Beta1,6/11/2025 11:22:54,SSTDR,24,4,RG-58/U 50 ohm coax,0.66,None,Standard,0,0,24 MHz,105.762,1.5 MHz,11.9,6,1250,-1,1250,51.8588,Calibration,52,72
W50A000F,touch_1.7.0Beta1,6/11/2025 11:22:54,SSTDR,24,4,RG-58/U 50 ohm coax,0.66,None,Standard,0,0,24 MHz,105.762,1.5 MHz,11.9,6,1250,-1,1250,51.8588,Calibration,53,53
W50A000F,touch_1.7.0Beta1,6/11/2025 11:22:54,SSTDR,24,4,RG-58/U 50 ohm coax,0.66,None,Standard,0,0,24 MHz,105.762,1.5 MHz,11.9,6,1250,-1,1250,51.8588,Calibration,54,-129
W50A000F,touch_1.7.0Beta1,6/11/2025 11:22:54,SSTDR,24,4,RG-58/U 50 ohm coax,0.66,None,Standard,0,0,24 MHz,105.762,1.5 MHz,11.9,6,1250,-1,1250,51.8588,Calibration,55,115
W50A000F,touch_1.7.0Beta1,6/11/2025 11:22:54,SSTDR,24,4,RG-58/U 50 ohm coax,0.66,None,Standard,0,0,24 MHz,105.762,1.5 MHz,11.9,6,1250,-1,1250,51.8588,Calibration,56,-44
W50A000F,touch_1.7.0Beta1,6/11/2025 11:22:54,SSTDR,24,4,RG-58/U 50 ohm coax,0.66,None,Standard,0,0,24 MHz,105.762,1.5 MHz,11.9,6,1250,-1,1250,51.8588,Calibration,57,183
W50A000F,touch_1.7.0Beta1,6/11/2025 11:22:54,SSTDR,24,4,RG-58/U 50 ohm coax,0.66,None,Standard,0,0,24 MHz,105.762,1.5 MHz,11.9,6,1250,-1,1250,51.8588,Calibration,58,-168
W50A000F,touch_1.7.0Beta1,6/11/2025 11:22:54,SSTDR,24,4,RG-58/U 50 ohm coax,0.66,None,Standard,0,0,24 MHz,105.762,1.5 MHz,11.9,6,1250,-1,1250,51.8588,Calibration,59,87
W50A000F,touch_1.7.0Beta1,6/11/2025 11:22:54,SSTDR,24,4,RG-58/U 50 ohm coax,0.66,None,Standard,0,0,24 MHz,105.762,1.5 MHz,11.9,6,1250,-1,1250,51.8588,Calibration,60,-45
W50A000F,touch_1.7.0Beta1,6/11/2025 11:22:54,SSTDR,24,4,RG-58/U 50 ohm coax,0.66,None,Standard,0,0,24 MHz,105.762,1.5 MHz,11.9,6,1250,-1,1250,51.8588,Calibration,61,126
W50A000F,touch_1.7.0Beta1,6/11/2025 11:22:54,SSTDR,24,4,RG-58/U 50 ohm coax,0.66,None,Standard,0,0,24 MHz,105.762,1.5 MHz,11.9,6,1250,-1,1250,51.8588,Calibration,62,-144
W50A000F,touch_1.7.0Beta1,6/11/2025 11:22:54,SSTDR,24,4,RG-58/U 50 ohm coax,0.66,None,Standard,0,0,24 MHz,105.762,1.5 MHz,11.9,6,1250,-1,1250,51.8588,Calibration,63,-164
W50A000F,touch_1.7.0Beta1,6/11/2025 11:22:54,SSTDR,24,4,RG-58/U 50 ohm coax,0.66,None,Standard,0,0,24 MHz,105.762,1.5 MHz,11.9,6,1250,-1,1250,51.8588,Calibration,64,-29
W50A000F,touch_1.7.0Beta1,6/11/2025 11:22:54,SSTDR,24,4,RG-58/U 50 ohm coax,0.66,None,Standard,0,0,24 MHz,105.762,1.5 MHz,11.9,6,1250,-1,1250,51.8588,Calibration,65,-56
W50A000F,touch_1.7.0Beta1,6/11/2025 11:22:54,SSTDR,24,4,RG-58/U 50 ohm coax,0.66,None,Standard,0,0,24 MHz,105.762,1.5 MHz,11.9,6,1250,-1,1250,51.8588,Calibration,66,-86
W50A000F,touch_1.7.0Beta1,6/11/2025 11:22:54,SSTDR,24,4,RG-58/U 50 ohm coax,0.66,None,Standard,0,0,24 MHz,105.762,1.5 MHz,11.9,6,1250,-1,1250,51.8588,Calibration,67,-50
W50A000F,touch_1.7.0Beta1,6/11/2025 11:22:54,SSTDR,24,4,RG-58/U 50 ohm coax,0.66,None,Standard,0,0,24 MHz,105.762,1.5 MHz,11.9,6,1250,-1,1250,51.8588,Calibration,68,18
W50A000F,touch_1.7.0Beta1,6/11/2025 11:22:54,SSTDR,24,4,RG-58/U 50 ohm coax,0.66,None,Standard,0,0,24 MHz,105.762,1.5 MHz,11.9,6,1250,-1,1250,51.8588,Calibration,69,58
W50A000F,touch_1.7.0Beta1,6/11/2025 11:22:54,SSTDR,24,4,RG-58/U 50 ohm coax,0.66,None,Standard,0,0,24 MHz,105.762,1.5 MHz,11.9,6,1250,-1,1250,51.8588,Calibration,70,-21
W50A000F,touch_1.7.0Beta1,6/11/2025 11:22:54,SSTDR,24,4,RG-58/U 50 ohm coax,0.66,None,Standard,0,0,24 MHz,105.762,1.5 MHz,11.9,6,1250,-1,1250,51.8588,Calibration,71,-6
W50A000F,touch_1.7.0Beta1,6/11/2025 11:22:54,SSTDR,24,4,RG-58/U 50 ohm coax,0.66,None,Standard,0,0,24 MHz,105.762,1.5 MHz,11.9,6,1250,-1,1250,51.8588,Calibration,72,24
W50A000F,touch_1.7.0Beta1,6/11/2025 11:22:54,SSTDR,24,4,RG-58/U 50 ohm coax,0.66,None,Standard,0,0,24 MHz,105.762,1.5 MHz,11.9,6,1250,-1,1250,51.8588,Calibration,73,176
W50A000F,touch_1.7.0Beta1,6/11/2025 11:22:54,SSTDR,24,4,RG-58/U 50 ohm coax,0.66,None,Standard,0,0,24 MHz,105.762,1.5 MHz,11.9,6,1250,-1,1250,51.8588,Calibration,74,-1
W50A000F,touch_1.7.0Beta1,6/11/2025 11:22:54,SSTDR,24,4,RG-58/U 50 ohm coax,0.66,None,Standard,0,0,24 MHz,105.762,1.5 MHz,11.9,6,1250,-1,1250,51.8588,Calibration,75,11
W50A000F,touch_1.7.0Beta1,6/11/2025 11:22:54,SSTDR,24,4,RG-58/U 50 ohm coax,0.66,None,Standard,0,0,24 MHz,105.762,1.5 MHz,11.9,6,1250,-1,1250,51.8588,Calibration,76,35
W50A000F,touch_1.7.0Beta1,6/11/2025 11:22:54,SSTDR,24,4,RG-58/U 50 ohm coax,0.66,None,Standard,0,0,24 MHz,105.762,1.5 MHz,11.9,6,1250,-1,1250,51.8588,Calibration,77,39
W50A000F,touch_1.7.0Beta1,6/11/2025 11:22:54,SSTDR,24,4,RG-58/U 50 ohm coax,0.66,None,Standard,0,0,24 MHz,105.762,1.5 MHz,11.9,6,1250,-1,1250,51.8588,Calibration,78,-6
W50A000F,touch_1.7.0Beta1,6/11/2025 11:22:54,SSTDR,24,4,RG-58/U 50 ohm coax,0.66,None,Standard,0,0,24 MHz,105.762,1.5 MHz,11.9,6,1250,-1,1250,51.8588,Calibration,79,3
W50A000F,touch_1.7.0Beta1,6/11/2025 11:22:54,SSTDR,24,4,RG-58/U 50 ohm coax,0.66,None,Standard,0,0,24 MHz,105.762,1.5 MHz,11.9,6,1250,-1,1250,51.8588,Calibration,80,9
W50A000F,touch_1.7.0Beta1,6/11/2025 11:22:54,SSTDR,24,4,RG-58/U 50 ohm coax,0.66,None,Standard,0,0,24 MHz,105.762,1.5 MHz,11.9,6,1250,-1,1250,51.8588,Calibration,81,19
W50A000F,touch_1.7.0Beta1,6/11/2025 11:22:54,SSTDR,24,4,RG-58/U 50 ohm coax,0.66,None,Standard,0,0,24 MHz,105.762,1.5 MHz,11.9,6,1250,-1,1250,51.8588,Calibration,82,-85
W50A000F,touch_1.7.0Beta1,6/11/2025 11:22:54,SSTDR,24,4,RG-58/U 50 ohm coax,0.66,None,Standard,0,0,24 MHz,105.762,1.5 MHz,11.9,6,1250,-1,1250,51.8588,Calibration,83,-8
W50A000F,touch_1.7.0Beta1,6/11/2025 11:22:54,SSTDR,24,4,RG-58/U 50 ohm coax,0.66,None,Standard,0,0,24 MHz,105.762,1.5 MHz,11.9,6,1250,-1,1250,51.8588,Calibration,84,46
W50A000F,touch_1.7.0Beta1,6/11/2025 11:22:54,SSTDR,24,4,RG-58/U 50 ohm coax,0.66,None,Standard,0,0,24 MHz,105.762,1.5 MHz,11.9,6,1250,-1,1250,51.8588,Calibration,85,8
W50A000F,touch_1.7.0Beta1,6/11/2025 11:22:54,SSTDR,24,4,RG-58/U 50 ohm coax,0.66,None,Standard,0,0,24 MHz,105.762,1.5 MHz,11.9,6,1250,-1,1250,51.8588,Calibration,86,-49
W50A000F,touch_1.7.0Beta1,6/11/2025 11:22:54,SSTDR,24,4,RG-58/U 50 ohm coax,0.66,None,Standard,0,0,24 MHz,105.762,1.5 MHz,11.9,6,1250,-1,1250,51.8588,Calibration,87,-32
W50A000F,touch_1.7.0Beta1,6/11/2025 11:22:54,SSTDR,24,4,RG-58/U 50 ohm coax,0.66,None,Standard,0,0,24 MHz,105.762,1.5 MHz,11.9,6,1250,-1,1250,51.8588,Calibration,88,33
W50A000F,touch_1.7.0Beta1,6/11/2025 11:22:54,SSTDR,24,4,RG-58/U 50 ohm coax,0.66,None,Standard,0,0,24 MHz,105.762,1.5 MHz,11.9,6,1250,-1,1250,51.8588,Calibration,89,0
W50A000F,touch_1.7.0Beta1,6/11/2025 11:22:54,SSTDR,24,4,RG-58/U 50 ohm coax,0.66,None,Standard,0,0,24 MHz,105.762,1.5 MHz,11.9,6,1250,-1,1250,51.8588,Calibration,90,0
W50A000F,touch_1.7.0Beta1,6/11/2025 11:22:54,SSTDR,24,4,RG-58/U 50 ohm coax,0.66,None,Standard,0,0,24 MHz,105.762,1.5 MHz,11.9,6,1250,-1,1250,51.8588,Calibration,91,0
W50A000F,touch_1.7.0Beta1,6/11/2025 11:22:54,SSTDR,24,4,RG-58/U 50 ohm coax,0.66,None,Standard,0,0,24 MHz,105.762,1.5 MHz,11.9,6,1250,-1,1250,51.8588,Calibration,92,0
W50A000F,touch_1.7.0Beta1,6/11/2025 11:22:54,SSTDR,24,4,RG-58/U 50 ohm coax,0.66,None,Standard,0,0,24 MHz,105.762,1.5 MHz,11.9,6,1250,-1,1250,51.8588,Calibration,93,0
W50A000F,touch_1.7.0Beta1,6/11/2025 11:22:54,SSTDR,24,4,RG-58/U 50 ohm coax,0.66,None,Standard,0,0,24 MHz,105.762,1.5 MHz,11.9,6,1250,-1,1250,51.8588,Calibration,94,0
W50A000F,touch_1.7.0Beta1,6/11/2025 11:22:54,SSTDR,24,4,RG-58/U 50 ohm coax,0.66,None,Standard,0,0,24 MHz,105.762,1.5 MHz,11.9,6,1250,-1,1250,51.8588,Calibration,95,0
W50A000F,touch_1.7.0Beta1,6/11/2025 11:22:54,SSTDR,24,4,RG-58/U 50 ohm coax,0.66,None,Standard,0,0,24 MHz,105.762,1.5 MHz,11.9,6,1250,-1,1250,51.8588,Calibration,96,0
W50A000F,touch_1.7.0Beta1,6/11/2025 11:22:54,SSTDR,24,4,RG-58/U 50 ohm coax,0.66,None,Standard,0,0,24 MHz,105.762,1.5 MHz,11.9,6,1250,-1,1250,51.8588,Calibration,97,0
W50A000F,touch_1.7.0Beta1,6/11/2025 11:22:54,SSTDR,24,4,RG-58/U 50 ohm coax,0.66,None,Standard,0,0,24 MHz,105.762,1.5 MHz,11.9,6,1250,-1,1250,51.8588,Calibration,98,0
W50A000F,touch_1.7.0Beta1,6/11/2025 11:22:54,SSTDR,24,4,RG-58/U 50 ohm coax,0.66,None,Standard,0,0,24 MHz,105.762,1.5 MHz,11.9,6,1250,-1,1250,51.8588,Calibration,99,0
W50A000F,touch_1.7.0Beta1,6/11/2025 11:22:54,SSTDR,24,4,RG-58/U 50 ohm coax,0.66,None,Standard,0,0,24 MHz,105.762,1.5 MHz,11.9,6,1250,-1,1250,51.8588,Calibration,100,0
W50A000F,touch_1.7.0Beta1,6/11/2025 11:22:54,SSTDR,24,4,RG-58/U 50 ohm coax,0.66,None,Standard,0,0,24 MHz,105.762,1.5 MHz,11.9,6,1250,-1,1250,51.8588,Calibration,101,0
W50A000F,touch_1.7.0Beta1,6/11/2025 11:22:54,SSTDR,24,4,RG-58/U 50 ohm coax,0.66,None,Standard,0,0,24 MHz,105.762,1.5 MHz,11.9,6,1250,-1,1250,51.8588,Calibration,102,0
W50A000F,touch_1.7.0Beta1,6/11/2025 11:22:54,SSTDR,24,4,RG-58/U 50 ohm coax,0.66,None,Standard,0,0,24 MHz,105.762,1.5 MHz,11.9,6,1250,-1,1250,51.8588,Calibration,103,0
W50A000F,touch_1.7.0Beta1,6/11/2025 11:22:54,SSTDR,24,4,RG-58/U 50 ohm coax,0.66,None,Standard,0,0,24 MHz,105.762,1.5 MHz,11.9,6,1250,-1,1250,51.8588,Calibration,104,0
W50A000F,touch_1.7.0Beta1,6/11/2025 11:22:54,SSTDR,24,4,RG-58/U 50 ohm coax,0.66,None,Standard,0,0,24 MHz,105.762,1.5 MHz,11.9,6,1250,-1,1250,51.8588,Calibration,105,0
W50A000F,touch_1.7.0Beta1,6/11/2025 11:22:54,SSTDR,24,4,RG-58/U 50 ohm coax,0.66,None,Standard,0,0,24 MHz,105.762,1.5 MHz,11.9,6,1250,-1,1250,51.8588,Calibration,106,0
W50A000F,touch_1.7.0Beta1,6/11/2025 11:22:54,SSTDR,24,4,RG-58/U 50 ohm coax,0.66,None,Standard,0,0,24 MHz,105.762,1.5 MHz,11.9,6,1250,-1,1250,51.8588,Calibration,107,0
W50A000F,touch_1.7.0Beta1,6/11/2025 11:22:54,SSTDR,24,4,RG-58/U 50 ohm coax,0.66,None,Standard,0,0,24 MHz,105.762,1.5 MHz,11.9,6,1250,-1,1250,51.8588,Calibration,108,0
W50A000F,touch_1.7.0Beta1,6/11/2025 11:22:54,SSTDR,24,4,RG-58/U 50 ohm coax,0.66,None,Standard,0,0,24 MHz,105.762,1.5 MHz,11.9,6,1250,-1,1250,51.8588,Calibration,109,0
W50A000F,touch_1.7.0Beta1,6/11/2025 11:22:54,SSTDR,24,4,RG-58/U 50 ohm coax,0.66,None,Standard,0,0,24 MHz,105.762,1.5 MHz,11.9,6,1250,-1,1250,51.8588,Calibration,110,0
W50A000F,touch_1.7.0Beta1,6/11/2025 11:22:54,SSTDR,24,4,RG-58/U 50 ohm coax,0.66,None,Standard,0,0,24 MHz,105.762,1.5 MHz,11.9,6,1250,-1,1250,51.8588,Calibration,111,0
W50A000F,touch_1.7.0Beta1,6/11/2025 11:22:54,SSTDR,24,4,RG-58/U 50 ohm coax,0.66,None,Standard,0,0,24 MHz,105.762,1.5 MHz,11.9,6,1250,-1,1250,51.8588,Calibration,112,0
W50A000F,touch_1.7.0Beta1,6/11/2025 11:22:54,SSTDR,24,4,RG-58/U 50 ohm coax,0.66,None,Standard,0,0,24 MHz,105.762,1.5 MHz,11.9,6,1250,-1,1250,51.8588,Waveform,1,-0.999999999999675
W50A000F,touch_1.7.0Beta1,6/11/2025 11:22:54,SSTDR,24,4,RG-58/U 50 ohm coax,0.66,None,Standard,0,0,24 MHz,105.762,1.5 MHz,11.9,6,1250,-1,1250,51.8588,Waveform,1.25,-18.5324232420386
W50A000F,touch_1.7.0Beta1,6/11/2025 11:22:54,SSTDR,24,4,RG-58/U 50 ohm coax,0.66,None,Standard,0,0,24 MHz,105.762,1.5 MHz,11.9,6,1250,-1,1250,51.8588,Waveform,1.5,-24.3730055313591
W50A000F,touch_1.7.0Beta1,6/11/2025 11:22:54,SSTDR,24,4,RG-58/U 50 ohm coax,0.66,None,Standard,0,0,24 MHz,105.762,1.5 MHz,11.9,6,1250,-1,1250,51.8588,Waveform,1.75,-15.9162528656565
W50A000F,touch_1.7.0Beta1,6/11/2025 11:22:54,SSTDR,24,4,RG-58/U 50 ohm coax,0.66,None,Standard,0,0,24 MHz,105.762,1.5 MHz,11.9,6,1250,-1,1250,51.8588,Waveform,2,2.99999999999998
W50A000F,touch_1.7.0Beta1,6/11/2025 11:22:54,SSTDR,24,4,RG-58/U 50 ohm coax,0.66,None,Standard,0,0,24 MHz,105.762,1.5 MHz,11.9,6,1250,-1,1250,51.8588,Waveform,2.25,23.0486170037364
W50A000F,touch_1.7.0Beta1,6/11/2025 11:22:54,SSTDR,24,4,RG-58/U 50 ohm coax,0.66,None,Standard,0,0,24 MHz,105.762,1.5 MHz,11.9,6,1250,-1,1250,51.8588,Waveform,2.5,33.610787712358
W50A000F,touch_1.7.0Beta1,6/11/2025 11:22:54,SSTDR,24,4,RG-58/U 50 ohm coax,0.66,None,Standard,0,0,24 MHz,105.762,1.5 MHz,11.9,6,1250,-1,1250,51.8588,Waveform,2.75,28.3206225203532
W50A000F,touch_1.7.0Beta1,6/11/2025 11:22:54,SSTDR,24,4,RG-58/U 50 ohm coax,0.66,None,Standard,0,0,24 MHz,105.762,1.5 MHz,11.9,6,1250,-1,1250,51.8588,Waveform,3,8.99999999999987
W50A000F,touch_1.7.0Beta1,6/11/2025 11:22:54,SSTDR,24,4,RG-58/U 50 ohm coax,0.66,None,Standard,0,0,24 MHz,105.762,1.5 MHz,11.9,6,1250,-1,1250,51.8588,Waveform,3.25,-14.4353129368472
W50A000F,touch_1.7.0Beta1,6/11/2025 11:22:54,SSTDR,24,4,RG-58/U 50 ohm coax,0.66,None,Standard,0,0,24 MHz,105.762,1.5 MHz,11.9,6,1250,-1,1250,51.8588,Waveform,3.5,-28.5286830341108
W50A000F,touch_1.7.0Beta1,6/11/2025 11:22:54,SSTDR,24,4,RG-58/U 50 ohm coax,0.66,None,Standard,0,0,24 MHz,105.762,1.5 MHz,11.9,6,1250,-1,1250,51.8588,Waveform,3.75,-23.2794197311258
W50A000F,touch_1.7.0Beta1,6/11/2025 11:22:54,SSTDR,24,4,RG-58/U 50 ohm coax,0.66,None,Standard,0,0,24 MHz,105.762,1.5 MHz,11.9,6,1250,-1,1250,51.8588,Waveform,4,1.99999999999974
W50A000F,touch_1.7.0Beta1,6/11/2025 11:22:54,SSTDR,24,4,RG-58/U 50 ohm coax,0.66,None,Standard,0,0,24 MHz,105.762,1.5 MHz,11.9,6,1250,-1,1250,51.8588,Waveform,4.25,37.2893259706908
W50A000F,touch_1.7.0Beta1,6/11/2025 11:22:54,SSTDR,24,4,RG-58/U 50 ohm coax,0.66,None,Standard,0,0,24 MHz,105.762,1.5 MHz,11.9,6,1250,-1,1250,51.8588,Waveform,4.5,66.148061035855
W50A000F,touch_1.7.0Beta1,6/11/2025 11:22:54,SSTDR,24,4,RG-58/U 50 ohm coax,0.66,None,Standard,0,0,24 MHz,105.762,1.5 MHz,11.9,6,1250,-1,1250,51.8588,Waveform,4.75,73.945741601211
W50A000F,touch_1.7.0Beta1,6/11/2025 11:22:54,SSTDR,24,4,RG-58/U 50 ohm coax,0.66,None,Standard,0,0,24 MHz,105.762,1.5 MHz,11.9,6,1250,-1,1250,51.8588,Waveform,5,55.9999999999997
W50A000F,touch_1.7.0Beta1,6/11/2025 11:22:54,SSTDR,24,4,RG-58/U 50 ohm coax,0.66,None,Standard,0,0,24 MHz,105.762,1.5 MHz,11.9,6,1250,-1,1250,51.8588,Waveform,5.25,21.2288001976441
W50A000F,touch_1.7.0Beta1,6/11/2025 11:22:54,SSTDR,24,4,RG-58/U 50 ohm coax,0.66,None,Standard,0,0,24 MHz,105.762,1.5 MHz,11.9,6,1250,-1,1250,51.8588,Waveform,5.5,-11.149475072135
W50A000F,touch_1.7.0Beta1,6/11/2025 11:22:54,SSTDR,24,4,RG-58/U 50 ohm coax,0.66,None,Standard,0,0,24 MHz,105.762,1.5 MHz,11.9,6,1250,-1,1250,51.8588,Waveform,5.75,-20.9258372931034
W50A000F,touch_1.7.0Beta1,6/11/2025 11:22:54,SSTDR,24,4,RG-58/U 50 ohm coax,0.66,None,Standard,0,0,24 MHz,105.762,1.5 MHz,11.9,6,1250,-1,1250,51.8588,Waveform,6,2.00000000000061
W50A000F,touch_1.7.0Beta1,6/11/2025 11:22:54,SSTDR,24,4,RG-58/U 50 ohm coax,0.66,None,Standard,0,0,24 MHz,105.762,1.5 MHz,11.9,6,1250,-1,1250,51.8588,Waveform,6.25,50.436195443655
W50A000F,touch_1.7.0Beta1,6/11/2025 11:22:54,SSTDR,24,4,RG-58/U 50 ohm coax,0.66,None,Standard,0,0,24 MHz,105.762,1.5 MHz,11.9,6,1250,-1,1250,51.8588,Waveform,6.5,101.113843763289
W50A000F,touch_1.7.0Beta1,6/11/2025 11:22:54,SSTDR,24,4,RG-58/U 50 ohm coax,0.66,None,Standard,0,0,24 MHz,105.762,1.5 MHz,11.9,6,1250,-1,1250,51.8588,Waveform,6.75,125.150417908086
W50A000F,touch_1.7.0Beta1,6/11/2025 11:22:54,SSTDR,24,4,RG-58/U 50 ohm coax,0.66,None,Standard,0,0,24 MHz,105.762,1.5 MHz,11.9,6,1250,-1,1250,51.8588,Waveform,7,103.999999999999
W50A000F,touch_1.7.0Beta1,6/11/2025 11:22:54,SSTDR,24,4,RG-58/U 50 ohm coax,0.66,None,Standard,0,0,24 MHz,105.762,1.5 MHz,11.9,6,1250,-1,1250,51.8588,Waveform,7.25,43.5294027656033
W50A000F,touch_1.7.0Beta1,6/11/2025 11:22:54,SSTDR,24,4,RG-58/U 50 ohm coax,0.66,None,Standard,0,0,24 MHz,105.762,1.5 MHz,11.9,6,1250,-1,1250,51.8588,Waveform,7.5,-21.98583876319
W50A000F,touch_1.7.0Beta1,6/11/2025 11:22:54,SSTDR,24,4,RG-58/U 50 ohm coax,0.66,None,Standard,0,0,24 MHz,105.762,1.5 MHz,11.9,6,1250,-1,1250,51.8588,Waveform,7.75,-41.4594946471729
W50A000F,touch_1.7.0Beta1,6/11/2025 11:22:54,SSTDR,24,4,RG-58/U 50 ohm coax,0.66,None,Standard,0,0,24 MHz,105.762,1.5 MHz,11.9,6,1250,-1,1250,51.8588,Waveform,8,25.9999999999999
W50A000F,touch_1.7.0Beta1,6/11/2025 11:22:54,SSTDR,24,4,RG-58/U 50 ohm coax,0.66,None,Standard,0,0,24 MHz,105.762,1.5 MHz,11.9,6,1250,-1,1250,51.8588,Waveform,8.25,175.833455651193
W50A000F,touch_1.7.0Beta1,6/11/2025 11:22:54,SSTDR,24,4,RG-58/U 50 ohm coax,0.66,None,Standard,0,0,24 MHz,105.762,1.5 MHz,11.9,6,1250,-1,1250,51.8588,Waveform,8.5,327.466117995803
W50A000F,touch_1.7.0Beta1,6/11/2025 11:22:54,SSTDR,24,4,RG-58/U 50 ohm coax,0.66,None,Standard,0,0,24 MHz,105.762,1.5 MHz,11.9,6,1250,-1,1250,51.8588,Waveform,8.75,313.543082297113
W50A000F,touch_1.7.0Beta1,6/11/2025 11:22:54,SSTDR,24,4,RG-58/U 50 ohm coax,0.66,None,Standard,0,0,24 MHz,105.762,1.5 MHz,11.9,6,1250,-1,1250,51.8588,Waveform,9,-99
W50A000F,touch_1.7.0Beta1,6/11/2025 11:22:54,SSTDR,24,4,RG-58/U 50 ohm coax,0.66,None,Standard,0,0,24 MHz,105.762,1.5 MHz,11.9,6,1250,-1,1250,51.8588,Waveform,9.25,-1152.45201240395
W50A000F,touch_1.7.0Beta1,6/11/2025 11:22:54,SSTDR,24,4,RG-58/U 50 ohm coax,0.66,None,Standard,0,0,24 MHz,105.762,1.5 MHz,11.9,6,1250,-1,1250,51.8588,Waveform,9.5,-3014.9823851817
W50A000F,touch_1.7.0Beta1,6/11/2025 11:22:54,SSTDR,24,4,RG-58/U 50 ohm coax,0.66,None,Standard,0,0,24 MHz,105.762,1.5 MHz,11.9,6,1250,-1,1250,51.8588,Waveform,9.75,-5691.37603280832
W50A000F,touch_1.7.0Beta1,6/11/2025 11:22:54,SSTDR,24,4,RG-58/U 50 ohm coax,0.66,None,Standard,0,0,24 MHz,105.762,1.5 MHz,11.9,6,1250,-1,1250,51.8588,Waveform,10,-8957
W50A000F,touch_1.7.0Beta1,6/11/2025 11:22:54,SSTDR,24,4,RG-58/U 50 ohm coax,0.66,None,Standard,0,0,24 MHz,105.762,1.5 MHz,11.9,6,1250,-1,1250,51.8588,Waveform,10.25,-12344.1196222235
W50A000F,touch_1.7.0Beta1,6/11/2025 11:22:54,SSTDR,24,4,RG-58/U 50 ohm coax,0.66,None,Standard,0,0,24 MHz,105.762,1.5 MHz,11.9,6,1250,-1,1250,51.8588,Waveform,10.5,-15199.2724117342
W50A000F,touch_1.7.0Beta1,6/11/2025 11:22:54,SSTDR,24,4,RG-58/U 50 ohm coax,0.66,None,Standard,0,0,24 MHz,105.762,1.5 MHz,11.9,6,1250,-1,1250,51.8588,Waveform,10.75,-16810.8208213104
W50A000F,touch_1.7.0Beta1,6/11/2025 11:22:54,SSTDR,24,4,RG-58/U 50 ohm coax,0.66,None,Standard,0,0,24 MHz,105.762,1.5 MHz,11.9,6,1250,-1,1250,51.8588,Waveform,11,-16582
W50A000F,touch_1.7.0Beta1,6/11/2025 11:22:54,SSTDR,24,4,RG-58/U 50 ohm coax,0.66,None,Standard,0,0,24 MHz,105.762,1.5 MHz,11.9,6,1250,-1,1250,51.8588,Waveform,11.25,-14204.5005332332
W50A000F,touch_1.7.0Beta1,6/11/2025 11:22:54,SSTDR,24,4,RG-58/U 50 ohm coax,0.66,None,Standard,0,0,24 MHz,105.762,1.5 MHz,11.9,6,1250,-1,1250,51.8588,Waveform,11.5,-9779.02536652399
W50A000F,touch_1.7.0Beta1,6/11/2025 11:22:54,SSTDR,24,4,RG-58/U 50 ohm coax,0.66,None,Standard,0,0,24 MHz,105.762,1.5 MHz,11.9,6,1250,-1,1250,51.8588,Waveform,11.75,-3837.73650738428
W50A000F,touch_1.7.0Beta1,6/11/2025 11:22:54,SSTDR,24,4,RG-58/U 50 ohm coax,0.66,None,Standard,0,0,24 MHz,105.762,1.5 MHz,11.9,6,1250,-1,1250,51.8588,Waveform,12,2751
W50A000F,touch_1.7.0Beta1,6/11/2025 11:22:54,SSTDR,24,4,RG-58/U 50 ohm coax,0.66,None,Standard,0,0,24 MHz,105.762,1.5 MHz,11.9,6,1250,-1,1250,51.8588,Waveform,12.25,8979.1925181332
W50A000F,touch_1.7.0Beta1,6/11/2025 11:22:54,SSTDR,24,4,RG-58/U 50 ohm coax,0.66,None,Standard,0,0,24 MHz,105.762,1.5 MHz,11.9,6,1250,-1,1250,51.8588,Waveform,12.5,13945.8490889043
W50A000F,touch_1.7.0Beta1,6/11/2025 11:22:54,SSTDR,24,4,RG-58/U 50 ohm coax,0.66,None,Standard,0,0,24 MHz,105.762,1.5 MHz,11.9,6,1250,-1,1250,51.8588,Waveform,12.75,17081.3231042165
W50A000F,touch_1.7.0Beta1,6/11/2025 11:22:54,SSTDR,24,4,RG-58/U 50 ohm coax,0.66,None,Standard,0,0,24 MHz,105.762,1.5 MHz,11.9,6,1250,-1,1250,51.8588,Waveform,13,18279
W50A000F,touch_1.7.0Beta1,6/11/2025 11:22:54,SSTDR,24,4,RG-58/U 50 ohm coax,0.66,None,Standard,0,0,24 MHz,105.762,1.5 MHz,11.9,6,1250,-1,1250,51.8588,Waveform,13.25,17890.3778065256
W50A000F,touch_1.7.0Beta1,6/11/2025 11:22:54,SSTDR,24,4,RG-58/U 50 ohm coax,0.66,None,Standard,0,0,24 MHz,105.762,1.5 MHz,11.9,6,1250,-1,1250,51.8588,Waveform,13.5,16582.9382056873
W50A000F,touch_1.7.0Beta1,6/11/2025 11:22:54,SSTDR,24,4,RG-58/U 50 ohm coax,0.66,None,Standard,0,0,24 MHz,105.762,1.5 MHz,11.9,6,1250,-1,1250,51.8588,Waveform,13.75,15105.938292252
W50A000F,touch_1.7.0Beta1,6/11/2025 11:22:54,SSTDR,24,4,RG-58/U 50 ohm coax,0.66,None,Standard,0,0,24 MHz,105.762,1.5 MHz,11.9,6,1250,-1,1250,51.8588,Waveform,14,14041
W50A000F,touch_1.7.0Beta1,6/11/2025 11:22:54,SSTDR,24,4,RG-58/U 50 ohm coax,0.66,None,Standard,0,0,24 MHz,105.762,1.5 MHz,11.9,6,1250,-1,1250,51.8588,Waveform,14.25,13620.1178533547
W50A000F,touch_1.7.0Beta1,6/11/2025 11:22:54,SSTDR,24,4,RG-58/U 50 ohm coax,0.66,None,Standard,0,0,24 MHz,105.762,1.5 MHz,11.9,6,1250,-1,1250,51.8588,Waveform,14.5,13670.6454229565
W50A000F,touch_1.7.0Beta1,6/11/2025 11:22:54,SSTDR,24,4,RG-58/U 50 ohm coax,0.66,None,Standard,0,0,24 MHz,105.762,1.5 MHz,11.9,6,1250,-1,1250,51.8588,Waveform,14.75,13702.7999404738
W50A000F,touch_1.7.0Beta1,6/11/2025 11:22:54,SSTDR,24,4,RG-58/U 50 ohm coax,0.66,None,Standard,0,0,24 MHz,105.762,1.5 MHz,11.9,6,1250,-1,1250,51.8588,Waveform,15,13106
W50A000F,touch_1.7.0Beta1,6/11/2025 11:22:54,SSTDR,24,4,RG-58/U 50 ohm coax,0.66,None,Standard,0,0,24 MHz,105.762,1.5 MHz,11.9,6,1250,-1,1250,51.8588,Waveform,15.25,11383.6815161019
W50A000F,touch_1.7.0Beta1,6/11/2025 11:22:54,SSTDR,24,4,RG-58/U 50 ohm coax,0.66,None,Standard,0,0,24 MHz,105.762,1.5 MHz,11.9,6,1250,-1,1250,51.8588,Waveform,15.5,8345.11685574851
W50A000F,touch_1.7.0Beta1,6/11/2025 11:22:54,SSTDR,24,4,RG-58/U 50 ohm coax,0.66,None,Standard,0,0,24 MHz,105.762,1.5 MHz,11.9,6,1250,-1,1250,51.8588,Waveform,15.75,4190.52426282111
W50A000F,touch_1.7.0Beta1,6/11/2025 11:22:54,SSTDR,24,4,RG-58/U 50 ohm coax,0.66,None,Standard,0,0,24 MHz,105.762,1.5 MHz,11.9,6,1250,-1,1250,51.8588,Waveform,16,-535
W50A000F,touch_1.7.0Beta1,6/11/2025 11:22:54,SSTDR,24,4,RG-58/U 50 ohm coax,0.66,None,Standard,0,0,24 MHz,105.762,1.5 MHz,11.9,6,1250,-1,1250,51.8588,Waveform,16.25,-5097.46752849503
W50A000F,touch_1.7.0Beta1,6/11/2025 11:22:54,SSTDR,24,4,RG-58/U 50 ohm coax,0.66,None,Standard,0,0,24 MHz,105.762,1.5 MHz,11.9,6,1250,-1,1250,51.8588,Waveform,16.5,-8783.06343278732
W50A000F,touch_1.7.0Beta1,6/11/2025 11:22:54,SSTDR,24,4,RG-58/U 50 ohm coax,0.66,None,Standard,0,0,24 MHz,105.762,1.5 MHz,11.9,6,1250,-1,1250,51.8588,Waveform,16.75,-11089.9419787545
W50A000F,touch_1.7.0Beta1,6/11/2025 11:22:54,SSTDR,24,4,RG-58/U 50 ohm coax,0.66,None,Standard,0,0,24 MHz,105.762,1.5 MHz,11.9,6,1250,-1,1250,51.8588,Waveform,17,-11844
W50A000F,touch_1.7.0Beta1,6/11/2025 11:22:54,SSTDR,24,4,RG-58/U 50 ohm coax,0.66,None,Standard,0,0,24 MHz,105.762,1.5 MHz,11.9,6,1250,-1,1250,51.8588,Waveform,17.25,-11210.2730792575
W50A000F,touch_1.7.0Beta1,6/11/2025 11:22:54,SSTDR,24,4,RG-58/U 50 ohm coax,0.66,None,Standard,0,0,24 MHz,105.762,1.5 MHz,11.9,6,1250,-1,1250,51.8588,Waveform,17.5,-9608.29045960648
W50A000F,touch_1.7.0Beta1,6/11/2025 11:22:54,SSTDR,24,4,RG-58/U 50 ohm coax,0.66,None,Standard,0,0,24 MHz,105.762,1.5 MHz,11.9,6,1250,-1,1250,51.8588,Waveform,17.75,-7569.25745495598
W50A000F,touch_1.7.0Beta1,6/11/2025 11:22:54,SSTDR,24,4,RG-58/U 50 ohm coax,0.66,None,Standard,0,0,24 MHz,105.762,1.5 MHz,11.9,6,1250,-1,1250,51.8588,Waveform,18,-5586
W50A000F,touch_1.7.0Beta1,6/11/2025 11:22:54,SSTDR,24,4,RG-58/U 50 ohm coax,0.66,None,Standard,0,0,24 MHz,105.762,1.5 MHz,11.9,6,1250,-1,1250,51.8588,Waveform,18.25,-4000.98216261784
W50A000F,touch_1.7.0Beta1,6/11/2025 11:22:54,SSTDR,24,4,RG-58/U 50 ohm coax,0.66,None,Standard,0,0,24 MHz,105.762,1.5 MHz,11.9,6,1250,-1,1250,51.8588,Waveform,18.5,-2958.13936266293
W50A000F,touch_1.7.0Beta1,6/11/2025 11:22:54,SSTDR,24,4,RG-58/U 50 ohm coax,0.66,None,Standard,0,0,24 MHz,105.762,1.5 MHz,11.9,6,1250,-1,1250,51.8588,Waveform,18.75,-2419.71802578991
W50A000F,touch_1.7.0Beta1,6/11/2025 11:22:54,SSTDR,24,4,RG-58/U 50 ohm coax,0.66,None,Standard,0,0,24 MHz,105.762,1.5 MHz,11.9,6,1250,-1,1250,51.8588,Waveform,19,-2229
W50A000F,touch_1.7.0Beta1,6/11/2025 11:22:54,SSTDR,24,4,RG-58/U 50 ohm coax,0.66,None,Standard,0,0,24 MHz,105.762,1.5 MHz,11.9,6,1250,-1,1250,51.8588,Waveform,19.25,-2189.78017302212
W50A000F,touch_1.7.0Beta1,6/11/2025 11:22:54,SSTDR,24,4,RG-58/U 50 ohm coax,0.66,None,Standard,0,0,24 MHz,105.762,1.5 MHz,11.9,6,1250,-1,1250,51.8588,Waveform,19.5,-2135.02267521355
W50A000F,touch_1.7.0Beta1,6/11/2025 11:22:54,SSTDR,24,4,RG-58/U 50 ohm coax,0.66,None,Standard,0,0,24 MHz,105.762,1.5 MHz,11.9,6,1250,-1,1250,51.8588,Waveform,19.75,-1967.19286306989
W50A000F,touch_1.7.0Beta1,6/11/2025 11:22:54,SSTDR,24,4,RG-58/U 50 ohm coax,0.66,None,Standard,0,0,24 MHz,105.762,1.5 MHz,11.9,6,1250,-1,1250,51.8588,Waveform,20,-1666
W50A000F,touch_1.7.0Beta1,6/11/2025 11:22:54,SSTDR,24,4,RG-58/U 50 ohm coax,0.66,None,Standard,0,0,24 MHz,105.762,1.5 MHz,11.9,6,1250,-1,1250,51.8588,Waveform,20.25,-1270.50001308878
W50A000F,touch_1.7.0Beta1,6/11/2025 11:22:54,SSTDR,24,4,RG-58/U 50 ohm coax,0.66,None,Standard,0,0,24 MHz,105.762,1.5 MHz,11.9,6,1250,-1,1250,51.8588,Waveform,20.5,-848.505264410951
W50A000F,touch_1.7.0Beta1,6/11/2025 11:22:54,SSTDR,24,4,RG-58/U 50 ohm coax,0.66,None,Standard,0,0,24 MHz,105.762,1.5 MHz,11.9,6,1250,-1,1250,51.8588,Waveform,20.75,-466.467765854187
W50A000F,touch_1.7.0Beta1,6/11/2025 11:22:54,SSTDR,24,4,RG-58/U 50 ohm coax,0.66,None,Standard,0,0,24 MHz,105.762,1.5 MHz,11.9,6,1250,-1,1250,51.8588,Waveform,21,-169
W50A000F,touch_1.7.0Beta1,6/11/2025 11:22:54,SSTDR,24,4,RG-58/U 50 ohm coax,0.66,None,Standard,0,0,24 MHz,105.762,1.5 MHz,11.9,6,1250,-1,1250,51.8588,Waveform,21.25,28.510520825705
W50A000F,touch_1.7.0Beta1,6/11/2025 11:22:54,SSTDR,24,4,RG-58/U 50 ohm coax,0.66,None,Standard,0,0,24 MHz,105.762,1.5 MHz,11.9,6,1250,-1,1250,51.8588,Waveform,21.5,135.837547843431
W50A000F,touch_1.7.0Beta1,6/11/2025 11:22:54,SSTDR,24,4,RG-58/U 50 ohm coax,0.66,None,Standard,0,0,24 MHz,105.762,1.5 MHz,11.9,6,1250,-1,1250,51.8588,Waveform,21.75,177.14444924079
W50A000F,touch_1.7.0Beta1,6/11/2025 11:22:54,SSTDR,24,4,RG-58/U 50 ohm coax,0.66,None,Standard,0,0,24 MHz,105.762,1.5 MHz,11.9,6,1250,-1,1250,51.8588,Waveform,22,179
W50A000F,touch_1.7.0Beta1,6/11/2025 11:22:54,SSTDR,24,4,RG-58/U 50 ohm coax,0.66,None,Standard,0,0,24 MHz,105.762,1.5 MHz,11.9,6,1250,-1,1250,51.8588,Waveform,22.25,161.540734651464
W50A000F,touch_1.7.0Beta1,6/11/2025 11:22:54,SSTDR,24,4,RG-58/U 50 ohm coax,0.66,None,Standard,0,0,24 MHz,105.762,1.5 MHz,11.9,6,1250,-1,1250,51.8588,Waveform,22.5,134.947869708363
W50A000F,touch_1.7.0Beta1,6/11/2025 11:22:54,SSTDR,24,4,RG-58/U 50 ohm coax,0.66,None,Standard,0,0,24 MHz,105.762,1.5 MHz,11.9,6,1250,-1,1250,51.8588,Waveform,22.75,101.043096554911
W50A000F,touch_1.7.0Beta1,6/11/2025 11:22:54,SSTDR,24,4,RG-58/U 50 ohm coax,0.66,None,Standard,0,0,24 MHz,105.762,1.5 MHz,11.9,6,1250,-1,1250,51.8588,Waveform,23,57.9999999999994
W50A000F,touch_1.7.0Beta1,6/11/2025 11:22:54,SSTDR,24,4,RG-58/U 50 ohm coax,0.66,None,Standard,0,0,24 MHz,105.762,1.5 MHz,11.9,6,1250,-1,1250,51.8588,Waveform,23.25,5.38485723244779
W50A000F,touch_1.7.0Beta1,6/11/2025 11:22:54,SSTDR,24,4,RG-58/U 50 ohm coax,0.66,None,Standard,0,0,24 MHz,105.762,1.5 MHz,11.9,6,1250,-1,1250,51.8588,Waveform,23.5,-52.882861003224
W50A000F,touch_1.7.0Beta1,6/11/2025 11:22:54,SSTDR,24,4,RG-58/U 50 ohm coax,0.66,None,Standard,0,0,24 MHz,105.762,1.5 MHz,11.9,6,1250,-1,1250,51.8588,Waveform,23.75,-108.76428164526
W50A000F,touch_1.7.0Beta1,6/11/2025 11:22:54,SSTDR,24,4,RG-58/U 50 ohm coax,0.66,None,Standard,0,0,24 MHz,105.762,1.5 MHz,11.9,6,1250,-1,1250,51.8588,Waveform,24,-153
W50A000F,touch_1.7.0Beta1,6/11/2025 11:22:54,SSTDR,24,4,RG-58/U 50 ohm coax,0.66,None,Standard,0,0,24 MHz,105.762,1.5 MHz,11.9,6,1250,-1,1250,51.8588,Waveform,24.25,-178.874835183446
W50A000F,touch_1.7.0Beta1,6/11/2025 11:22:54,SSTDR,24,4,RG-58/U 50 ohm coax,0.66,None,Standard,0,0,24 MHz,105.762,1.5 MHz,11.9,6,1250,-1,1250,51.8588,Waveform,24.5,-184.728310647084
W50A000F,touch_1.7.0Beta1,6/11/2025 11:22:54,SSTDR,24,4,RG-58/U 50 ohm coax,0.66,None,Standard,0,0,24 MHz,105.762,1.5 MHz,11.9,6,1250,-1,1250,51.8588,Waveform,24.75,-173.865564719221
W50A000F,touch_1.7.0Beta1,6/11/2025 11:22:54,SSTDR,24,4,RG-58/U 50 ohm coax,0.66,None,Standard,0,0,24 MHz,105.762,1.5 MHz,11.9,6,1250,-1,1250,51.8588,Waveform,25,-152
W50A000F,touch_1.7.0Beta1,6/11/2025 11:22:54,SSTDR,24,4,RG-58/U 50 ohm coax,0.66,None,Standard,0,0,24 MHz,105.762,1.5 MHz,11.9,6,1250,-1,1250,51.8588,Waveform,25.25,-123.761505019377
W50A000F,touch_1.7.0Beta1,6/11/2025 11:22:54,SSTDR,24,4,RG-58/U 50 ohm coax,0.66,None,Standard,0,0,24 MHz,105.762,1.5 MHz,11.9,6,1250,-1,1250,51.8588,Waveform,25.5,-90.3603039611526
W50A000F,touch_1.7.0Beta1,6/11/2025 11:22:54,SSTDR,24,4,RG-58/U 50 ohm coax,0.66,None,Standard,0,0,24 MHz,105.762,1.5 MHz,11.9,6,1250,-1,1250,51.8588,Waveform,25.75,-49.8610752956843
W50A000F,touch_1.7.0Beta1,6/11/2025 11:22:54,SSTDR,24,4,RG-58/U 50 ohm coax,0.66,None,Standard,0,0,24 MHz,105.762,1.5 MHz,11.9,6,1250,-1,1250,51.8588,Waveform,26,4.06024420434343e-14
W50A000F,touch_1.7.0Beta1,6/11/2025 11:22:54,SSTDR,24,4,RG-58/U 50 ohm coax,0.66,None,Standard,0,0,24 MHz,105.762,1.5 MHz,11.9,6,1250,-1,1250,51.8588,Waveform,26.25,58.1012855283516
W50A000F,touch_1.7.0Beta1,6/11/2025 11:22:54,SSTDR,24,4,RG-58/U 50 ohm coax,0.66,None,Standard,0,0,24 MHz,105.762,1.5 MHz,11.9,6,1250,-1,1250,51.8588,Waveform,26.5,117.687184105011
W50A000F,touch_1.7.0Beta1,6/11/2025 11:22:54,SSTDR,24,4,RG-58/U 50 ohm coax,0.66,None,Standard,0,0,24 MHz,105.762,1.5 MHz,11.9,6,1250,-1,1250,51.8588,Waveform,26.75,167.314556385172
W50A000F,touch_1.7.0Beta1,6/11/2025 11:22:54,SSTDR,24,4,RG-58/U 50 ohm coax,0.66,None,Standard,0,0,24 MHz,105.762,1.5 MHz,11.9,6,1250,-1,1250,51.8588,Waveform,27,195
W50A000F,touch_1.7.0Beta1,6/11/2025 11:22:54,SSTDR,24,4,RG-58/U 50 ohm coax,0.66,None,Standard,0,0,24 MHz,105.762,1.5 MHz,11.9,6,1250,-1,1250,51.8588,Waveform,27.25,193.671195958638
W50A000F,touch_1.7.0Beta1,6/11/2025 11:22:54,SSTDR,24,4,RG-58/U 50 ohm coax,0.66,None,Standard,0,0,24 MHz,105.762,1.5 MHz,11.9,6,1250,-1,1250,51.8588,Waveform,27.5,165.032443454123
W50A000F,touch_1.7.0Beta1,6/11/2025 11:22:54,SSTDR,24,4,RG-58/U 50 ohm coax,0.66,None,Standard,0,0,24 MHz,105.762,1.5 MHz,11.9,6,1250,-1,1250,51.8588,Waveform,27.75,119.524319733409
W50A000F,touch_1.7.0Beta1,6/11/2025 11:22:54,SSTDR,24,4,RG-58/U 50 ohm coax,0.66,None,Standard,0,0,24 MHz,105.762,1.5 MHz,11.9,6,1250,-1,1250,51.8588,Waveform,28,71.9999999999991
W50A000F,touch_1.7.0Beta1,6/11/2025 11:22:54,SSTDR,24,4,RG-58/U 50 ohm coax,0.66,None,Standard,0,0,24 MHz,105.762,1.5 MHz,11.9,6,1250,-1,1250,51.8588,Waveform,28.25,35.0680895842298
W50A000F,touch_1.7.0Beta1,6/11/2025 11:22:54,SSTDR,24,4,RG-58/U 50 ohm coax,0.66,None,Standard,0,0,24 MHz,105.762,1.5 MHz,11.9,6,1250,-1,1250,51.8588,Waveform,28.5,13.481404784184
W50A000F,touch_1.7.0Beta1,6/11/2025 11:22:54,SSTDR,24,4,RG-58/U 50 ohm coax,0.66,None,Standard,0,0,24 MHz,105.762,1.5 MHz,11.9,6,1250,-1,1250,51.8588,Waveform,28.75,2.61153769212303
W50A000F,touch_1.7.0Beta1,6/11/2025 11:22:54,SSTDR,24,4,RG-58/U 50 ohm coax,0.66,None,Standard,0,0,24 MHz,105.762,1.5 MHz,11.9,6,1250,-1,1250,51.8588,Waveform,29,-8.00000000000084
W50A000F,touch_1.7.0Beta1,6/11/2025 11:22:54,SSTDR,24,4,RG-58/U 50 ohm coax,0.66,None,Standard,0,0,24 MHz,105.762,1.5 MHz,11.9,6,1250,-1,1250,51.8588,Waveform,29.25,-27.7612352446576
W50A000F,touch_1.7.0Beta1,6/11/2025 11:22:54,SSTDR,24,4,RG-58/U 50 ohm coax,0.66,None,Standard,0,0,24 MHz,105.762,1.5 MHz,11.9,6,1250,-1,1250,51.8588,Waveform,29.5,-58.5201626444252
W50A000F,touch_1.7.0Beta1,6/11/2025 11:22:54,SSTDR,24,4,RG-58/U 50 ohm coax,0.66,None,Standard,0,0,24 MHz,105.762,1.5 MHz,11.9,6,1250,-1,1250,51.8588,Waveform,29.75,-92.1598783987688
W50A000F,touch_1.7.0Beta1,6/11/2025 11:22:54,SSTDR,24,4,RG-58/U 50 ohm coax,0.66,None,Standard,0,0,24 MHz,105.762,1.5 MHz,11.9,6,1250,-1,1250,51.8588,Waveform,30,-114
W50A000F,touch_1.7.0Beta1,6/11/2025 11:22:54,SSTDR,24,4,RG-58/U 50 ohm coax,0.66,None,Standard,0,0,24 MHz,105.762,1.5 MHz,11.9,6,1250,-1,1250,51.8588,Waveform,30.25,-110.592029272222
W50A000F,touch_1.7.0Beta1,6/11/2025 11:22:54,SSTDR,24,4,RG-58/U 50 ohm coax,0.66,None,Standard,0,0,24 MHz,105.762,1.5 MHz,11.9,6,1250,-1,1250,51.8588,Waveform,30.5,-77.9387944745981
W50A000F,touch_1.7.0Beta1,6/11/2025 11:22:54,SSTDR,24,4,RG-58/U 50 ohm coax,0.66,None,Standard,0,0,24 MHz,105.762,1.5 MHz,11.9,6,1250,-1,1250,51.8588,Waveform,30.75,-25.5997337726617
W50A000F,touch_1.7.0Beta1,6/11/2025 11:22:54,SSTDR,24,4,RG-58/U 50 ohm coax,0.66,None,Standard,0,0,24 MHz,105.762,1.5 MHz,11.9,6,1250,-1,1250,51.8588,Waveform,31,26.0000000000004
W50A000F,touch_1.7.0Beta1,6/11/2025 11:22:54,SSTDR,24,4,RG-58/U 50 ohm coax,0.66,None,Standard,0,0,24 MHz,105.762,1.5 MHz,11.9,6,1250,-1,1250,51.8588,Waveform,31.25,54.3080507942507
W50A000F,touch_1.7.0Beta1,6/11/2025 11:22:54,SSTDR,24,4,RG-58/U 50 ohm coax,0.66,None,Standard,0,0,24 MHz,105.762,1.5 MHz,11.9,6,1250,-1,1250,51.8588,Waveform,31.5,45.4192120463965
W50A000F,touch_1.7.0Beta1,6/11/2025 11:22:54,SSTDR,24,4,RG-58/U 50 ohm coax,0.66,None,Standard,0,0,24 MHz,105.762,1.5 MHz,11.9,6,1250,-1,1250,51.8588,Waveform,31.75,1.51940771371093
W50A000F,touch_1.7.0Beta1,6/11/2025 11:22:54,SSTDR,24,4,RG-58/U 50 ohm coax,0.66,None,Standard,0,0,24 MHz,105.762,1.5 MHz,11.9,6,1250,-1,1250,51.8588,Waveform,32,-59.0000000000001
W50A000F,touch_1.7.0Beta1,6/11/2025 11:22:54,SSTDR,24,4,RG-58/U 50 ohm coax,0.66,None,Standard,0,0,24 MHz,105.762,1.5 MHz,11.9,6,1250,-1,1250,51.8588,Waveform,32.25,-109.253417320698
W50A000F,touch_1.7.0Beta1,6/11/2025 11:22:54,SSTDR,24,4,RG-58/U 50 ohm coax,0.66,None,Standard,0,0,24 MHz,105.762,1.5 MHz,11.9,6,1250,-1,1250,51.8588,Waveform,32.5,-125.978934416377
W50A000F,touch_1.7.0Beta1,6/11/2025 11:22:54,SSTDR,24,4,RG-58/U 50 ohm coax,0.66,None,Standard,0,0,24 MHz,105.762,1.5 MHz,11.9,6,1250,-1,1250,51.8588,Waveform,32.75,-100.316885862789
W50A000F,touch_1.7.0Beta1,6/11/2025 11:22:54,SSTDR,24,4,RG-58/U 50 ohm coax,0.66,None,Standard,0,0,24 MHz,105.762,1.5 MHz,11.9,6,1250,-1,1250,51.8588,Waveform,33,-41.9999999999994
W50A000F,touch_1.7.0Beta1,6/11/2025 11:22:54,SSTDR,24,4,RG-58/U 50 ohm coax,0.66,None,Standard,0,0,24 MHz,105.762,1.5 MHz,11.9,6,1250,-1,1250,51.8588,Waveform,33.25,25.1579851188866
W50A000F,touch_1.7.0Beta1,6/11/2025 11:22:54,SSTDR,24,4,RG-58/U 50 ohm coax,0.66,None,Standard,0,0,24 MHz,105.762,1.5 MHz,11.9,6,1250,-1,1250,51.8588,Waveform,33.5,74.3527421107899
W50A000F,touch_1.7.0Beta1,6/11/2025 11:22:54,SSTDR,24,4,RG-58/U 50 ohm coax,0.66,None,Standard,0,0,24 MHz,105.762,1.5 MHz,11.9,6,1250,-1,1250,51.8588,Waveform,33.75,88.121117477152
W50A000F,touch_1.7.0Beta1,6/11/2025 11:22:54,SSTDR,24,4,RG-58/U 50 ohm coax,0.66,None,Standard,0,0,24 MHz,105.762,1.5 MHz,11.9,6,1250,-1,1250,51.8588,Waveform,34,65.9999999999997
W50A000F,touch_1.7.0Beta1,6/11/2025 11:22:54,SSTDR,24,4,RG-58/U 50 ohm coax,0.66,None,Standard,0,0,24 MHz,105.762,1.5 MHz,11.9,6,1250,-1,1250,51.8588,Waveform,34.25,23.9453309372394
W50A000F,touch_1.7.0Beta1,6/11/2025 11:22:54,SSTDR,24,4,RG-58/U 50 ohm coax,0.66,None,Standard,0,0,24 MHz,105.762,1.5 MHz,11.9,6,1250,-1,1250,51.8588,Waveform,34.5,-13.9788920334134
W50A000F,touch_1.7.0Beta1,6/11/2025 11:22:54,SSTDR,24,4,RG-58/U 50 ohm coax,0.66,None,Standard,0,0,24 MHz,105.762,1.5 MHz,11.9,6,1250,-1,1250,51.8588,Waveform,34.75,-27.3838022368287
W50A000F,touch_1.7.0Beta1,6/11/2025 11:22:54,SSTDR,24,4,RG-58/U 50 ohm coax,0.66,None,Standard,0,0,24 MHz,105.762,1.5 MHz,11.9,6,1250,-1,1250,51.8588,Waveform,35,-9.00000000000048
W50A000F,touch_1.7.0Beta1,6/11/2025 11:22:54,SSTDR,24,4,RG-58/U 50 ohm coax,0.66,None,Standard,0,0,24 MHz,105.762,1.5 MHz,11.9,6,1250,-1,1250,51.8588,Waveform,35.25,32.661669903974
W50A000F,touch_1.7.0Beta1,6/11/2025 11:22:54,SSTDR,24,4,RG-58/U 50 ohm coax,0.66,None,Standard,0,0,24 MHz,105.762,1.5 MHz,11.9,6,1250,-1,1250,51.8588,Waveform,35.5,78.3585432645338
W50A000F,touch_1.7.0Beta1,6/11/2025 11:22:54,SSTDR,24,4,RG-58/U 50 ohm coax,0.66,None,Standard,0,0,24 MHz,105.762,1.5 MHz,11.9,6,1250,-1,1250,51.8588,Waveform,35.75,107.964433362999
W50A000F,touch_1.7.0Beta1,6/11/2025 11:22:54,SSTDR,24,4,RG-58/U 50 ohm coax,0.66,None,Standard,0,0,24 MHz,105.762,1.5 MHz,11.9,6,1250,-1,1250,51.8588,Waveform,36,110.000000000001
W50A000F,touch_1.7.0Beta1,6/11/2025 11:22:54,SSTDR,24,4,RG-58/U 50 ohm coax,0.66,None,Standard,0,0,24 MHz,105.762,1.5 MHz,11.9,6,1250,-1,1250,51.8588,Waveform,36.25,86.195398977837
W50A000F,touch_1.7.0Beta1,6/11/2025 11:22:54,SSTDR,24,4,RG-58/U 50 ohm coax,0.66,None,Standard,0,0,24 MHz,105.762,1.5 MHz,11.9,6,1250,-1,1250,51.8588,Waveform,36.5,49.2241914822709
W50A000F,touch_1.7.0Beta1,6/11/2025 11:22:54,SSTDR,24,4,RG-58/U 50 ohm coax,0.66,None,Standard,0,0,24 MHz,105.762,1.5 MHz,11.9,6,1250,-1,1250,51.8588,Waveform,36.75,15.3234702213065
W50A000F,touch_1.7.0Beta1,6/11/2025 11:22:54,SSTDR,24,4,RG-58/U 50 ohm coax,0.66,None,Standard,0,0,24 MHz,105.762,1.5 MHz,11.9,6,1250,-1,1250,51.8588,Waveform,37,-3.99999999999946
W50A000F,touch_1.7.0Beta1,6/11/2025 11:22:54,SSTDR,24,4,RG-58/U 50 ohm coax,0.66,None,Standard,0,0,24 MHz,105.762,1.5 MHz,11.9,6,1250,-1,1250,51.8588,Waveform,37.25,-6.81873305771527
W50A000F,touch_1.7.0Beta1,6/11/2025 11:22:54,SSTDR,24,4,RG-58/U 50 ohm coax,0.66,None,Standard,0,0,24 MHz,105.762,1.5 MHz,11.9,6,1250,-1,1250,51.8588,Waveform,37.5,0.035406824988643
W50A000F,touch_1.7.0Beta1,6/11/2025 11:22:54,SSTDR,24,4,RG-58/U 50 ohm coax,0.66,None,Standard,0,0,24 MHz,105.762,1.5 MHz,11.9,6,1250,-1,1250,51.8588,Waveform,37.75,6.49244022911353
W50A000F,touch_1.7.0Beta1,6/11/2025 11:22:54,SSTDR,24,4,RG-58/U 50 ohm coax,0.66,None,Standard,0,0,24 MHz,105.762,1.5 MHz,11.9,6,1250,-1,1250,51.8588,Waveform,38,6.00000000000065
W50A000F,touch_1.7.0Beta1,6/11/2025 11:22:54,SSTDR,24,4,RG-58/U 50 ohm coax,0.66,None,Standard,0,0,24 MHz,105.762,1.5 MHz,11.9,6,1250,-1,1250,51.8588,Waveform,38.25,-0.444527867125934
W50A000F,touch_1.7.0Beta1,6/11/2025 11:22:54,SSTDR,24,4,RG-58/U 50 ohm coax,0.66,None,Standard,0,0,24 MHz,105.762,1.5 MHz,11.9,6,1250,-1,1250,51.8588,Waveform,38.5,-5.23307482970839
W50A000F,touch_1.7.0Beta1,6/11/2025 11:22:54,SSTDR,24,4,RG-58/U 50 ohm coax,0.66,None,Standard,0,0,24 MHz,105.762,1.5 MHz,11.9,6,1250,-1,1250,51.8588,Waveform,38.75,0.606156542709869
W50A000F,touch_1.7.0Beta1,6/11/2025 11:22:54,SSTDR,24,4,RG-58/U 50 ohm coax,0.66,None,Standard,0,0,24 MHz,105.762,1.5 MHz,11.9,6,1250,-1,1250,51.8588,Waveform,39,21.000000000001
W50A000F,touch_1.7.0Beta1,6/11/2025 11:22:54,SSTDR,24,4,RG-58/U 50 ohm coax,0.66,None,Standard,0,0,24 MHz,105.762,1.5 MHz,11.9,6,1250,-1,1250,51.8588,Waveform,39.25,51.0964166443272
W50A000F,touch_1.7.0Beta1,6/11/2025 11:22:54,SSTDR,24,4,RG-58/U 50 ohm coax,0.66,None,Standard,0,0,24 MHz,105.762,1.5 MHz,11.9,6,1250,-1,1250,51.8588,Waveform,39.5,78.5729700562359
W50A000F,touch_1.7.0Beta1,6/11/2025 11:22:54,SSTDR,24,4,RG-58/U 50 ohm coax,0.66,None,Standard,0,0,24 MHz,105.762,1.5 MHz,11.9,6,1250,-1,1250,51.8588,Waveform,39.75,89.5426337341016
W50A000F,touch_1.7.0Beta1,6/11/2025 11:22:54,SSTDR,24,4,RG-58/U 50 ohm coax,0.66,None,Standard,0,0,24 MHz,105.762,1.5 MHz,11.9,6,1250,-1,1250,51.8588,Waveform,40,76
W50A000F,touch_1.7.0Beta1,6/11/2025 11:22:54,SSTDR,24,4,RG-58/U 50 ohm coax,0.66,None,Standard,0,0,24 MHz,105.762,1.5 MHz,11.9,6,1250,-1,1250,51.8588,Waveform,40.25,40.7730577888363
W50A000F,touch_1.7.0Beta1,6/11/2025 11:22:54,SSTDR,24,4,RG-58/U 50 ohm coax,0.66,None,Standard,0,0,24 MHz,105.762,1.5 MHz,11.9,6,1250,-1,1250,51.8588,Waveform,40.5,-2.84883967847808
W50A000F,touch_1.7.0Beta1,6/11/2025 11:22:54,SSTDR,24,4,RG-58/U 50 ohm coax,0.66,None,Standard,0,0,24 MHz,105.762,1.5 MHz,11.9,6,1250,-1,1250,51.8588,Waveform,40.75,-36.8784502370106
W50A000F,touch_1.7.0Beta1,6/11/2025 11:22:54,SSTDR,24,4,RG-58/U 50 ohm coax,0.66,None,Standard,0,0,24 MHz,105.762,1.5 MHz,11.9,6,1250,-1,1250,51.8588,Waveform,41,-46.9999999999997
W50A000F,touch_1.7.0Beta1,6/11/2025 11:22:54,SSTDR,24,4,RG-58/U 50 ohm coax,0.66,None,Standard,0,0,24 MHz,105.762,1.5 MHz,11.9,6,1250,-1,1250,51.8588,Waveform,41.25,-29.333208853987
W50A000F,touch_1.7.0Beta1,6/11/2025 11:22:54,SSTDR,24,4,RG-58/U 50 ohm coax,0.66,None,Standard,0,0,24 MHz,105.762,1.5 MHz,11.9,6,1250,-1,1250,51.8588,Waveform,41.5,7.85226224146053
W50A000F,touch_1.7.0Beta1,6/11/2025 11:22:54,SSTDR,24,4,RG-58/U 50 ohm coax,0.66,None,Standard,0,0,24 MHz,105.762,1.5 MHz,11.9,6,1250,-1,1250,51.8588,Waveform,41.75,48.3490586292145
W50A000F,touch_1.7.0Beta1,6/11/2025 11:22:54,SSTDR,24,4,RG-58/U 50 ohm coax,0.66,None,Standard,0,0,24 MHz,105.762,1.5 MHz,11.9,6,1250,-1,1250,51.8588,Waveform,42,75.9999999999992
W50A000F,touch_1.7.0Beta1,6/11/2025 11:22:54,SSTDR,24,4,RG-58/U 50 ohm coax,0.66,None,Standard,0,0,24 MHz,105.762,1.5 MHz,11.9,6,1250,-1,1250,51.8588,Waveform,42.25,82.3984601331524
W50A000F,touch_1.7.0Beta1,6/11/2025 11:22:54,SSTDR,24,4,RG-58/U 50 ohm coax,0.66,None,Standard,0,0,24 MHz,105.762,1.5 MHz,11.9,6,1250,-1,1250,51.8588,Waveform,42.5,70.429331666619
W50A000F,touch_1.7.0Beta1,6/11/2025 11:22:54,SSTDR,24,4,RG-58/U 50 ohm coax,0.66,None,Standard,0,0,24 MHz,105.762,1.5 MHz,11.9,6,1250,-1,1250,51.8588,Waveform,42.75,51.9584135979918
W50A000F,touch_1.7.0Beta1,6/11/2025 11:22:54,SSTDR,24,4,RG-58/U 50 ohm coax,0.66,None,Standard,0,0,24 MHz,105.762,1.5 MHz,11.9,6,1250,-1,1250,51.8588,Waveform,43,40.9999999999998
W50A000F,touch_1.7.0Beta1,6/11/2025 11:22:54,SSTDR,24,4,RG-58/U 50 ohm coax,0.66,None,Standard,0,0,24 MHz,105.762,1.5 MHz,11.9,6,1250,-1,1250,51.8588,Waveform,43.25,45.9862527184992
W50A000F,touch_1.7.0Beta1,6/11/2025 11:22:54,SSTDR,24,4,RG-58/U 50 ohm coax,0.66,None,Standard,0,0,24 MHz,105.762,1.5 MHz,11.9,6,1250,-1,1250,51.8588,Waveform,43.5,65.1546701579208
W50A000F,touch_1.7.0Beta1,6/11/2025 11:22:54,SSTDR,24,4,RG-58/U 50 ohm coax,0.66,None,Standard,0,0,24 MHz,105.762,1.5 MHz,11.9,6,1250,-1,1250,51.8588,Waveform,43.75,87.3893256657203
W50A000F,touch_1.7.0Beta1,6/11/2025 11:22:54,SSTDR,24,4,RG-58/U 50 ohm coax,0.66,None,Standard,0,0,24 MHz,105.762,1.5 MHz,11.9,6,1250,-1,1250,51.8588,Waveform,44,97.9999999999998
W50A000F,touch_1.7.0Beta1,6/11/2025 11:22:54,SSTDR,24,4,RG-58/U 50 ohm coax,0.66,None,Standard,0,0,24 MHz,105.762,1.5 MHz,11.9,6,1250,-1,1250,51.8588,Waveform,44.25,86.3926778920319
W50A000F,touch_1.7.0Beta1,6/11/2025 11:22:54,SSTDR,24,4,RG-58/U 50 ohm coax,0.66,None,Standard,0,0,24 MHz,105.762,1.5 MHz,11.9,6,1250,-1,1250,51.8588,Waveform,44.5,51.6730217916086
W50A000F,touch_1.7.0Beta1,6/11/2025 11:22:54,SSTDR,24,4,RG-58/U 50 ohm coax,0.66,None,Standard,0,0,24 MHz,105.762,1.5 MHz,11.9,6,1250,-1,1250,51.8588,Waveform,44.75,3.36662102382179
W50A000F,touch_1.7.0Beta1,6/11/2025 11:22:54,SSTDR,24,4,RG-58/U 50 ohm coax,0.66,None,Standard,0,0,24 MHz,105.762,1.5 MHz,11.9,6,1250,-1,1250,51.8588,Waveform,45,-43.0000000000001
W50A000F,touch_1.7.0Beta1,6/11/2025 11:22:54,SSTDR,24,4,RG-58/U 50 ohm coax,0.66,None,Standard,0,0,24 MHz,105.762,1.5 MHz,11.9,6,1250,-1,1250,51.8588,Waveform,45.25,-73.0911238044178
W50A000F,touch_1.7.0Beta1,6/11/2025 11:22:54,SSTDR,24,4,RG-58/U 50 ohm coax,0.66,None,Standard,0,0,24 MHz,105.762,1.5 MHz,11.9,6,1250,-1,1250,51.8588,Waveform,45.5,-80.0315387996438
W50A000F,touch_1.7.0Beta1,6/11/2025 11:22:54,SSTDR,24,4,RG-58/U 50 ohm coax,0.66,None,Standard,0,0,24 MHz,105.762,1.5 MHz,11.9,6,1250,-1,1250,51.8588,Waveform,45.75,-66.6774995297238
W50A000F,touch_1.7.0Beta1,6/11/2025 11:22:54,SSTDR,24,4,RG-58/U 50 ohm coax,0.66,None,Standard,0,0,24 MHz,105.762,1.5 MHz,11.9,6,1250,-1,1250,51.8588,Waveform,46,-43.0000000000001
W50A000F,touch_1.7.0Beta1,6/11/2025 11:22:54,SSTDR,24,4,RG-58/U 50 ohm coax,0.66,None,Standard,0,0,24 MHz,105.762,1.5 MHz,11.9,6,1250,-1,1250,51.8588,Waveform,46.25,-20.2614570894277
W50A000F,touch_1.7.0Beta1,6/11/2025 11:22:54,SSTDR,24,4,RG-58/U 50 ohm coax,0.66,None,Standard,0,0,24 MHz,105.762,1.5 MHz,11.9,6,1250,-1,1250,51.8588,Waveform,46.5,-5.25929374996148
W50A000F,touch_1.7.0Beta1,6/11/2025 11:22:54,SSTDR,24,4,RG-58/U 50 ohm coax,0.66,None,Standard,0,0,24 MHz,105.762,1.5 MHz,11.9,6,1250,-1,1250,51.8588,Waveform,46.75,2.29048564931908
W50A000F,touch_1.7.0Beta1,6/11/2025 11:22:54,SSTDR,24,4,RG-58/U 50 ohm coax,0.66,None,Standard,0,0,24 MHz,105.762,1.5 MHz,11.9,6,1250,-1,1250,51.8588,Waveform,47,8.00000000000042
W50A000F,touch_1.7.0Beta1,6/11/2025 11:22:54,SSTDR,24,4,RG-58/U 50 ohm coax,0.66,None,Standard,0,0,24 MHz,105.762,1.5 MHz,11.9,6,1250,-1,1250,51.8588,Waveform,47.25,17.9216628164983
W50A000F,touch_1.7.0Beta1,6/11/2025 11:22:54,SSTDR,24,4,RG-58/U 50 ohm coax,0.66,None,Standard,0,0,24 MHz,105.762,1.5 MHz,11.9,6,1250,-1,1250,51.8588,Waveform,47.5,33.5064149290172
W50A000F,touch_1.7.0Beta1,6/11/2025 11:22:54,SSTDR,24,4,RG-58/U 50 ohm coax,0.66,None,Standard,0,0,24 MHz,105.762,1.5 MHz,11.9,6,1250,-1,1250,51.8588,Waveform,47.75,49.4699261895477
W50A000F,touch_1.7.0Beta1,6/11/2025 11:22:54,SSTDR,24,4,RG-58/U 50 ohm coax,0.66,None,Standard,0,0,24 MHz,105.762,1.5 MHz,11.9,6,1250,-1,1250,51.8588,Waveform,48,55.9999999999997
W50A000F,touch_1.7.0Beta1,6/11/2025 11:22:54,SSTDR,24,4,RG-58/U 50 ohm coax,0.66,None,Standard,0,0,24 MHz,105.762,1.5 MHz,11.9,6,1250,-1,1250,51.8588,Waveform,48.25,44.277247337497
W50A000F,touch_1.7.0Beta1,6/11/2025 11:22:54,SSTDR,24,4,RG-58/U 50 ohm coax,0.66,None,Standard,0,0,24 MHz,105.762,1.5 MHz,11.9,6,1250,-1,1250,51.8588,Waveform,48.5,12.3231637331244
W50A000F,touch_1.7.0Beta1,6/11/2025 11:22:54,SSTDR,24,4,RG-58/U 50 ohm coax,0.66,None,Standard,0,0,24 MHz,105.762,1.5 MHz,11.9,6,1250,-1,1250,51.8588,Waveform,48.75,-32.1814288863184
W50A000F,touch_1.7.0Beta1,6/11/2025 11:22:54,SSTDR,24,4,RG-58/U 50 ohm coax,0.66,None,Standard,0,0,24 MHz,105.762,1.5 MHz,11.9,6,1250,-1,1250,51.8588,Waveform,49,-73.9999999999996
W50A000F,touch_1.7.0Beta1,6/11/2025 11:22:54,SSTDR,24,4,RG-58/U 50 ohm coax,0.66,None,Standard,0,0,24 MHz,105.762,1.5 MHz,11.9,6,1250,-1,1250,51.8588,Waveform,49.25,-96.6900877815246
W50A000F,touch_1.7.0Beta1,6/11/2025 11:22:54,SSTDR,24,4,RG-58/U 50 ohm coax,0.66,None,Standard,0,0,24 MHz,105.762,1.5 MHz,11.9,6,1250,-1,1250,51.8588,Waveform,49.5,-90.1940681406947
W50A000F,touch_1.7.0Beta1,6/11/2025 11:22:54,SSTDR,24,4,RG-58/U 50 ohm coax,0.66,None,Standard,0,0,24 MHz,105.762,1.5 MHz,11.9,6,1250,-1,1250,51.8588,Waveform,49.75,-55.8300072842491
W50A000F,touch_1.7.0Beta1,6/11/2025 11:22:54,SSTDR,24,4,RG-58/U 50 ohm coax,0.66,None,Standard,0,0,24 MHz,105.762,1.5 MHz,11.9,6,1250,-1,1250,51.8588,Waveform,50,-6.00000000000043
W50A000F,touch_1.7.0Beta1,6/11/2025 11:22:54,SSTDR,24,4,RG-58/U 50 ohm coax,0.66,None,Standard,0,0,24 MHz,105.762,1.5 MHz,11.9,6,1250,-1,1250,51.8588,Waveform,50.25,41.4509944264414
W50A000F,touch_1.7.0Beta1,6/11/2025 11:22:54,SSTDR,24,4,RG-58/U 50 ohm coax,0.66,None,Standard,0,0,24 MHz,105.762,1.5 MHz,11.9,6,1250,-1,1250,51.8588,Waveform,50.5,71.5400547424305
W50A000F,touch_1.7.0Beta1,6/11/2025 11:22:54,SSTDR,24,4,RG-58/U 50 ohm coax,0.66,None,Standard,0,0,24 MHz,105.762,1.5 MHz,11.9,6,1250,-1,1250,51.8588,Waveform,50.75,78.9735615826669
W50A000F,touch_1.7.0Beta1,6/11/2025 11:22:54,SSTDR,24,4,RG-58/U 50 ohm coax,0.66,None,Standard,0,0,24 MHz,105.762,1.5 MHz,11.9,6,1250,-1,1250,51.8588,Waveform,51,69.9999999999997
W50A000F,touch_1.7.0Beta1,6/11/2025 11:22:54,SSTDR,24,4,RG-58/U 50 ohm coax,0.66,None,Standard,0,0,24 MHz,105.762,1.5 MHz,11.9,6,1250,-1,1250,51.8588,Waveform,51.25,58.271541877556
W50A000F,touch_1.7.0Beta1,6/11/2025 11:22:54,SSTDR,24,4,RG-58/U 50 ohm coax,0.66,None,Standard,0,0,24 MHz,105.762,1.5 MHz,11.9,6,1250,-1,1250,51.8588,Waveform,51.5,56.7865096747718
W50A000F,touch_1.7.0Beta1,6/11/2025 11:22:54,SSTDR,24,4,RG-58/U 50 ohm coax,0.66,None,Standard,0,0,24 MHz,105.762,1.5 MHz,11.9,6,1250,-1,1250,51.8588,Waveform,51.75,70.0999865309658
W50A000F,touch_1.7.0Beta1,6/11/2025 11:22:54,SSTDR,24,4,RG-58/U 50 ohm coax,0.66,None,Standard,0,0,24 MHz,105.762,1.5 MHz,11.9,6,1250,-1,1250,51.8588,Waveform,52,90.9999999999996
W50A000F,touch_1.7.0Beta1,6/11/2025 11:22:54,SSTDR,24,4,RG-58/U 50 ohm coax,0.66,None,Standard,0,0,24 MHz,105.762,1.5 MHz,11.9,6,1250,-1,1250,51.8588,Waveform,52.25,103.669499269302
W50A000F,touch_1.7.0Beta1,6/11/2025 11:22:54,SSTDR,24,4,RG-58/U 50 ohm coax,0.66,None,Standard,0,0,24 MHz,105.762,1.5 MHz,11.9,6,1250,-1,1250,51.8588,Waveform,52.5,92.0324540856075
W50A000F,touch_1.7.0Beta1,6/11/2025 11:22:54,SSTDR,24,4,RG-58/U 50 ohm coax,0.66,None,Standard,0,0,24 MHz,105.762,1.5 MHz,11.9,6,1250,-1,1250,51.8588,Waveform,52.75,49.1849169953593
W50A000F,touch_1.7.0Beta1,6/11/2025 11:22:54,SSTDR,24,4,RG-58/U 50 ohm coax,0.66,None,Standard,0,0,24 MHz,105.762,1.5 MHz,11.9,6,1250,-1,1250,51.8588,Waveform,53,-16.9999999999994
W50A000F,touch_1.7.0Beta1,6/11/2025 11:22:54,SSTDR,24,4,RG-58/U 50 ohm coax,0.66,None,Standard,0,0,24 MHz,105.762,1.5 MHz,11.9,6,1250,-1,1250,51.8588,Waveform,53.25,-85.3308734941752
W50A000F,touch_1.7.0Beta1,6/11/2025 11:22:54,SSTDR,24,4,RG-58/U 50 ohm coax,0.66,None,Standard,0,0,24 MHz,105.762,1.5 MHz,11.9,6,1250,-1,1250,51.8588,Waveform,53.5,-129.647980658438
W50A000F,touch_1.7.0Beta1,6/11/2025 11:22:54,SSTDR,24,4,RG-58/U 50 ohm coax,0.66,None,Standard,0,0,24 MHz,105.762,1.5 MHz,11.9,6,1250,-1,1250,51.8588,Waveform,53.75,-130.403394939932
W50A000F,touch_1.7.0Beta1,6/11/2025 11:22:54,SSTDR,24,4,RG-58/U 50 ohm coax,0.66,None,Standard,0,0,24 MHz,105.762,1.5 MHz,11.9,6,1250,-1,1250,51.8588,Waveform,54,-83.9999999999995
W50A000F,touch_1.7.0Beta1,6/11/2025 11:22:54,SSTDR,24,4,RG-58/U 50 ohm coax,0.66,None,Standard,0,0,24 MHz,105.762,1.5 MHz,11.9,6,1250,-1,1250,51.8588,Waveform,54.25,-5.25926899247141
W50A000F,touch_1.7.0Beta1,6/11/2025 11:22:54,SSTDR,24,4,RG-58/U 50 ohm coax,0.66,None,Standard,0,0,24 MHz,105.762,1.5 MHz,11.9,6,1250,-1,1250,51.8588,Waveform,54.5,78.4468091099207
W50A000F,touch_1.7.0Beta1,6/11/2025 11:22:54,SSTDR,24,4,RG-58/U 50 ohm coax,0.66,None,Standard,0,0,24 MHz,105.762,1.5 MHz,11.9,6,1250,-1,1250,51.8588,Waveform,54.75,138.873345034675
W50A000F,touch_1.7.0Beta1,6/11/2025 11:22:54,SSTDR,24,4,RG-58/U 50 ohm coax,0.66,None,Standard,0,0,24 MHz,105.762,1.5 MHz,11.9,6,1250,-1,1250,51.8588,Waveform,55,159
W50A000F,touch_1.7.0Beta1,6/11/2025 11:22:54,SSTDR,24,4,RG-58/U 50 ohm coax,0.66,None,Standard,0,0,24 MHz,105.762,1.5 MHz,11.9,6,1250,-1,1250,51.8588,Waveform,55.25,139.864629977366
W50A000F,touch_1.7.0Beta1,6/11/2025 11:22:54,SSTDR,24,4,RG-58/U 50 ohm coax,0.66,None,Standard,0,0,24 MHz,105.762,1.5 MHz,11.9,6,1250,-1,1250,51.8588,Waveform,55.5,98.924022330092
W50A000F,touch_1.7.0Beta1,6/11/2025 11:22:54,SSTDR,24,4,RG-58/U 50 ohm coax,0.66,None,Standard,0,0,24 MHz,105.762,1.5 MHz,11.9,6,1250,-1,1250,51.8588,Waveform,55.75,60.8054271345734
W50A000F,touch_1.7.0Beta1,6/11/2025 11:22:54,SSTDR,24,4,RG-58/U 50 ohm coax,0.66,None,Standard,0,0,24 MHz,105.762,1.5 MHz,11.9,6,1250,-1,1250,51.8588,Waveform,56,45.0000000000004
W50A000F,touch_1.7.0Beta1,6/11/2025 11:22:54,SSTDR,24,4,RG-58/U 50 ohm coax,0.66,None,Standard,0,0,24 MHz,105.762,1.5 MHz,11.9,6,1250,-1,1250,51.8588,Waveform,56.25,56.5275283411851
W50A000F,touch_1.7.0Beta1,6/11/2025 11:22:54,SSTDR,24,4,RG-58/U 50 ohm coax,0.66,None,Standard,0,0,24 MHz,105.762,1.5 MHz,11.9,6,1250,-1,1250,51.8588,Waveform,56.5,84.1181893902728
W50A000F,touch_1.7.0Beta1,6/11/2025 11:22:54,SSTDR,24,4,RG-58/U 50 ohm coax,0.66,None,Standard,0,0,24 MHz,105.762,1.5 MHz,11.9,6,1250,-1,1250,51.8588,Waveform,56.75,106.721176761796
W50A000F,touch_1.7.0Beta1,6/11/2025 11:22:54,SSTDR,24,4,RG-58/U 50 ohm coax,0.66,None,Standard,0,0,24 MHz,105.762,1.5 MHz,11.9,6,1250,-1,1250,51.8588,Waveform,57,105.000000000001
W50A000F,touch_1.7.0Beta1,6/11/2025 11:22:54,SSTDR,24,4,RG-58/U 50 ohm coax,0.66,None,Standard,0,0,24 MHz,105.762,1.5 MHz,11.9,6,1250,-1,1250,51.8588,Waveform,57.25,71.9736255264512
W50A000F,touch_1.7.0Beta1,6/11/2025 11:22:54,SSTDR,24,4,RG-58/U 50 ohm coax,0.66,None,Standard,0,0,24 MHz,105.762,1.5 MHz,11.9,6,1250,-1,1250,51.8588,Waveform,57.5,17.3717754921778
W50A000F,touch_1.7.0Beta1,6/11/2025 11:22:54,SSTDR,24,4,RG-58/U 50 ohm coax,0.66,None,Standard,0,0,24 MHz,105.762,1.5 MHz,11.9,6,1250,-1,1250,51.8588,Waveform,57.75,-36.59063917806
W50A000F,touch_1.7.0Beta1,6/11/2025 11:22:54,SSTDR,24,4,RG-58/U 50 ohm coax,0.66,None,Standard,0,0,24 MHz,105.762,1.5 MHz,11.9,6,1250,-1,1250,51.8588,Waveform,58,-66.0000000000003
W50A000F,touch_1.7.0Beta1,6/11/2025 11:22:54,SSTDR,24,4,RG-58/U 50 ohm coax,0.66,None,Standard,0,0,24 MHz,105.762,1.5 MHz,11.9,6,1250,-1,1250,51.8588,Waveform,58.25,-57.2321111701822
W50A000F,touch_1.7.0Beta1,6/11/2025 11:22:54,SSTDR,24,4,RG-58/U 50 ohm coax,0.66,None,Standard,0,0,24 MHz,105.762,1.5 MHz,11.9,6,1250,-1,1250,51.8588,Waveform,58.5,-14.1038992336437
W50A000F,touch_1.7.0Beta1,6/11/2025 11:22:54,SSTDR,24,4,RG-58/U 50 ohm coax,0.66,None,Standard,0,0,24 MHz,105.762,1.5 MHz,11.9,6,1250,-1,1250,51.8588,Waveform,58.75,43.5015055248624
W50A000F,touch_1.7.0Beta1,6/11/2025 11:22:54,SSTDR,24,4,RG-58/U 50 ohm coax,0.66,None,Standard,0,0,24 MHz,105.762,1.5 MHz,11.9,6,1250,-1,1250,51.8588,Waveform,59,88.9999999999996
W50A000F,touch_1.7.0Beta1,6/11/2025 11:22:54,SSTDR,24,4,RG-58/U 50 ohm coax,0.66,None,Standard,0,0,24 MHz,105.762,1.5 MHz,11.9,6,1250,-1,1250,51.8588,Waveform,59.25,101.920261377213
W50A000F,touch_1.7.0Beta1,6/11/2025 11:22:54,SSTDR,24,4,RG-58/U 50 ohm coax,0.66,None,Standard,0,0,24 MHz,105.762,1.5 MHz,11.9,6,1250,-1,1250,51.8588,Waveform,59.5,77.8459215213813
W50A000F,touch_1.7.0Beta1,6/11/2025 11:22:54,SSTDR,24,4,RG-58/U 50 ohm coax,0.66,None,Standard,0,0,24 MHz,105.762,1.5 MHz,11.9,6,1250,-1,1250,51.8588,Waveform,59.75,30.5220821413277
W50A000F,touch_1.7.0Beta1,6/11/2025 11:22:54,SSTDR,24,4,RG-58/U 50 ohm coax,0.66,None,Standard,0,0,24 MHz,105.762,1.5 MHz,11.9,6,1250,-1,1250,51.8588,Waveform,60,-15.0000000000005
W50A000F,touch_1.7.0Beta1,6/11/2025 11:22:54,SSTDR,24,4,RG-58/U 50 ohm coax,0.66,None,Standard,0,0,24 MHz,105.762,1.5 MHz,11.9,6,1250,-1,1250,51.8588,Waveform,60.25,-34.8798398891911
W50A000F,touch_1.7.0Beta1,6/11/2025 11:22:54,SSTDR,24,4,RG-58/U 50 ohm coax,0.66,None,Standard,0,0,24 MHz,105.762,1.5 MHz,11.9,6,1250,-1,1250,51.8588,Waveform,60.5,-18.5446099809409
W50A000F,touch_1.7.0Beta1,6/11/2025 11:22:54,SSTDR,24,4,RG-58/U 50 ohm coax,0.66,None,Standard,0,0,24 MHz,105.762,1.5 MHz,11.9,6,1250,-1,1250,51.8588,Waveform,60.75,25.6513386285276
W50A000F,touch_1.7.0Beta1,6/11/2025 11:22:54,SSTDR,24,4,RG-58/U 50 ohm coax,0.66,None,Standard,0,0,24 MHz,105.762,1.5 MHz,11.9,6,1250,-1,1250,51.8588,Waveform,61,74.0000000000012
W50A000F,touch_1.7.0Beta1,6/11/2025 11:22:54,SSTDR,24,4,RG-58/U 50 ohm coax,0.66,None,Standard,0,0,24 MHz,105.762,1.5 MHz,11.9,6,1250,-1,1250,51.8588,Waveform,61.25,98.5929073443962
W50A000F,touch_1.7.0Beta1,6/11/2025 11:22:54,SSTDR,24,4,RG-58/U 50 ohm coax,0.66,None,Standard,0,0,24 MHz,105.762,1.5 MHz,11.9,6,1250,-1,1250,51.8588,Waveform,61.5,80.7297564801899
W50A000F,touch_1.7.0Beta1,6/11/2025 11:22:54,SSTDR,24,4,RG-58/U 50 ohm coax,0.66,None,Standard,0,0,24 MHz,105.762,1.5 MHz,11.9,6,1250,-1,1250,51.8588,Waveform,61.75,20.1903174734046
W50A000F,touch_1.7.0Beta1,6/11/2025 11:22:54,SSTDR,24,4,RG-58/U 50 ohm coax,0.66,None,Standard,0,0,24 MHz,105.762,1.5 MHz,11.9,6,1250,-1,1250,51.8588,Waveform,62,-64.0000000000007
W50A000F,touch_1.7.0Beta1,6/11/2025 11:22:54,SSTDR,24,4,RG-58/U 50 ohm coax,0.66,None,Standard,0,0,24 MHz,105.762,1.5 MHz,11.9,6,1250,-1,1250,51.8588,Waveform,62.25,-141.598660666885
W50A000F,touch_1.7.0Beta1,6/11/2025 11:22:54,SSTDR,24,4,RG-58/U 50 ohm coax,0.66,None,Standard,0,0,24 MHz,105.762,1.5 MHz,11.9,6,1250,-1,1250,51.8588,Waveform,62.5,-184.12898318253
W50A000F,touch_1.7.0Beta1,6/11/2025 11:22:54,SSTDR,24,4,RG-58/U 50 ohm coax,0.66,None,Standard,0,0,24 MHz,105.762,1.5 MHz,11.9,6,1250,-1,1250,51.8588,Waveform,62.75,-176.79008065628
W50A000F,touch_1.7.0Beta1,6/11/2025 11:22:54,SSTDR,24,4,RG-58/U 50 ohm coax,0.66,None,Standard,0,0,24 MHz,105.762,1.5 MHz,11.9,6,1250,-1,1250,51.8588,Waveform,63,-124
W50A000F,touch_1.7.0Beta1,6/11/2025 11:22:54,SSTDR,24,4,RG-58/U 50 ohm coax,0.66,None,Standard,0,0,24 MHz,105.762,1.5 MHz,11.9,6,1250,-1,1250,51.8588,Waveform,63.25,-46.4630248202815
W50A000F,touch_1.7.0Beta1,6/11/2025 11:22:54,SSTDR,24,4,RG-58/U 50 ohm coax,0.66,None,Standard,0,0,24 MHz,105.762,1.5 MHz,11.9,6,1250,-1,1250,51.8588,Waveform,63.5,28.3514156013911
W50A000F,touch_1.7.0Beta1,6/11/2025 11:22:54,SSTDR,24,4,RG-58/U 50 ohm coax,0.66,None,Standard,0,0,24 MHz,105.762,1.5 MHz,11.9,6,1250,-1,1250,51.8588,Waveform,63.75,77.5764209580141
W50A000F,touch_1.7.0Beta1,6/11/2025 11:22:54,SSTDR,24,4,RG-58/U 50 ohm coax,0.66,None,Standard,0,0,24 MHz,105.762,1.5 MHz,11.9,6,1250,-1,1250,51.8588,Waveform,64,91.0000000000001
W50A000F,touch_1.7.0Beta1,6/11/2025 11:22:54,SSTDR,24,4,RG-58/U 50 ohm coax,0.66,None,Standard,0,0,24 MHz,105.762,1.5 MHz,11.9,6,1250,-1,1250,51.8588,Waveform,64.25,72.6814424249494
W50A000F,touch_1.7.0Beta1,6/11/2025 11:22:54,SSTDR,24,4,RG-58/U 50 ohm coax,0.66,None,Standard,0,0,24 MHz,105.762,1.5 MHz,11.9,6,1250,-1,1250,51.8588,Waveform,64.5,36.3331244095969
W50A000F,touch_1.7.0Beta1,6/11/2025 11:22:54,SSTDR,24,4,RG-58/U 50 ohm coax,0.66,None,Standard,0,0,24 MHz,105.762,1.5 MHz,11.9,6,1250,-1,1250,51.8588,Waveform,64.75,-2.45371656946008
W50A000F,touch_1.7.0Beta1,6/11/2025 11:22:54,SSTDR,24,4,RG-58/U 50 ohm coax,0.66,None,Standard,0,0,24 MHz,105.762,1.5 MHz,11.9,6,1250,-1,1250,51.8588,Waveform,65,-33.0000000000006
W50A000F,touch_1.7.0Beta1,6/11/2025 11:22:54,SSTDR,24,4,RG-58/U 50 ohm coax,0.66,None,Standard,0,0,24 MHz,105.762,1.5 MHz,11.9,6,1250,-1,1250,51.8588,Waveform,65.25,-52.3114901986629
W50A000F,touch_1.7.0Beta1,6/11/2025 11:22:54,SSTDR,24,4,RG-58/U 50 ohm coax,0.66,None,Standard,0,0,24 MHz,105.762,1.5 MHz,11.9,6,1250,-1,1250,51.8588,Waveform,65.5,-63.287837251973
W50A000F,touch_1.7.0Beta1,6/11/2025 11:22:54,SSTDR,24,4,RG-58/U 50 ohm coax,0.66,None,Standard,0,0,24 MHz,105.762,1.5 MHz,11.9,6,1250,-1,1250,51.8588,Waveform,65.75,-70.2746893309943
W50A000F,touch_1.7.0Beta1,6/11/2025 11:22:54,SSTDR,24,4,RG-58/U 50 ohm coax,0.66,None,Standard,0,0,24 MHz,105.762,1.5 MHz,11.9,6,1250,-1,1250,51.8588,Waveform,66,-75
W50A000F,touch_1.7.0Beta1,6/11/2025 11:22:54,SSTDR,24,4,RG-58/U 50 ohm coax,0.66,None,Standard,0,0,24 MHz,105.762,1.5 MHz,11.9,6,1250,-1,1250,51.8588,Waveform,66.25,-75.2792293816331
W50A000F,touch_1.7.0Beta1,6/11/2025 11:22:54,SSTDR,24,4,RG-58/U 50 ohm coax,0.66,None,Standard,0,0,24 MHz,105.762,1.5 MHz,11.9,6,1250,-1,1250,51.8588,Waveform,66.5,-66.9548281746268
W50A000F,touch_1.7.0Beta1,6/11/2025 11:22:54,SSTDR,24,4,RG-58/U 50 ohm coax,0.66,None,Standard,0,0,24 MHz,105.762,1.5 MHz,11.9,6,1250,-1,1250,51.8588,Waveform,66.75,-47.5293355233506
W50A000F,touch_1.7.0Beta1,6/11/2025 11:22:54,SSTDR,24,4,RG-58/U 50 ohm coax,0.66,None,Standard,0,0,24 MHz,105.762,1.5 MHz,11.9,6,1250,-1,1250,51.8588,Waveform,67,-19.000000000001
W50A000F,touch_1.7.0Beta1,6/11/2025 11:22:54,SSTDR,24,4,RG-58/U 50 ohm coax,0.66,None,Standard,0,0,24 MHz,105.762,1.5 MHz,11.9,6,1250,-1,1250,51.8588,Waveform,67.25,12.01460471641
W50A000F,touch_1.7.0Beta1,6/11/2025 11:22:54,SSTDR,24,4,RG-58/U 50 ohm coax,0.66,None,Standard,0,0,24 MHz,105.762,1.5 MHz,11.9,6,1250,-1,1250,51.8588,Waveform,67.5,37.0637589875925
W50A000F,touch_1.7.0Beta1,6/11/2025 11:22:54,SSTDR,24,4,RG-58/U 50 ohm coax,0.66,None,Standard,0,0,24 MHz,105.762,1.5 MHz,11.9,6,1250,-1,1250,51.8588,Waveform,67.75,49.9915534776098
W50A000F,touch_1.7.0Beta1,6/11/2025 11:22:54,SSTDR,24,4,RG-58/U 50 ohm coax,0.66,None,Standard,0,0,24 MHz,105.762,1.5 MHz,11.9,6,1250,-1,1250,51.8588,Waveform,68,50.0000000000005
W50A000F,touch_1.7.0Beta1,6/11/2025 11:22:54,SSTDR,24,4,RG-58/U 50 ohm coax,0.66,None,Standard,0,0,24 MHz,105.762,1.5 MHz,11.9,6,1250,-1,1250,51.8588,Waveform,68.25,41.8482100245752
W50A000F,touch_1.7.0Beta1,6/11/2025 11:22:54,SSTDR,24,4,RG-58/U 50 ohm coax,0.66,None,Standard,0,0,24 MHz,105.762,1.5 MHz,11.9,6,1250,-1,1250,51.8588,Waveform,68.5,33.0454322098158
W50A000F,touch_1.7.0Beta1,6/11/2025 11:22:54,SSTDR,24,4,RG-58/U 50 ohm coax,0.66,None,Standard,0,0,24 MHz,105.762,1.5 MHz,11.9,6,1250,-1,1250,51.8588,Waveform,68.75,29.6373764166004
W50A000F,touch_1.7.0Beta1,6/11/2025 11:22:54,SSTDR,24,4,RG-58/U 50 ohm coax,0.66,None,Standard,0,0,24 MHz,105.762,1.5 MHz,11.9,6,1250,-1,1250,51.8588,Waveform,69,33
W50A000F,touch_1.7.0Beta1,6/11/2025 11:22:54,SSTDR,24,4,RG-58/U 50 ohm coax,0.66,None,Standard,0,0,24 MHz,105.762,1.5 MHz,11.9,6,1250,-1,1250,51.8588,Waveform,69.25,39.4726777255668
W50A000F,touch_1.7.0Beta1,6/11/2025 11:22:54,SSTDR,24,4,RG-58/U 50 ohm coax,0.66,None,Standard,0,0,24 MHz,105.762,1.5 MHz,11.9,6,1250,-1,1250,51.8588,Waveform,69.5,43.0184872633877
W50A000F,touch_1.7.0Beta1,6/11/2025 11:22:54,SSTDR,24,4,RG-58/U 50 ohm coax,0.66,None,Standard,0,0,24 MHz,105.762,1.5 MHz,11.9,6,1250,-1,1250,51.8588,Waveform,69.75,39.33816531294
W50A000F,touch_1.7.0Beta1,6/11/2025 11:22:54,SSTDR,24,4,RG-58/U 50 ohm coax,0.66,None,Standard,0,0,24 MHz,105.762,1.5 MHz,11.9,6,1250,-1,1250,51.8588,Waveform,70,29.000000000001
W50A000F,touch_1.7.0Beta1,6/11/2025 11:22:54,SSTDR,24,4,RG-58/U 50 ohm coax,0.66,None,Standard,0,0,24 MHz,105.762,1.5 MHz,11.9,6,1250,-1,1250,51.8588,Waveform,70.25,17.6847246871205
W50A000F,touch_1.7.0Beta1,6/11/2025 11:22:54,SSTDR,24,4,RG-58/U 50 ohm coax,0.66,None,Standard,0,0,24 MHz,105.762,1.5 MHz,11.9,6,1250,-1,1250,51.8588,Waveform,70.5,13.288064196764
W50A000F,touch_1.7.0Beta1,6/11/2025 11:22:54,SSTDR,24,4,RG-58/U 50 ohm coax,0.66,None,Standard,0,0,24 MHz,105.762,1.5 MHz,11.9,6,1250,-1,1250,51.8588,Waveform,70.75,21.4450298688192
W50A000F,touch_1.7.0Beta1,6/11/2025 11:22:54,SSTDR,24,4,RG-58/U 50 ohm coax,0.66,None,Standard,0,0,24 MHz,105.762,1.5 MHz,11.9,6,1250,-1,1250,51.8588,Waveform,71,42
W50A000F,touch_1.7.0Beta1,6/11/2025 11:22:54,SSTDR,24,4,RG-58/U 50 ohm coax,0.66,None,Standard,0,0,24 MHz,105.762,1.5 MHz,11.9,6,1250,-1,1250,51.8588,Waveform,71.25,68.4844415458252
W50A000F,touch_1.7.0Beta1,6/11/2025 11:22:54,SSTDR,24,4,RG-58/U 50 ohm coax,0.66,None,Standard,0,0,24 MHz,105.762,1.5 MHz,11.9,6,1250,-1,1250,51.8588,Waveform,71.5,91.0198853894113
W50A000F,touch_1.7.0Beta1,6/11/2025 11:22:54,SSTDR,24,4,RG-58/U 50 ohm coax,0.66,None,Standard,0,0,24 MHz,105.762,1.5 MHz,11.9,6,1250,-1,1250,51.8588,Waveform,71.75,101.150100917862
W50A000F,touch_1.7.0Beta1,6/11/2025 11:22:54,SSTDR,24,4,RG-58/U 50 ohm coax,0.66,None,Standard,0,0,24 MHz,105.762,1.5 MHz,11.9,6,1250,-1,1250,51.8588,Waveform,72,95.9999999999999
W50A000F,touch_1.7.0Beta1,6/11/2025 11:22:54,SSTDR,24,4,RG-58/U 50 ohm coax,0.66,None,Standard,0,0,24 MHz,105.762,1.5 MHz,11.9,6,1250,-1,1250,51.8588,Waveform,72.25,79.4949204582366
W50A000F,touch_1.7.0Beta1,6/11/2025 11:22:54,SSTDR,24,4,RG-58/U 50 ohm coax,0.66,None,Standard,0,0,24 MHz,105.762,1.5 MHz,11.9,6,1250,-1,1250,51.8588,Waveform,72.5,59.9837044545036
W50A000F,touch_1.7.0Beta1,6/11/2025 11:22:54,SSTDR,24,4,RG-58/U 50 ohm coax,0.66,None,Standard,0,0,24 MHz,105.762,1.5 MHz,11.9,6,1250,-1,1250,51.8588,Waveform,72.75,45.6048059837194
W50A000F,touch_1.7.0Beta1,6/11/2025 11:22:54,SSTDR,24,4,RG-58/U 50 ohm coax,0.66,None,Standard,0,0,24 MHz,105.762,1.5 MHz,11.9,6,1250,-1,1250,51.8588,Waveform,73,39.9999999999979
W50A000F,touch_1.7.0Beta1,6/11/2025 11:22:54,SSTDR,24,4,RG-58/U 50 ohm coax,0.66,None,Standard,0,0,24 MHz,105.762,1.5 MHz,11.9,6,1250,-1,1250,51.8588,Waveform,73.25,40.7932571274848
W50A000F,touch_1.7.0Beta1,6/11/2025 11:22:54,SSTDR,24,4,RG-58/U 50 ohm coax,0.66,None,Standard,0,0,24 MHz,105.762,1.5 MHz,11.9,6,1250,-1,1250,51.8588,Waveform,73.5,41.6958784029287
W50A000F,touch_1.7.0Beta1,6/11/2025 11:22:54,SSTDR,24,4,RG-58/U 50 ohm coax,0.66,None,Standard,0,0,24 MHz,105.762,1.5 MHz,11.9,6,1250,-1,1250,51.8588,Waveform,73.75,37.0260647161652
W50A000F,touch_1.7.0Beta1,6/11/2025 11:22:54,SSTDR,24,4,RG-58/U 50 ohm coax,0.66,None,Standard,0,0,24 MHz,105.762,1.5 MHz,11.9,6,1250,-1,1250,51.8588,Waveform,74,26.0000000000005
W50A000F,touch_1.7.0Beta1,6/11/2025 11:22:54,SSTDR,24,4,RG-58/U 50 ohm coax,0.66,None,Standard,0,0,24 MHz,105.762,1.5 MHz,11.9,6,1250,-1,1250,51.8588,Waveform,74.25,14.1845108382058
W50A000F,touch_1.7.0Beta1,6/11/2025 11:22:54,SSTDR,24,4,RG-58/U 50 ohm coax,0.66,None,Standard,0,0,24 MHz,105.762,1.5 MHz,11.9,6,1250,-1,1250,51.8588,Waveform,74.5,11.0209419035673
W50A000F,touch_1.7.0Beta1,6/11/2025 11:22:54,SSTDR,24,4,RG-58/U 50 ohm coax,0.66,None,Standard,0,0,24 MHz,105.762,1.5 MHz,11.9,6,1250,-1,1250,51.8588,Waveform,74.75,24.5314720757082
W50A000F,touch_1.7.0Beta1,6/11/2025 11:22:54,SSTDR,24,4,RG-58/U 50 ohm coax,0.66,None,Standard,0,0,24 MHz,105.762,1.5 MHz,11.9,6,1250,-1,1250,51.8588,Waveform,75,55.9999999999997
W50A000F,touch_1.7.0Beta1,6/11/2025 11:22:54,SSTDR,24,4,RG-58/U 50 ohm coax,0.66,None,Standard,0,0,24 MHz,105.762,1.5 MHz,11.9,6,1250,-1,1250,51.8588,Waveform,75.25,97.6332489806134
W50A000F,touch_1.7.0Beta1,6/11/2025 11:22:54,SSTDR,24,4,RG-58/U 50 ohm coax,0.66,None,Standard,0,0,24 MHz,105.762,1.5 MHz,11.9,6,1250,-1,1250,51.8588,Waveform,75.5,134.78583078033
W50A000F,touch_1.7.0Beta1,6/11/2025 11:22:54,SSTDR,24,4,RG-58/U 50 ohm coax,0.66,None,Standard,0,0,24 MHz,105.762,1.5 MHz,11.9,6,1250,-1,1250,51.8588,Waveform,75.75,151.990822316145
W50A000F,touch_1.7.0Beta1,6/11/2025 11:22:54,SSTDR,24,4,RG-58/U 50 ohm coax,0.66,None,Standard,0,0,24 MHz,105.762,1.5 MHz,11.9,6,1250,-1,1250,51.8588,Waveform,76,140
W50A000F,touch_1.7.0Beta1,6/11/2025 11:22:54,SSTDR,24,4,RG-58/U 50 ohm coax,0.66,None,Standard,0,0,24 MHz,105.762,1.5 MHz,11.9,6,1250,-1,1250,51.8588,Waveform,76.25,100.389040014971
W50A000F,touch_1.7.0Beta1,6/11/2025 11:22:54,SSTDR,24,4,RG-58/U 50 ohm coax,0.66,None,Standard,0,0,24 MHz,105.762,1.5 MHz,11.9,6,1250,-1,1250,51.8588,Waveform,76.5,45.386963155444
W50A000F,touch_1.7.0Beta1,6/11/2025 11:22:54,SSTDR,24,4,RG-58/U 50 ohm coax,0.66,None,Standard,0,0,24 MHz,105.762,1.5 MHz,11.9,6,1250,-1,1250,51.8588,Waveform,76.75,-7.10439621411911
W50A000F,touch_1.7.0Beta1,6/11/2025 11:22:54,SSTDR,24,4,RG-58/U 50 ohm coax,0.66,None,Standard,0,0,24 MHz,105.762,1.5 MHz,11.9,6,1250,-1,1250,51.8588,Waveform,77,-40.9999999999995
W50A000F,touch_1.7.0Beta1,6/11/2025 11:22:54,SSTDR,24,4,RG-58/U 50 ohm coax,0.66,None,Standard,0,0,24 MHz,105.762,1.5 MHz,11.9,6,1250,-1,1250,51.8588,Waveform,77.25,-48.5456904758233
W50A000F,touch_1.7.0Beta1,6/11/2025 11:22:54,SSTDR,24,4,RG-58/U 50 ohm coax,0.66,None,Standard,0,0,24 MHz,105.762,1.5 MHz,11.9,6,1250,-1,1250,51.8588,Waveform,77.5,-32.9138106183377
W50A000F,touch_1.7.0Beta1,6/11/2025 11:22:54,SSTDR,24,4,RG-58/U 50 ohm coax,0.66,None,Standard,0,0,24 MHz,105.762,1.5 MHz,11.9,6,1250,-1,1250,51.8588,Waveform,77.75,-5.88924375908177
W50A000F,touch_1.7.0Beta1,6/11/2025 11:22:54,SSTDR,24,4,RG-58/U 50 ohm coax,0.66,None,Standard,0,0,24 MHz,105.762,1.5 MHz,11.9,6,1250,-1,1250,51.8588,Waveform,78,17.9999999999993
W50A000F,touch_1.7.0Beta1,6/11/2025 11:22:54,SSTDR,24,4,RG-58/U 50 ohm coax,0.66,None,Standard,0,0,24 MHz,105.762,1.5 MHz,11.9,6,1250,-1,1250,51.8588,Waveform,78.25,27.9868529414334
W50A000F,touch_1.7.0Beta1,6/11/2025 11:22:54,SSTDR,24,4,RG-58/U 50 ohm coax,0.66,None,Standard,0,0,24 MHz,105.762,1.5 MHz,11.9,6,1250,-1,1250,51.8588,Waveform,78.5,21.216855517388
W50A000F,touch_1.7.0Beta1,6/11/2025 11:22:54,SSTDR,24,4,RG-58/U 50 ohm coax,0.66,None,Standard,0,0,24 MHz,105.762,1.5 MHz,11.9,6,1250,-1,1250,51.8588,Waveform,78.75,2.92200303494687
W50A000F,touch_1.7.0Beta1,6/11/2025 11:22:54,SSTDR,24,4,RG-58/U 50 ohm coax,0.66,None,Standard,0,0,24 MHz,105.762,1.5 MHz,11.9,6,1250,-1,1250,51.8588,Waveform,79,-16.9999999999997
W50A000F,touch_1.7.0Beta1,6/11/2025 11:22:54,SSTDR,24,4,RG-58/U 50 ohm coax,0.66,None,Standard,0,0,24 MHz,105.762,1.5 MHz,11.9,6,1250,-1,1250,51.8588,Waveform,79.25,-29.0030952007496
W50A000F,touch_1.7.0Beta1,6/11/2025 11:22:54,SSTDR,24,4,RG-58/U 50 ohm coax,0.66,None,Standard,0,0,24 MHz,105.762,1.5 MHz,11.9,6,1250,-1,1250,51.8588,Waveform,79.5,-28.0356669671817
W50A000F,touch_1.7.0Beta1,6/11/2025 11:22:54,SSTDR,24,4,RG-58/U 50 ohm coax,0.66,None,Standard,0,0,24 MHz,105.762,1.5 MHz,11.9,6,1250,-1,1250,51.8588,Waveform,79.75,-15.1023386505863
W50A000F,touch_1.7.0Beta1,6/11/2025 11:22:54,SSTDR,24,4,RG-58/U 50 ohm coax,0.66,None,Standard,0,0,24 MHz,105.762,1.5 MHz,11.9,6,1250,-1,1250,51.8588,Waveform,80,4.00000000000052
W50A000F,touch_1.7.0Beta1,6/11/2025 11:22:54,SSTDR,24,4,RG-58/U 50 ohm coax,0.66,None,Standard,0,0,24 MHz,105.762,1.5 MHz,11.9,6,1250,-1,1250,51.8588,Waveform,80.25,21.6858000797943
W50A000F,touch_1.7.0Beta1,6/11/2025 11:22:54,SSTDR,24,4,RG-58/U 50 ohm coax,0.66,None,Standard,0,0,24 MHz,105.762,1.5 MHz,11.9,6,1250,-1,1250,51.8588,Waveform,80.5,31.6821922517822
W50A000F,touch_1.7.0Beta1,6/11/2025 11:22:54,SSTDR,24,4,RG-58/U 50 ohm coax,0.66,None,Standard,0,0,24 MHz,105.762,1.5 MHz,11.9,6,1250,-1,1250,51.8588,Waveform,80.75,30.9444810471781
W50A000F,touch_1.7.0Beta1,6/11/2025 11:22:54,SSTDR,24,4,RG-58/U 50 ohm coax,0.66,None,Standard,0,0,24 MHz,105.762,1.5 MHz,11.9,6,1250,-1,1250,51.8588,Waveform,81,19.9999999999998
W50A000F,touch_1.7.0Beta1,6/11/2025 11:22:54,SSTDR,24,4,RG-58/U 50 ohm coax,0.66,None,Standard,0,0,24 MHz,105.762,1.5 MHz,11.9,6,1250,-1,1250,51.8588,Waveform,81.25,2.16557290835169
W50A000F,touch_1.7.0Beta1,6/11/2025 11:22:54,SSTDR,24,4,RG-58/U 50 ohm coax,0.66,None,Standard,0,0,24 MHz,105.762,1.5 MHz,11.9,6,1250,-1,1250,51.8588,Waveform,81.5,-17.6055444068088
W50A000F,touch_1.7.0Beta1,6/11/2025 11:22:54,SSTDR,24,4,RG-58/U 50 ohm coax,0.66,None,Standard,0,0,24 MHz,105.762,1.5 MHz,11.9,6,1250,-1,1250,51.8588,Waveform,81.75,-33.7507880465397
W50A000F,touch_1.7.0Beta1,6/11/2025 11:22:54,SSTDR,24,4,RG-58/U 50 ohm coax,0.66,None,Standard,0,0,24 MHz,105.762,1.5 MHz,11.9,6,1250,-1,1250,51.8588,Waveform,82,-41.0000000000004
W50A000F,touch_1.7.0Beta1,6/11/2025 11:22:54,SSTDR,24,4,RG-58/U 50 ohm coax,0.66,None,Standard,0,0,24 MHz,105.762,1.5 MHz,11.9,6,1250,-1,1250,51.8588,Waveform,82.25,-35.435101239043
W50A000F,touch_1.7.0Beta1,6/11/2025 11:22:54,SSTDR,24,4,RG-58/U 50 ohm coax,0.66,None,Standard,0,0,24 MHz,105.762,1.5 MHz,11.9,6,1250,-1,1250,51.8588,Waveform,82.5,-15.8135818600746
W50A000F,touch_1.7.0Beta1,6/11/2025 11:22:54,SSTDR,24,4,RG-58/U 50 ohm coax,0.66,None,Standard,0,0,24 MHz,105.762,1.5 MHz,11.9,6,1250,-1,1250,51.8588,Waveform,82.75,15.2427607761694
W50A000F,touch_1.7.0Beta1,6/11/2025 11:22:54,SSTDR,24,4,RG-58/U 50 ohm coax,0.66,None,Standard,0,0,24 MHz,105.762,1.5 MHz,11.9,6,1250,-1,1250,51.8588,Waveform,83,50.9999999999992
W50A000F,touch_1.7.0Beta1,6/11/2025 11:22:54,SSTDR,24,4,RG-58/U 50 ohm coax,0.66,None,Standard,0,0,24 MHz,105.762,1.5 MHz,11.9,6,1250,-1,1250,51.8588,Waveform,83.25,82.0046413120903
W50A000F,touch_1.7.0Beta1,6/11/2025 11:22:54,SSTDR,24,4,RG-58/U 50 ohm coax,0.66,None,Standard,0,0,24 MHz,105.762,1.5 MHz,11.9,6,1250,-1,1250,51.8588,Waveform,83.5,99.0961094806181
W50A000F,touch_1.7.0Beta1,6/11/2025 11:22:54,SSTDR,24,4,RG-58/U 50 ohm coax,0.66,None,Standard,0,0,24 MHz,105.762,1.5 MHz,11.9,6,1250,-1,1250,51.8588,Waveform,83.75,97.024506158864
W50A000F,touch_1.7.0Beta1,6/11/2025 11:22:54,SSTDR,24,4,RG-58/U 50 ohm coax,0.66,None,Standard,0,0,24 MHz,105.762,1.5 MHz,11.9,6,1250,-1,1250,51.8588,Waveform,84,77.0000000000004
W50A000F,touch_1.7.0Beta1,6/11/2025 11:22:54,SSTDR,24,4,RG-58/U 50 ohm coax,0.66,None,Standard,0,0,24 MHz,105.762,1.5 MHz,11.9,6,1250,-1,1250,51.8588,Waveform,84.25,46.687537154075
W50A000F,touch_1.7.0Beta1,6/11/2025 11:22:54,SSTDR,24,4,RG-58/U 50 ohm coax,0.66,None,Standard,0,0,24 MHz,105.762,1.5 MHz,11.9,6,1250,-1,1250,51.8588,Waveform,84.5,17.256514452487
W50A000F,touch_1.7.0Beta1,6/11/2025 11:22:54,SSTDR,24,4,RG-58/U 50 ohm coax,0.66,None,Standard,0,0,24 MHz,105.762,1.5 MHz,11.9,6,1250,-1,1250,51.8588,Waveform,84.75,-1.39325461938227
W50A000F,touch_1.7.0Beta1,6/11/2025 11:22:54,SSTDR,24,4,RG-58/U 50 ohm coax,0.66,None,Standard,0,0,24 MHz,105.762,1.5 MHz,11.9,6,1250,-1,1250,51.8588,Waveform,85,-4.99999999999929
W50A000F,touch_1.7.0Beta1,6/11/2025 11:22:54,SSTDR,24,4,RG-58/U 50 ohm coax,0.66,None,Standard,0,0,24 MHz,105.762,1.5 MHz,11.9,6,1250,-1,1250,51.8588,Waveform,85.25,3.33990597027808
W50A000F,touch_1.7.0Beta1,6/11/2025 11:22:54,SSTDR,24,4,RG-58/U 50 ohm coax,0.66,None,Standard,0,0,24 MHz,105.762,1.5 MHz,11.9,6,1250,-1,1250,51.8588,Waveform,85.5,15.1264003515424
W50A000F,touch_1.7.0Beta1,6/11/2025 11:22:54,SSTDR,24,4,RG-58/U 50 ohm coax,0.66,None,Standard,0,0,24 MHz,105.762,1.5 MHz,11.9,6,1250,-1,1250,51.8588,Waveform,85.75,21.221965146146
W50A000F,touch_1.7.0Beta1,6/11/2025 11:22:54,SSTDR,24,4,RG-58/U 50 ohm coax,0.66,None,Standard,0,0,24 MHz,105.762,1.5 MHz,11.9,6,1250,-1,1250,51.8588,Waveform,86,17.0000000000003
W50A000F,touch_1.7.0Beta1,6/11/2025 11:22:54,SSTDR,24,4,RG-58/U 50 ohm coax,0.66,None,Standard,0,0,24 MHz,105.762,1.5 MHz,11.9,6,1250,-1,1250,51.8588,Waveform,86.25,5.09890554750775
W50A000F,touch_1.7.0Beta1,6/11/2025 11:22:54,SSTDR,24,4,RG-58/U 50 ohm coax,0.66,None,Standard,0,0,24 MHz,105.762,1.5 MHz,11.9,6,1250,-1,1250,51.8588,Waveform,86.5,-5.83963177074751
W50A000F,touch_1.7.0Beta1,6/11/2025 11:22:54,SSTDR,24,4,RG-58/U 50 ohm coax,0.66,None,Standard,0,0,24 MHz,105.762,1.5 MHz,11.9,6,1250,-1,1250,51.8588,Waveform,86.75,-5.9530258620661
W50A000F,touch_1.7.0Beta1,6/11/2025 11:22:54,SSTDR,24,4,RG-58/U 50 ohm coax,0.66,None,Standard,0,0,24 MHz,105.762,1.5 MHz,11.9,6,1250,-1,1250,51.8588,Waveform,87,9.99999999999909
W50A000F,touch_1.7.0Beta1,6/11/2025 11:22:54,SSTDR,24,4,RG-58/U 50 ohm coax,0.66,None,Standard,0,0,24 MHz,105.762,1.5 MHz,11.9,6,1250,-1,1250,51.8588,Waveform,87.25,38.9172331811442
W50A000F,touch_1.7.0Beta1,6/11/2025 11:22:54,SSTDR,24,4,RG-58/U 50 ohm coax,0.66,None,Standard,0,0,24 MHz,105.762,1.5 MHz,11.9,6,1250,-1,1250,51.8588,Waveform,87.5,69.9389305458269
W50A000F,touch_1.7.0Beta1,6/11/2025 11:22:54,SSTDR,24,4,RG-58/U 50 ohm coax,0.66,None,Standard,0,0,24 MHz,105.762,1.5 MHz,11.9,6,1250,-1,1250,51.8588,Waveform,87.75,89.2886313851663
W50A000F,touch_1.7.0Beta1,6/11/2025 11:22:54,SSTDR,24,4,RG-58/U 50 ohm coax,0.66,None,Standard,0,0,24 MHz,105.762,1.5 MHz,11.9,6,1250,-1,1250,51.8588,Waveform,88,86.9999999999998
W50A000F,touch_1.7.0Beta1,6/11/2025 11:22:54,SSTDR,24,4,RG-58/U 50 ohm coax,0.66,None,Standard,0,0,24 MHz,105.762,1.5 MHz,11.9,6,1250,-1,1250,51.8588,Waveform,88.25,62.0402606198194
W50A000F,touch_1.7.0Beta1,6/11/2025 11:22:54,SSTDR,24,4,RG-58/U 50 ohm coax,0.66,None,Standard,0,0,24 MHz,105.762,1.5 MHz,11.9,6,1250,-1,1250,51.8588,Waveform,88.5,23.0766276969581
W50A000F,touch_1.7.0Beta1,6/11/2025 11:22:54,SSTDR,24,4,RG-58/U 50 ohm coax,0.66,None,Standard,0,0,24 MHz,105.762,1.5 MHz,11.9,6,1250,-1,1250,51.8588,Waveform,88.75,-15.6132864654874
W50A000F,touch_1.7.0Beta1,6/11/2025 11:22:54,SSTDR,24,4,RG-58/U 50 ohm coax,0.66,None,Standard,0,0,24 MHz,105.762,1.5 MHz,11.9,6,1250,-1,1250,51.8588,Waveform,89,-41.0000000000004
W50A000F,touch_1.7.0Beta1,6/11/2025 11:22:54,SSTDR,24,4,RG-58/U 50 ohm coax,0.66,None,Standard,0,0,24 MHz,105.762,1.5 MHz,11.9,6,1250,-1,1250,51.8588,Waveform,89.25,-47.333138042422
W50A000F,touch_1.7.0Beta1,6/11/2025 11:22:54,SSTDR,24,4,RG-58/U 50 ohm coax,0.66,None,Standard,0,0,24 MHz,105.762,1.5 MHz,11.9,6,1250,-1,1250,51.8588,Waveform,89.5,-38.1712219880059
W50A000F,touch_1.7.0Beta1,6/11/2025 11:22:54,SSTDR,24,4,RG-58/U 50 ohm coax,0.66,None,Standard,0,0,24 MHz,105.762,1.5 MHz,11.9,6,1250,-1,1250,51.8588,Waveform,89.75,-23.4026766670715
W50A000F,touch_1.7.0Beta1,6/11/2025 11:22:54,SSTDR,24,4,RG-58/U 50 ohm coax,0.66,None,Standard,0,0,24 MHz,105.762,1.5 MHz,11.9,6,1250,-1,1250,51.8588,Waveform,90,-13.0000000000005
W50A000F,touch_1.7.0Beta1,6/11/2025 11:22:54,SSTDR,24,4,RG-58/U 50 ohm coax,0.66,None,Standard,0,0,24 MHz,105.762,1.5 MHz,11.9,6,1250,-1,1250,51.8588,Waveform,90.25,-11.0687791355593
W50A000F,touch_1.7.0Beta1,6/11/2025 11:22:54,SSTDR,24,4,RG-58/U 50 ohm coax,0.66,None,Standard,0,0,24 MHz,105.762,1.5 MHz,11.9,6,1250,-1,1250,51.8588,Waveform,90.5,-13.6090227869881
W50A000F,touch_1.7.0Beta1,6/11/2025 11:22:54,SSTDR,24,4,RG-58/U 50 ohm coax,0.66,None,Standard,0,0,24 MHz,105.762,1.5 MHz,11.9,6,1250,-1,1250,51.8588,Waveform,90.75,-11.3333224484074
W50A000F,touch_1.7.0Beta1,6/11/2025 11:22:54,SSTDR,24,4,RG-58/U 50 ohm coax,0.66,None,Standard,0,0,24 MHz,105.762,1.5 MHz,11.9,6,1250,-1,1250,51.8588,Waveform,91,3.99999999999904
W50A000F,touch_1.7.0Beta1,6/11/2025 11:22:54,SSTDR,24,4,RG-58/U 50 ohm coax,0.66,None,Standard,0,0,24 MHz,105.762,1.5 MHz,11.9,6,1250,-1,1250,51.8588,Waveform,91.25,33.3769708538798
W50A000F,touch_1.7.0Beta1,6/11/2025 11:22:54,SSTDR,24,4,RG-58/U 50 ohm coax,0.66,None,Standard,0,0,24 MHz,105.762,1.5 MHz,11.9,6,1250,-1,1250,51.8588,Waveform,91.5,68.1767758613287
W50A000F,touch_1.7.0Beta1,6/11/2025 11:22:54,SSTDR,24,4,RG-58/U 50 ohm coax,0.66,None,Standard,0,0,24 MHz,105.762,1.5 MHz,11.9,6,1250,-1,1250,51.8588,Waveform,91.75,93.3868384941566
W50A000F,touch_1.7.0Beta1,6/11/2025 11:22:54,SSTDR,24,4,RG-58/U 50 ohm coax,0.66,None,Standard,0,0,24 MHz,105.762,1.5 MHz,11.9,6,1250,-1,1250,51.8588,Waveform,92,94.9999999999998
W50A000F,touch_1.7.0Beta1,6/11/2025 11:22:54,SSTDR,24,4,RG-58/U 50 ohm coax,0.66,None,Standard,0,0,24 MHz,105.762,1.5 MHz,11.9,6,1250,-1,1250,51.8588,Waveform,92.25,67.7487320221644
W50A000F,touch_1.7.0Beta1,6/11/2025 11:22:54,SSTDR,24,4,RG-58/U 50 ohm coax,0.66,None,Standard,0,0,24 MHz,105.762,1.5 MHz,11.9,6,1250,-1,1250,51.8588,Waveform,92.5,18.9040453399039
W50A000F,touch_1.7.0Beta1,6/11/2025 11:22:54,SSTDR,24,4,RG-58/U 50 ohm coax,0.66,None,Standard,0,0,24 MHz,105.762,1.5 MHz,11.9,6,1250,-1,1250,51.8588,Waveform,92.75,-34.2063601366572
W50A000F,touch_1.7.0Beta1,6/11/2025 11:22:54,SSTDR,24,4,RG-58/U 50 ohm coax,0.66,None,Standard,0,0,24 MHz,105.762,1.5 MHz,11.9,6,1250,-1,1250,51.8588,Waveform,93,-71.9999999999999
W50A000F,touch_1.7.0Beta1,6/11/2025 11:22:54,SSTDR,24,4,RG-58/U 50 ohm coax,0.66,None,Standard,0,0,24 MHz,105.762,1.5 MHz,11.9,6,1250,-1,1250,51.8588,Waveform,93.25,-81.8862807688423
W50A000F,touch_1.7.0Beta1,6/11/2025 11:22:54,SSTDR,24,4,RG-58/U 50 ohm coax,0.66,None,Standard,0,0,24 MHz,105.762,1.5 MHz,11.9,6,1250,-1,1250,51.8588,Waveform,93.5,-64.1716611982199
W50A000F,touch_1.7.0Beta1,6/11/2025 11:22:54,SSTDR,24,4,RG-58/U 50 ohm coax,0.66,None,Standard,0,0,24 MHz,105.762,1.5 MHz,11.9,6,1250,-1,1250,51.8588,Waveform,93.75,-31.4888585847445
W50A000F,touch_1.7.0Beta1,6/11/2025 11:22:54,SSTDR,24,4,RG-58/U 50 ohm coax,0.66,None,Standard,0,0,24 MHz,105.762,1.5 MHz,11.9,6,1250,-1,1250,51.8588,Waveform,94,-2.00000000000013
W50A000F,touch_1.7.0Beta1,6/11/2025 11:22:54,SSTDR,24,4,RG-58/U 50 ohm coax,0.66,None,Standard,0,0,24 MHz,105.762,1.5 MHz,11.9,6,1250,-1,1250,51.8588,Waveform,94.25,10.0590716213093
W50A000F,touch_1.7.0Beta1,6/11/2025 11:22:54,SSTDR,24,4,RG-58/U 50 ohm coax,0.66,None,Standard,0,0,24 MHz,105.762,1.5 MHz,11.9,6,1250,-1,1250,51.8588,Waveform,94.5,1.4801985270642
W50A000F,touch_1.7.0Beta1,6/11/2025 11:22:54,SSTDR,24,4,RG-58/U 50 ohm coax,0.66,None,Standard,0,0,24 MHz,105.762,1.5 MHz,11.9,6,1250,-1,1250,51.8588,Waveform,94.75,-18.9379720804996
W50A000F,touch_1.7.0Beta1,6/11/2025 11:22:54,SSTDR,24,4,RG-58/U 50 ohm coax,0.66,None,Standard,0,0,24 MHz,105.762,1.5 MHz,11.9,6,1250,-1,1250,51.8588,Waveform,95,-35.999999999999
W50A000F,touch_1.7.0Beta1,6/11/2025 11:22:54,SSTDR,24,4,RG-58/U 50 ohm coax,0.66,None,Standard,0,0,24 MHz,105.762,1.5 MHz,11.9,6,1250,-1,1250,51.8588,Waveform,95.25,-37.1930971455661
W50A000F,touch_1.7.0Beta1,6/11/2025 11:22:54,SSTDR,24,4,RG-58/U 50 ohm coax,0.66,None,Standard,0,0,24 MHz,105.762,1.5 MHz,11.9,6,1250,-1,1250,51.8588,Waveform,95.5,-20.2008990106094
W50A000F,touch_1.7.0Beta1,6/11/2025 11:22:54,SSTDR,24,4,RG-58/U 50 ohm coax,0.66,None,Standard,0,0,24 MHz,105.762,1.5 MHz,11.9,6,1250,-1,1250,51.8588,Waveform,95.75,5.35539722471997
W50A000F,touch_1.7.0Beta1,6/11/2025 11:22:54,SSTDR,24,4,RG-58/U 50 ohm coax,0.66,None,Standard,0,0,24 MHz,105.762,1.5 MHz,11.9,6,1250,-1,1250,51.8588,Waveform,96,23.0000000000008
W50A000F,touch_1.7.0Beta1,6/11/2025 11:22:54,SSTDR,24,4,RG-58/U 50 ohm coax,0.66,None,Standard,0,0,24 MHz,105.762,1.5 MHz,11.9,6,1250,-1,1250,51.8588,Waveform,96.25,18.5805803981324
W50A000F,touch_1.7.0Beta1,6/11/2025 11:22:54,SSTDR,24,4,RG-58/U 50 ohm coax,0.66,None,Standard,0,0,24 MHz,105.762,1.5 MHz,11.9,6,1250,-1,1250,51.8588,Waveform,96.5,-11.5179585081322
W50A000F,touch_1.7.0Beta1,6/11/2025 11:22:54,SSTDR,24,4,RG-58/U 50 ohm coax,0.66,None,Standard,0,0,24 MHz,105.762,1.5 MHz,11.9,6,1250,-1,1250,51.8588,Waveform,96.75,-57.750860243008
W50A000F,touch_1.7.0Beta1,6/11/2025 11:22:54,SSTDR,24,4,RG-58/U 50 ohm coax,0.66,None,Standard,0,0,24 MHz,105.762,1.5 MHz,11.9,6,1250,-1,1250,51.8588,Waveform,97,-102
W50A000F,touch_1.7.0Beta1,6/11/2025 11:22:54,SSTDR,24,4,RG-58/U 50 ohm coax,0.66,None,Standard,0,0,24 MHz,105.762,1.5 MHz,11.9,6,1250,-1,1250,51.8588,Waveform,97.25,-127.013904047818
W50A000F,touch_1.7.0Beta1,6/11/2025 11:22:54,SSTDR,24,4,RG-58/U 50 ohm coax,0.66,None,Standard,0,0,24 MHz,105.762,1.5 MHz,11.9,6,1250,-1,1250,51.8588,Waveform,97.5,-125.585208268266
W50A000F,touch_1.7.0Beta1,6/11/2025 11:22:54,SSTDR,24,4,RG-58/U 50 ohm coax,0.66,None,Standard,0,0,24 MHz,105.762,1.5 MHz,11.9,6,1250,-1,1250,51.8588,Waveform,97.75,-104.358015082655
W50A000F,touch_1.7.0Beta1,6/11/2025 11:22:54,SSTDR,24,4,RG-58/U 50 ohm coax,0.66,None,Standard,0,0,24 MHz,105.762,1.5 MHz,11.9,6,1250,-1,1250,51.8588,Waveform,98,-80.0000000000013
W50A000F,touch_1.7.0Beta1,6/11/2025 11:22:54,SSTDR,24,4,RG-58/U 50 ohm coax,0.66,None,Standard,0,0,24 MHz,105.762,1.5 MHz,11.9,6,1250,-1,1250,51.8588,Waveform,98.25,-69.6550777735647
W50A000F,touch_1.7.0Beta1,6/11/2025 11:22:54,SSTDR,24,4,RG-58/U 50 ohm coax,0.66,None,Standard,0,0,24 MHz,105.762,1.5 MHz,11.9,6,1250,-1,1250,51.8588,Waveform,98.5,-80.8421831317532
W50A000F,touch_1.7.0Beta1,6/11/2025 11:22:54,SSTDR,24,4,RG-58/U 50 ohm coax,0.66,None,Standard,0,0,24 MHz,105.762,1.5 MHz,11.9,6,1250,-1,1250,51.8588,Waveform,98.75,-106.466399123242
W50A000F,touch_1.7.0Beta1,6/11/2025 11:22:54,SSTDR,24,4,RG-58/U 50 ohm coax,0.66,None,Standard,0,0,24 MHz,105.762,1.5 MHz,11.9,6,1250,-1,1250,51.8588,Waveform,99,-128
W50A000F,touch_1.7.0Beta1,6/11/2025 11:22:54,SSTDR,24,4,RG-58/U 50 ohm coax,0.66,None,Standard,0,0,24 MHz,105.762,1.5 MHz,11.9,6,1250,-1,1250,51.8588,Waveform,99.25,-125.502229032845
W50A000F,touch_1.7.0Beta1,6/11/2025 11:22:54,SSTDR,24,4,RG-58/U 50 ohm coax,0.66,None,Standard,0,0,24 MHz,105.762,1.5 MHz,11.9,6,1250,-1,1250,51.8588,Waveform,99.5,-89.3139067722964
W50A000F,touch_1.7.0Beta1,6/11/2025 11:22:54,SSTDR,24,4,RG-58/U 50 ohm coax,0.66,None,Standard,0,0,24 MHz,105.762,1.5 MHz,11.9,6,1250,-1,1250,51.8588,Waveform,99.75,-27.0857499090793
W50A000F,touch_1.7.0Beta1,6/11/2025 11:22:54,SSTDR,24,4,RG-58/U 50 ohm coax,0.66,None,Standard,0,0,24 MHz,105.762,1.5 MHz,11.9,6,1250,-1,1250,51.8588,Waveform,100,37.9999999999994
W50A000F,touch_1.7.0Beta1,6/11/2025 11:22:54,SSTDR,24,4,RG-58/U 50 ohm coax,0.66,None,Standard,0,0,24 MHz,105.762,1.5 MHz,11.9,6,1250,-1,1250,51.8588,Waveform,100.25,77.4505033365722
W50A000F,touch_1.7.0Beta1,6/11/2025 11:22:54,SSTDR,24,4,RG-58/U 50 ohm coax,0.66,None,Standard,0,0,24 MHz,105.762,1.5 MHz,11.9,6,1250,-1,1250,51.8588,Waveform,100.5,71.2852316000834
W50A000F,touch_1.7.0Beta1,6/11/2025 11:22:54,SSTDR,24,4,RG-58/U 50 ohm coax,0.66,None,Standard,0,0,24 MHz,105.762,1.5 MHz,11.9,6,1250,-1,1250,51.8588,Waveform,100.75,18.540549830315
W50A000F,touch_1.7.0Beta1,6/11/2025 11:22:54,SSTDR,24,4,RG-58/U 50 ohm coax,0.66,None,Standard,0,0,24 MHz,105.762,1.5 MHz,11.9,6,1250,-1,1250,51.8588,Waveform,101,-61.0000000000009
W50A000F,touch_1.7.0Beta1,6/11/2025 11:22:54,SSTDR,24,4,RG-58/U 50 ohm coax,0.66,None,Standard,0,0,24 MHz,105.762,1.5 MHz,11.9,6,1250,-1,1250,51.8588,Waveform,101.25,-134.994604430032
W50A000F,touch_1.7.0Beta1,6/11/2025 11:22:54,SSTDR,24,4,RG-58/U 50 ohm coax,0.66,None,Standard,0,0,24 MHz,105.762,1.5 MHz,11.9,6,1250,-1,1250,51.8588,Waveform,101.5,-172.832236752628
W50A000F,touch_1.7.0Beta1,6/11/2025 11:22:54,SSTDR,24,4,RG-58/U 50 ohm coax,0.66,None,Standard,0,0,24 MHz,105.762,1.5 MHz,11.9,6,1250,-1,1250,51.8588,Waveform,101.75,-159.136034993952
W50A000F,touch_1.7.0Beta1,6/11/2025 11:22:54,SSTDR,24,4,RG-58/U 50 ohm coax,0.66,None,Standard,0,0,24 MHz,105.762,1.5 MHz,11.9,6,1250,-1,1250,51.8588,Waveform,102,-100
W50A000F,touch_1.7.0Beta1,6/11/2025 11:22:54,SSTDR,24,4,RG-58/U 50 ohm coax,0.66,None,Standard,0,0,24 MHz,105.762,1.5 MHz,11.9,6,1250,-1,1250,51.8588,Waveform,102.25,-19.1341314516966
W50A000F,touch_1.7.0Beta1,6/11/2025 11:22:54,SSTDR,24,4,RG-58/U 50 ohm coax,0.66,None,Standard,0,0,24 MHz,105.762,1.5 MHz,11.9,6,1250,-1,1250,51.8588,Waveform,102.5,53.8913468921819
W50A000F,touch_1.7.0Beta1,6/11/2025 11:22:54,SSTDR,24,4,RG-58/U 50 ohm coax,0.66,None,Standard,0,0,24 MHz,105.762,1.5 MHz,11.9,6,1250,-1,1250,51.8588,Waveform,102.75,97.3044844931371
W50A000F,touch_1.7.0Beta1,6/11/2025 11:22:54,SSTDR,24,4,RG-58/U 50 ohm coax,0.66,None,Standard,0,0,24 MHz,105.762,1.5 MHz,11.9,6,1250,-1,1250,51.8588,Waveform,103,106
W50A000F,touch_1.7.0Beta1,6/11/2025 11:22:54,SSTDR,24,4,RG-58/U 50 ohm coax,0.66,None,Standard,0,0,24 MHz,105.762,1.5 MHz,11.9,6,1250,-1,1250,51.8588,Waveform,103.25,91.611275053396
W50A000F,touch_1.7.0Beta1,6/11/2025 11:22:54,SSTDR,24,4,RG-58/U 50 ohm coax,0.66,None,Standard,0,0,24 MHz,105.762,1.5 MHz,11.9,6,1250,-1,1250,51.8588,Waveform,103.5,74.3741864438807
W50A000F,touch_1.7.0Beta1,6/11/2025 11:22:54,SSTDR,24,4,RG-58/U 50 ohm coax,0.66,None,Standard,0,0,24 MHz,105.762,1.5 MHz,11.9,6,1250,-1,1250,51.8588,Waveform,103.75,71.4635169919299
W50A000F,touch_1.7.0Beta1,6/11/2025 11:22:54,SSTDR,24,4,RG-58/U 50 ohm coax,0.66,None,Standard,0,0,24 MHz,105.762,1.5 MHz,11.9,6,1250,-1,1250,51.8588,Waveform,104,88.0000000000006
W50A000F,touch_1.7.0Beta1,6/11/2025 11:22:54,SSTDR,24,4,RG-58/U 50 ohm coax,0.66,None,Standard,0,0,24 MHz,105.762,1.5 MHz,11.9,6,1250,-1,1250,51.8588,Waveform,104.25,115.196700698539
W50A000F,touch_1.7.0Beta1,6/11/2025 11:22:54,SSTDR,24,4,RG-58/U 50 ohm coax,0.66,None,Standard,0,0,24 MHz,105.762,1.5 MHz,11.9,6,1250,-1,1250,51.8588,Waveform,104.5,136.170049308426
W50A000F,touch_1.7.0Beta1,6/11/2025 11:22:54,SSTDR,24,4,RG-58/U 50 ohm coax,0.66,None,Standard,0,0,24 MHz,105.762,1.5 MHz,11.9,6,1250,-1,1250,51.8588,Waveform,104.75,135.922558741743
W50A000F,touch_1.7.0Beta1,6/11/2025 11:22:54,SSTDR,24,4,RG-58/U 50 ohm coax,0.66,None,Standard,0,0,24 MHz,105.762,1.5 MHz,11.9,6,1250,-1,1250,51.8588,Waveform,105,110
W50A000F,touch_1.7.0Beta1,6/11/2025 11:22:54,SSTDR,24,4,RG-58/U 50 ohm coax,0.66,None,Standard,0,0,24 MHz,105.762,1.5 MHz,11.9,6,1250,-1,1250,51.8588,Waveform,105.25,67.2848565304462
W50A000F,touch_1.7.0Beta1,6/11/2025 11:22:54,SSTDR,24,4,RG-58/U 50 ohm coax,0.66,None,Standard,0,0,24 MHz,105.762,1.5 MHz,11.9,6,1250,-1,1250,51.8588,Waveform,105.5,25.6696192592903
W50A000F,touch_1.7.0Beta1,6/11/2025 11:22:54,SSTDR,24,4,RG-58/U 50 ohm coax,0.66,None,Standard,0,0,24 MHz,105.762,1.5 MHz,11.9,6,1250,-1,1250,51.8588,Waveform,105.75,3.13111487844729
W50A000F,touch_1.7.0Beta1,6/11/2025 11:22:54,SSTDR,24,4,RG-58/U 50 ohm coax,0.66,None,Standard,0,0,24 MHz,105.762,1.5 MHz,11.9,6,1250,-1,1250,51.8588,Waveform,106,9.00000000000104
W50A000F,touch_1.7.0Beta1,6/11/2025 11:22:54,SSTDR,24,4,RG-58/U 50 ohm coax,0.66,None,Standard,0,0,24 MHz,105.762,1.5 MHz,11.9,6,1250,-1,1250,51.8588,Waveform,106.25,39.874706545613
W50A000F,touch_1.7.0Beta1,6/11/2025 11:22:54,SSTDR,24,4,RG-58/U 50 ohm coax,0.66,None,Standard,0,0,24 MHz,105.762,1.5 MHz,11.9,6,1250,-1,1250,51.8588,Waveform,106.5,81.9860135922456
W50A000F,touch_1.7.0Beta1,6/11/2025 11:22:54,SSTDR,24,4,RG-58/U 50 ohm coax,0.66,None,Standard,0,0,24 MHz,105.762,1.5 MHz,11.9,6,1250,-1,1250,51.8588,Waveform,106.75,118.390163227046
W50A000F,touch_1.7.0Beta1,6/11/2025 11:22:54,SSTDR,24,4,RG-58/U 50 ohm coax,0.66,None,Standard,0,0,24 MHz,105.762,1.5 MHz,11.9,6,1250,-1,1250,51.8588,Waveform,107,137.000000000001
W50A000F,touch_1.7.0Beta1,6/11/2025 11:22:54,SSTDR,24,4,RG-58/U 50 ohm coax,0.66,None,Standard,0,0,24 MHz,105.762,1.5 MHz,11.9,6,1250,-1,1250,51.8588,Waveform,107.25,135.335335515088
W50A000F,touch_1.7.0Beta1,6/11/2025 11:22:54,SSTDR,24,4,RG-58/U 50 ohm coax,0.66,None,Standard,0,0,24 MHz,105.762,1.5 MHz,11.9,6,1250,-1,1250,51.8588,Waveform,107.5,119.909479955207
W50A000F,touch_1.7.0Beta1,6/11/2025 11:22:54,SSTDR,24,4,RG-58/U 50 ohm coax,0.66,None,Standard,0,0,24 MHz,105.762,1.5 MHz,11.9,6,1250,-1,1250,51.8588,Waveform,107.75,101.146934566996
W50A000F,touch_1.7.0Beta1,6/11/2025 11:22:54,SSTDR,24,4,RG-58/U 50 ohm coax,0.66,None,Standard,0,0,24 MHz,105.762,1.5 MHz,11.9,6,1250,-1,1250,51.8588,Waveform,108,87.0000000000006
W50A000F,touch_1.7.0Beta1,6/11/2025 11:22:54,SSTDR,24,4,RG-58/U 50 ohm coax,0.66,None,Standard,0,0,24 MHz,105.762,1.5 MHz,11.9,6,1250,-1,1250,51.8588,Waveform,108.25,78.8358177902265
W50A000F,touch_1.7.0Beta1,6/11/2025 11:22:54,SSTDR,24,4,RG-58/U 50 ohm coax,0.66,None,Standard,0,0,24 MHz,105.762,1.5 MHz,11.9,6,1250,-1,1250,51.8588,Waveform,108.5,71.618290960471
W50A000F,touch_1.7.0Beta1,6/11/2025 11:22:54,SSTDR,24,4,RG-58/U 50 ohm coax,0.66,None,Standard,0,0,24 MHz,105.762,1.5 MHz,11.9,6,1250,-1,1250,51.8588,Waveform,108.75,57.8892417760509
W50A000F,touch_1.7.0Beta1,6/11/2025 11:22:54,SSTDR,24,4,RG-58/U 50 ohm coax,0.66,None,Standard,0,0,24 MHz,105.762,1.5 MHz,11.9,6,1250,-1,1250,51.8588,Waveform,109,33.0000000000007
W50A000F,touch_1.7.0Beta1,6/11/2025 11:22:54,SSTDR,24,4,RG-58/U 50 ohm coax,0.66,None,Standard,0,0,24 MHz,105.762,1.5 MHz,11.9,6,1250,-1,1250,51.8588,Waveform,109.25,-1.45483209412807
W50A000F,touch_1.7.0Beta1,6/11/2025 11:22:54,SSTDR,24,4,RG-58/U 50 ohm coax,0.66,None,Standard,0,0,24 MHz,105.762,1.5 MHz,11.9,6,1250,-1,1250,51.8588,Waveform,109.5,-37.8353197894915
W50A000F,touch_1.7.0Beta1,6/11/2025 11:22:54,SSTDR,24,4,RG-58/U 50 ohm coax,0.66,None,Standard,0,0,24 MHz,105.762,1.5 MHz,11.9,6,1250,-1,1250,51.8588,Waveform,109.75,-65.9867366483691
W50A000F,touch_1.7.0Beta1,6/11/2025 11:22:54,SSTDR,24,4,RG-58/U 50 ohm coax,0.66,None,Standard,0,0,24 MHz,105.762,1.5 MHz,11.9,6,1250,-1,1250,51.8588,Waveform,110,-77.9999999999996
W50A000F,touch_1.7.0Beta1,6/11/2025 11:22:54,SSTDR,24,4,RG-58/U 50 ohm coax,0.66,None,Standard,0,0,24 MHz,105.762,1.5 MHz,11.9,6,1250,-1,1250,51.8588,Waveform,110.25,-71.6009621197943
W50A000F,touch_1.7.0Beta1,6/11/2025 11:22:54,SSTDR,24,4,RG-58/U 50 ohm coax,0.66,None,Standard,0,0,24 MHz,105.762,1.5 MHz,11.9,6,1250,-1,1250,51.8588,Waveform,110.5,-50.5488394055478
W50A000F,touch_1.7.0Beta1,6/11/2025 11:22:54,SSTDR,24,4,RG-58/U 50 ohm coax,0.66,None,Standard,0,0,24 MHz,105.762,1.5 MHz,11.9,6,1250,-1,1250,51.8588,Waveform,110.75,-22.2118615667654
W50A000F,touch_1.7.0Beta1,6/11/2025 11:22:54,SSTDR,24,4,RG-58/U 50 ohm coax,0.66,None,Standard,0,0,24 MHz,105.762,1.5 MHz,11.9,6,1250,-1,1250,51.8588,Waveform,111,5.99999999999955
W50A000F,touch_1.7.0Beta1,6/11/2025 11:22:54,SSTDR,24,4,RG-58/U 50 ohm coax,0.66,None,Standard,0,0,24 MHz,105.762,1.5 MHz,11.9,6,1250,-1,1250,51.8588,Waveform,111.25,29.2733387919759
W50A000F,touch_1.7.0Beta1,6/11/2025 11:22:54,SSTDR,24,4,RG-58/U 50 ohm coax,0.66,None,Standard,0,0,24 MHz,105.762,1.5 MHz,11.9,6,1250,-1,1250,51.8588,Waveform,111.5,45.8860989718635
W50A000F,touch_1.7.0Beta1,6/11/2025 11:22:54,SSTDR,24,4,RG-58/U 50 ohm coax,0.66,None,Standard,0,0,24 MHz,105.762,1.5 MHz,11.9,6,1250,-1,1250,51.8588,Waveform,111.75,55.8314815151411
W50A000F,touch_1.7.0Beta1,6/11/2025 11:22:54,SSTDR,24,4,RG-58/U 50 ohm coax,0.66,None,Standard,0,0,24 MHz,105.762,1.5 MHz,11.9,6,1250,-1,1250,51.8588,Waveform,112,58.999999999999
W50A000F,touch_1.7.0Beta1,6/11/2025 11:22:54,SSTDR,24,4,RG-58/U 50 ohm coax,0.66,None,Standard,0,0,24 MHz,105.762,1.5 MHz,11.9,6,1250,-1,1250,51.8588,Waveform,112.25,54.4673910391974
W50A000F,touch_1.7.0Beta1,6/11/2025 11:22:54,SSTDR,24,4,RG-58/U 50 ohm coax,0.66,None,Standard,0,0,24 MHz,105.762,1.5 MHz,11.9,6,1250,-1,1250,51.8588,Waveform,112.5,41.4875560237814
W50A000F,touch_1.7.0Beta1,6/11/2025 11:22:54,SSTDR,24,4,RG-58/U 50 ohm coax,0.66,None,Standard,0,0,24 MHz,105.762,1.5 MHz,11.9,6,1250,-1,1250,51.8588,Waveform,112.75,21.4250867596343
W50A000F,touch_1.7.0Beta1,6/11/2025 11:22:54,SSTDR,24,4,RG-58/U 50 ohm coax,0.66,None,Standard,0,0,24 MHz,105.762,750 KHz,11.8,7,750,-1,750,100.914,Calibration,1,-44
W50A000F,touch_1.7.0Beta1,6/11/2025 11:22:54,SSTDR,24,4,RG-58/U 50 ohm coax,0.66,None,Standard,0,0,24 MHz,105.762,750 KHz,11.8,7,750,-1,750,100.914,Calibration,2,-9
W50A000F,touch_1.7.0Beta1,6/11/2025 11:22:54,SSTDR,24,4,RG-58/U 50 ohm coax,0.66,None,Standard,0,0,24 MHz,105.762,750 KHz,11.8,7,750,-1,750,100.914,Calibration,3,-30
W50A000F,touch_1.7.0Beta1,6/11/2025 11:22:54,SSTDR,24,4,RG-58/U 50 ohm coax,0.66,None,Standard,0,0,24 MHz,105.762,750 KHz,11.8,7,750,-1,750,100.914,Calibration,4,-53
W50A000F,touch_1.7.0Beta1,6/11/2025 11:22:54,SSTDR,24,4,RG-58/U 50 ohm coax,0.66,None,Standard,0,0,24 MHz,105.762,750 KHz,11.8,7,750,-1,750,100.914,Calibration,5,-57
W50A000F,touch_1.7.0Beta1,6/11/2025 11:22:54,SSTDR,24,4,RG-58/U 50 ohm coax,0.66,None,Standard,0,0,24 MHz,105.762,750 KHz,11.8,7,750,-1,750,100.914,Calibration,6,28
W50A000F,touch_1.7.0Beta1,6/11/2025 11:22:54,SSTDR,24,4,RG-58/U 50 ohm coax,0.66,None,Standard,0,0,24 MHz,105.762,750 KHz,11.8,7,750,-1,750,100.914,Calibration,7,-29
W50A000F,touch_1.7.0Beta1,6/11/2025 11:22:54,SSTDR,24,4,RG-58/U 50 ohm coax,0.66,None,Standard,0,0,24 MHz,105.762,750 KHz,11.8,7,750,-1,750,100.914,Calibration,8,-114
W50A000F,touch_1.7.0Beta1,6/11/2025 11:22:54,SSTDR,24,4,RG-58/U 50 ohm coax,0.66,None,Standard,0,0,24 MHz,105.762,750 KHz,11.8,7,750,-1,750,100.914,Calibration,9,-98
W50A000F,touch_1.7.0Beta1,6/11/2025 11:22:54,SSTDR,24,4,RG-58/U 50 ohm coax,0.66,None,Standard,0,0,24 MHz,105.762,750 KHz,11.8,7,750,-1,750,100.914,Calibration,10,-19720
W50A000F,touch_1.7.0Beta1,6/11/2025 11:22:54,SSTDR,24,4,RG-58/U 50 ohm coax,0.66,None,Standard,0,0,24 MHz,105.762,750 KHz,11.8,7,750,-1,750,100.914,Calibration,11,-32681
W50A000F,touch_1.7.0Beta1,6/11/2025 11:22:54,SSTDR,24,4,RG-58/U 50 ohm coax,0.66,None,Standard,0,0,24 MHz,105.762,750 KHz,11.8,7,750,-1,750,100.914,Calibration,12,32767
W50A000F,touch_1.7.0Beta1,6/11/2025 11:22:54,SSTDR,24,4,RG-58/U 50 ohm coax,0.66,None,Standard,0,0,24 MHz,105.762,750 KHz,11.8,7,750,-1,750,100.914,Calibration,13,32767
W50A000F,touch_1.7.0Beta1,6/11/2025 11:22:54,SSTDR,24,4,RG-58/U 50 ohm coax,0.66,None,Standard,0,0,24 MHz,105.762,750 KHz,11.8,7,750,-1,750,100.914,Calibration,14,2433
W50A000F,touch_1.7.0Beta1,6/11/2025 11:22:54,SSTDR,24,4,RG-58/U 50 ohm coax,0.66,None,Standard,0,0,24 MHz,105.762,750 KHz,11.8,7,750,-1,750,100.914,Calibration,15,-32681
W50A000F,touch_1.7.0Beta1,6/11/2025 11:22:54,SSTDR,24,4,RG-58/U 50 ohm coax,0.66,None,Standard,0,0,24 MHz,105.762,750 KHz,11.8,7,750,-1,750,100.914,Calibration,16,-22534
W50A000F,touch_1.7.0Beta1,6/11/2025 11:22:54,SSTDR,24,4,RG-58/U 50 ohm coax,0.66,None,Standard,0,0,24 MHz,105.762,750 KHz,11.8,7,750,-1,750,100.914,Calibration,17,3653
W50A000F,touch_1.7.0Beta1,6/11/2025 11:22:54,SSTDR,24,4,RG-58/U 50 ohm coax,0.66,None,Standard,0,0,24 MHz,105.762,750 KHz,11.8,7,750,-1,750,100.914,Calibration,18,2950
W50A000F,touch_1.7.0Beta1,6/11/2025 11:22:54,SSTDR,24,4,RG-58/U 50 ohm coax,0.66,None,Standard,0,0,24 MHz,105.762,750 KHz,11.8,7,750,-1,750,100.914,Calibration,19,1956
W50A000F,touch_1.7.0Beta1,6/11/2025 11:22:54,SSTDR,24,4,RG-58/U 50 ohm coax,0.66,None,Standard,0,0,24 MHz,105.762,750 KHz,11.8,7,750,-1,750,100.914,Calibration,20,1360
W50A000F,touch_1.7.0Beta1,6/11/2025 11:22:54,SSTDR,24,4,RG-58/U 50 ohm coax,0.66,None,Standard,0,0,24 MHz,105.762,750 KHz,11.8,7,750,-1,750,100.914,Calibration,21,1039
W50A000F,touch_1.7.0Beta1,6/11/2025 11:22:54,SSTDR,24,4,RG-58/U 50 ohm coax,0.66,None,Standard,0,0,24 MHz,105.762,750 KHz,11.8,7,750,-1,750,100.914,Calibration,22,770
W50A000F,touch_1.7.0Beta1,6/11/2025 11:22:54,SSTDR,24,4,RG-58/U 50 ohm coax,0.66,None,Standard,0,0,24 MHz,105.762,750 KHz,11.8,7,750,-1,750,100.914,Calibration,23,453
W50A000F,touch_1.7.0Beta1,6/11/2025 11:22:54,SSTDR,24,4,RG-58/U 50 ohm coax,0.66,None,Standard,0,0,24 MHz,105.762,750 KHz,11.8,7,750,-1,750,100.914,Calibration,24,291
W50A000F,touch_1.7.0Beta1,6/11/2025 11:22:54,SSTDR,24,4,RG-58/U 50 ohm coax,0.66,None,Standard,0,0,24 MHz,105.762,750 KHz,11.8,7,750,-1,750,100.914,Calibration,25,257
W50A000F,touch_1.7.0Beta1,6/11/2025 11:22:54,SSTDR,24,4,RG-58/U 50 ohm coax,0.66,None,Standard,0,0,24 MHz,105.762,750 KHz,11.8,7,750,-1,750,100.914,Calibration,26,215
W50A000F,touch_1.7.0Beta1,6/11/2025 11:22:54,SSTDR,24,4,RG-58/U 50 ohm coax,0.66,None,Standard,0,0,24 MHz,105.762,750 KHz,11.8,7,750,-1,750,100.914,Calibration,27,-14
W50A000F,touch_1.7.0Beta1,6/11/2025 11:22:54,SSTDR,24,4,RG-58/U 50 ohm coax,0.66,None,Standard,0,0,24 MHz,105.762,750 KHz,11.8,7,750,-1,750,100.914,Calibration,28,7
W50A000F,touch_1.7.0Beta1,6/11/2025 11:22:54,SSTDR,24,4,RG-58/U 50 ohm coax,0.66,None,Standard,0,0,24 MHz,105.762,750 KHz,11.8,7,750,-1,750,100.914,Calibration,29,48
W50A000F,touch_1.7.0Beta1,6/11/2025 11:22:54,SSTDR,24,4,RG-58/U 50 ohm coax,0.66,None,Standard,0,0,24 MHz,105.762,750 KHz,11.8,7,750,-1,750,100.914,Calibration,30,35
W50A000F,touch_1.7.0Beta1,6/11/2025 11:22:54,SSTDR,24,4,RG-58/U 50 ohm coax,0.66,None,Standard,0,0,24 MHz,105.762,750 KHz,11.8,7,750,-1,750,100.914,Calibration,31,20
W50A000F,touch_1.7.0Beta1,6/11/2025 11:22:54,SSTDR,24,4,RG-58/U 50 ohm coax,0.66,None,Standard,0,0,24 MHz,105.762,750 KHz,11.8,7,750,-1,750,100.914,Calibration,32,30
W50A000F,touch_1.7.0Beta1,6/11/2025 11:22:54,SSTDR,24,4,RG-58/U 50 ohm coax,0.66,None,Standard,0,0,24 MHz,105.762,750 KHz,11.8,7,750,-1,750,100.914,Calibration,33,52
W50A000F,touch_1.7.0Beta1,6/11/2025 11:22:54,SSTDR,24,4,RG-58/U 50 ohm coax,0.66,None,Standard,0,0,24 MHz,105.762,750 KHz,11.8,7,750,-1,750,100.914,Calibration,34,30
W50A000F,touch_1.7.0Beta1,6/11/2025 11:22:54,SSTDR,24,4,RG-58/U 50 ohm coax,0.66,None,Standard,0,0,24 MHz,105.762,750 KHz,11.8,7,750,-1,750,100.914,Calibration,35,-70
W50A000F,touch_1.7.0Beta1,6/11/2025 11:22:54,SSTDR,24,4,RG-58/U 50 ohm coax,0.66,None,Standard,0,0,24 MHz,105.762,750 KHz,11.8,7,750,-1,750,100.914,Calibration,36,-30
W50A000F,touch_1.7.0Beta1,6/11/2025 11:22:54,SSTDR,24,4,RG-58/U 50 ohm coax,0.66,None,Standard,0,0,24 MHz,105.762,750 KHz,11.8,7,750,-1,750,100.914,Calibration,37,7
W50A000F,touch_1.7.0Beta1,6/11/2025 11:22:54,SSTDR,24,4,RG-58/U 50 ohm coax,0.66,None,Standard,0,0,24 MHz,105.762,750 KHz,11.8,7,750,-1,750,100.914,Calibration,38,9
W50A000F,touch_1.7.0Beta1,6/11/2025 11:22:54,SSTDR,24,4,RG-58/U 50 ohm coax,0.66,None,Standard,0,0,24 MHz,105.762,750 KHz,11.8,7,750,-1,750,100.914,Calibration,39,-33
W50A000F,touch_1.7.0Beta1,6/11/2025 11:22:54,SSTDR,24,4,RG-58/U 50 ohm coax,0.66,None,Standard,0,0,24 MHz,105.762,750 KHz,11.8,7,750,-1,750,100.914,Calibration,40,-34
W50A000F,touch_1.7.0Beta1,6/11/2025 11:22:54,SSTDR,24,4,RG-58/U 50 ohm coax,0.66,None,Standard,0,0,24 MHz,105.762,750 KHz,11.8,7,750,-1,750,100.914,Calibration,41,39
W50A000F,touch_1.7.0Beta1,6/11/2025 11:22:54,SSTDR,24,4,RG-58/U 50 ohm coax,0.66,None,Standard,0,0,24 MHz,105.762,750 KHz,11.8,7,750,-1,750,100.914,Calibration,42,-18
W50A000F,touch_1.7.0Beta1,6/11/2025 11:22:54,SSTDR,24,4,RG-58/U 50 ohm coax,0.66,None,Standard,0,0,24 MHz,105.762,750 KHz,11.8,7,750,-1,750,100.914,Calibration,43,-79
W50A000F,touch_1.7.0Beta1,6/11/2025 11:22:54,SSTDR,24,4,RG-58/U 50 ohm coax,0.66,None,Standard,0,0,24 MHz,105.762,750 KHz,11.8,7,750,-1,750,100.914,Calibration,44,-85
W50A000F,touch_1.7.0Beta1,6/11/2025 11:22:54,SSTDR,24,4,RG-58/U 50 ohm coax,0.66,None,Standard,0,0,24 MHz,105.762,750 KHz,11.8,7,750,-1,750,100.914,Calibration,45,-48
W50A000F,touch_1.7.0Beta1,6/11/2025 11:22:54,SSTDR,24,4,RG-58/U 50 ohm coax,0.66,None,Standard,0,0,24 MHz,105.762,750 KHz,11.8,7,750,-1,750,100.914,Calibration,46,10
W50A000F,touch_1.7.0Beta1,6/11/2025 11:22:54,SSTDR,24,4,RG-58/U 50 ohm coax,0.66,None,Standard,0,0,24 MHz,105.762,750 KHz,11.8,7,750,-1,750,100.914,Calibration,47,-67
W50A000F,touch_1.7.0Beta1,6/11/2025 11:22:54,SSTDR,24,4,RG-58/U 50 ohm coax,0.66,None,Standard,0,0,24 MHz,105.762,750 KHz,11.8,7,750,-1,750,100.914,Calibration,48,-65
W50A000F,touch_1.7.0Beta1,6/11/2025 11:22:54,SSTDR,24,4,RG-58/U 50 ohm coax,0.66,None,Standard,0,0,24 MHz,105.762,750 KHz,11.8,7,750,-1,750,100.914,Calibration,49,-2
W50A000F,touch_1.7.0Beta1,6/11/2025 11:22:54,SSTDR,24,4,RG-58/U 50 ohm coax,0.66,None,Standard,0,0,24 MHz,105.762,750 KHz,11.8,7,750,-1,750,100.914,Calibration,50,75
W50A000F,touch_1.7.0Beta1,6/11/2025 11:22:54,SSTDR,24,4,RG-58/U 50 ohm coax,0.66,None,Standard,0,0,24 MHz,105.762,750 KHz,11.8,7,750,-1,750,100.914,Calibration,51,-41
W50A000F,touch_1.7.0Beta1,6/11/2025 11:22:54,SSTDR,24,4,RG-58/U 50 ohm coax,0.66,None,Standard,0,0,24 MHz,105.762,750 KHz,11.8,7,750,-1,750,100.914,Calibration,52,-63
W50A000F,touch_1.7.0Beta1,6/11/2025 11:22:54,SSTDR,24,4,RG-58/U 50 ohm coax,0.66,None,Standard,0,0,24 MHz,105.762,750 KHz,11.8,7,750,-1,750,100.914,Calibration,53,-97
W50A000F,touch_1.7.0Beta1,6/11/2025 11:22:54,SSTDR,24,4,RG-58/U 50 ohm coax,0.66,None,Standard,0,0,24 MHz,105.762,750 KHz,11.8,7,750,-1,750,100.914,Calibration,54,-28
W50A000F,touch_1.7.0Beta1,6/11/2025 11:22:54,SSTDR,24,4,RG-58/U 50 ohm coax,0.66,None,Standard,0,0,24 MHz,105.762,750 KHz,11.8,7,750,-1,750,100.914,Calibration,55,-23
W50A000F,touch_1.7.0Beta1,6/11/2025 11:22:54,SSTDR,24,4,RG-58/U 50 ohm coax,0.66,None,Standard,0,0,24 MHz,105.762,750 KHz,11.8,7,750,-1,750,100.914,Calibration,56,-21
W50A000F,touch_1.7.0Beta1,6/11/2025 11:22:54,SSTDR,24,4,RG-58/U 50 ohm coax,0.66,None,Standard,0,0,24 MHz,105.762,750 KHz,11.8,7,750,-1,750,100.914,Calibration,57,8
W50A000F,touch_1.7.0Beta1,6/11/2025 11:22:54,SSTDR,24,4,RG-58/U 50 ohm coax,0.66,None,Standard,0,0,24 MHz,105.762,750 KHz,11.8,7,750,-1,750,100.914,Calibration,58,0
W50A000F,touch_1.7.0Beta1,6/11/2025 11:22:54,SSTDR,24,4,RG-58/U 50 ohm coax,0.66,None,Standard,0,0,24 MHz,105.762,750 KHz,11.8,7,750,-1,750,100.914,Calibration,59,-5
W50A000F,touch_1.7.0Beta1,6/11/2025 11:22:54,SSTDR,24,4,RG-58/U 50 ohm coax,0.66,None,Standard,0,0,24 MHz,105.762,750 KHz,11.8,7,750,-1,750,100.914,Calibration,60,-134
W50A000F,touch_1.7.0Beta1,6/11/2025 11:22:54,SSTDR,24,4,RG-58/U 50 ohm coax,0.66,None,Standard,0,0,24 MHz,105.762,750 KHz,11.8,7,750,-1,750,100.914,Calibration,61,30
W50A000F,touch_1.7.0Beta1,6/11/2025 11:22:54,SSTDR,24,4,RG-58/U 50 ohm coax,0.66,None,Standard,0,0,24 MHz,105.762,750 KHz,11.8,7,750,-1,750,100.914,Calibration,62,-32
W50A000F,touch_1.7.0Beta1,6/11/2025 11:22:54,SSTDR,24,4,RG-58/U 50 ohm coax,0.66,None,Standard,0,0,24 MHz,105.762,750 KHz,11.8,7,750,-1,750,100.914,Calibration,63,-178
W50A000F,touch_1.7.0Beta1,6/11/2025 11:22:54,SSTDR,24,4,RG-58/U 50 ohm coax,0.66,None,Standard,0,0,24 MHz,105.762,750 KHz,11.8,7,750,-1,750,100.914,Calibration,64,-103
W50A000F,touch_1.7.0Beta1,6/11/2025 11:22:54,SSTDR,24,4,RG-58/U 50 ohm coax,0.66,None,Standard,0,0,24 MHz,105.762,750 KHz,11.8,7,750,-1,750,100.914,Calibration,65,-34
W50A000F,touch_1.7.0Beta1,6/11/2025 11:22:54,SSTDR,24,4,RG-58/U 50 ohm coax,0.66,None,Standard,0,0,24 MHz,105.762,750 KHz,11.8,7,750,-1,750,100.914,Calibration,66,73
W50A000F,touch_1.7.0Beta1,6/11/2025 11:22:54,SSTDR,24,4,RG-58/U 50 ohm coax,0.66,None,Standard,0,0,24 MHz,105.762,750 KHz,11.8,7,750,-1,750,100.914,Calibration,67,-26
W50A000F,touch_1.7.0Beta1,6/11/2025 11:22:54,SSTDR,24,4,RG-58/U 50 ohm coax,0.66,None,Standard,0,0,24 MHz,105.762,750 KHz,11.8,7,750,-1,750,100.914,Calibration,68,-54
W50A000F,touch_1.7.0Beta1,6/11/2025 11:22:54,SSTDR,24,4,RG-58/U 50 ohm coax,0.66,None,Standard,0,0,24 MHz,105.762,750 KHz,11.8,7,750,-1,750,100.914,Calibration,69,-50
W50A000F,touch_1.7.0Beta1,6/11/2025 11:22:54,SSTDR,24,4,RG-58/U 50 ohm coax,0.66,None,Standard,0,0,24 MHz,105.762,750 KHz,11.8,7,750,-1,750,100.914,Calibration,70,64
W50A000F,touch_1.7.0Beta1,6/11/2025 11:22:54,SSTDR,24,4,RG-58/U 50 ohm coax,0.66,None,Standard,0,0,24 MHz,105.762,750 KHz,11.8,7,750,-1,750,100.914,Calibration,71,-26
W50A000F,touch_1.7.0Beta1,6/11/2025 11:22:54,SSTDR,24,4,RG-58/U 50 ohm coax,0.66,None,Standard,0,0,24 MHz,105.762,750 KHz,11.8,7,750,-1,750,100.914,Calibration,72,-65
W50A000F,touch_1.7.0Beta1,6/11/2025 11:22:54,SSTDR,24,4,RG-58/U 50 ohm coax,0.66,None,Standard,0,0,24 MHz,105.762,750 KHz,11.8,7,750,-1,750,100.914,Calibration,73,217
W50A000F,touch_1.7.0Beta1,6/11/2025 11:22:54,SSTDR,24,4,RG-58/U 50 ohm coax,0.66,None,Standard,0,0,24 MHz,105.762,750 KHz,11.8,7,750,-1,750,100.914,Calibration,74,75
W50A000F,touch_1.7.0Beta1,6/11/2025 11:22:54,SSTDR,24,4,RG-58/U 50 ohm coax,0.66,None,Standard,0,0,24 MHz,105.762,750 KHz,11.8,7,750,-1,750,100.914,Calibration,75,-49
W50A000F,touch_1.7.0Beta1,6/11/2025 11:22:54,SSTDR,24,4,RG-58/U 50 ohm coax,0.66,None,Standard,0,0,24 MHz,105.762,750 KHz,11.8,7,750,-1,750,100.914,Calibration,76,-181
W50A000F,touch_1.7.0Beta1,6/11/2025 11:22:54,SSTDR,24,4,RG-58/U 50 ohm coax,0.66,None,Standard,0,0,24 MHz,105.762,750 KHz,11.8,7,750,-1,750,100.914,Calibration,77,-25
W50A000F,touch_1.7.0Beta1,6/11/2025 11:22:54,SSTDR,24,4,RG-58/U 50 ohm coax,0.66,None,Standard,0,0,24 MHz,105.762,750 KHz,11.8,7,750,-1,750,100.914,Calibration,78,87
W50A000F,touch_1.7.0Beta1,6/11/2025 11:22:54,SSTDR,24,4,RG-58/U 50 ohm coax,0.66,None,Standard,0,0,24 MHz,105.762,750 KHz,11.8,7,750,-1,750,100.914,Calibration,79,28
W50A000F,touch_1.7.0Beta1,6/11/2025 11:22:54,SSTDR,24,4,RG-58/U 50 ohm coax,0.66,None,Standard,0,0,24 MHz,105.762,750 KHz,11.8,7,750,-1,750,100.914,Calibration,80,-28
W50A000F,touch_1.7.0Beta1,6/11/2025 11:22:54,SSTDR,24,4,RG-58/U 50 ohm coax,0.66,None,Standard,0,0,24 MHz,105.762,750 KHz,11.8,7,750,-1,750,100.914,Calibration,81,-37
W50A000F,touch_1.7.0Beta1,6/11/2025 11:22:54,SSTDR,24,4,RG-58/U 50 ohm coax,0.66,None,Standard,0,0,24 MHz,105.762,750 KHz,11.8,7,750,-1,750,100.914,Calibration,82,7
W50A000F,touch_1.7.0Beta1,6/11/2025 11:22:54,SSTDR,24,4,RG-58/U 50 ohm coax,0.66,None,Standard,0,0,24 MHz,105.762,750 KHz,11.8,7,750,-1,750,100.914,Calibration,83,-52
W50A000F,touch_1.7.0Beta1,6/11/2025 11:22:54,SSTDR,24,4,RG-58/U 50 ohm coax,0.66,None,Standard,0,0,24 MHz,105.762,750 KHz,11.8,7,750,-1,750,100.914,Calibration,84,-19
W50A000F,touch_1.7.0Beta1,6/11/2025 11:22:54,SSTDR,24,4,RG-58/U 50 ohm coax,0.66,None,Standard,0,0,24 MHz,105.762,750 KHz,11.8,7,750,-1,750,100.914,Calibration,85,-3
W50A000F,touch_1.7.0Beta1,6/11/2025 11:22:54,SSTDR,24,4,RG-58/U 50 ohm coax,0.66,None,Standard,0,0,24 MHz,105.762,750 KHz,11.8,7,750,-1,750,100.914,Calibration,86,33
W50A000F,touch_1.7.0Beta1,6/11/2025 11:22:54,SSTDR,24,4,RG-58/U 50 ohm coax,0.66,None,Standard,0,0,24 MHz,105.762,750 KHz,11.8,7,750,-1,750,100.914,Calibration,87,-82
W50A000F,touch_1.7.0Beta1,6/11/2025 11:22:54,SSTDR,24,4,RG-58/U 50 ohm coax,0.66,None,Standard,0,0,24 MHz,105.762,750 KHz,11.8,7,750,-1,750,100.914,Calibration,88,-66
W50A000F,touch_1.7.0Beta1,6/11/2025 11:22:54,SSTDR,24,4,RG-58/U 50 ohm coax,0.66,None,Standard,0,0,24 MHz,105.762,750 KHz,11.8,7,750,-1,750,100.914,Calibration,89,0
W50A000F,touch_1.7.0Beta1,6/11/2025 11:22:54,SSTDR,24,4,RG-58/U 50 ohm coax,0.66,None,Standard,0,0,24 MHz,105.762,750 KHz,11.8,7,750,-1,750,100.914,Calibration,90,0
W50A000F,touch_1.7.0Beta1,6/11/2025 11:22:54,SSTDR,24,4,RG-58/U 50 ohm coax,0.66,None,Standard,0,0,24 MHz,105.762,750 KHz,11.8,7,750,-1,750,100.914,Calibration,91,0
W50A000F,touch_1.7.0Beta1,6/11/2025 11:22:54,SSTDR,24,4,RG-58/U 50 ohm coax,0.66,None,Standard,0,0,24 MHz,105.762,750 KHz,11.8,7,750,-1,750,100.914,Calibration,92,0
W50A000F,touch_1.7.0Beta1,6/11/2025 11:22:54,SSTDR,24,4,RG-58/U 50 ohm coax,0.66,None,Standard,0,0,24 MHz,105.762,750 KHz,11.8,7,750,-1,750,100.914,Calibration,93,0
W50A000F,touch_1.7.0Beta1,6/11/2025 11:22:54,SSTDR,24,4,RG-58/U 50 ohm coax,0.66,None,Standard,0,0,24 MHz,105.762,750 KHz,11.8,7,750,-1,750,100.914,Calibration,94,0
W50A000F,touch_1.7.0Beta1,6/11/2025 11:22:54,SSTDR,24,4,RG-58/U 50 ohm coax,0.66,None,Standard,0,0,24 MHz,105.762,750 KHz,11.8,7,750,-1,750,100.914,Calibration,95,0
W50A000F,touch_1.7.0Beta1,6/11/2025 11:22:54,SSTDR,24,4,RG-58/U 50 ohm coax,0.66,None,Standard,0,0,24 MHz,105.762,750 KHz,11.8,7,750,-1,750,100.914,Calibration,96,0
W50A000F,touch_1.7.0Beta1,6/11/2025 11:22:54,SSTDR,24,4,RG-58/U 50 ohm coax,0.66,None,Standard,0,0,24 MHz,105.762,750 KHz,11.8,7,750,-1,750,100.914,Calibration,97,0
W50A000F,touch_1.7.0Beta1,6/11/2025 11:22:54,SSTDR,24,4,RG-58/U 50 ohm coax,0.66,None,Standard,0,0,24 MHz,105.762,750 KHz,11.8,7,750,-1,750,100.914,Calibration,98,0
W50A000F,touch_1.7.0Beta1,6/11/2025 11:22:54,SSTDR,24,4,RG-58/U 50 ohm coax,0.66,None,Standard,0,0,24 MHz,105.762,750 KHz,11.8,7,750,-1,750,100.914,Calibration,99,0
W50A000F,touch_1.7.0Beta1,6/11/2025 11:22:54,SSTDR,24,4,RG-58/U 50 ohm coax,0.66,None,Standard,0,0,24 MHz,105.762,750 KHz,11.8,7,750,-1,750,100.914,Calibration,100,0
W50A000F,touch_1.7.0Beta1,6/11/2025 11:22:54,SSTDR,24,4,RG-58/U 50 ohm coax,0.66,None,Standard,0,0,24 MHz,105.762,750 KHz,11.8,7,750,-1,750,100.914,Calibration,101,0
W50A000F,touch_1.7.0Beta1,6/11/2025 11:22:54,SSTDR,24,4,RG-58/U 50 ohm coax,0.66,None,Standard,0,0,24 MHz,105.762,750 KHz,11.8,7,750,-1,750,100.914,Calibration,102,0
W50A000F,touch_1.7.0Beta1,6/11/2025 11:22:54,SSTDR,24,4,RG-58/U 50 ohm coax,0.66,None,Standard,0,0,24 MHz,105.762,750 KHz,11.8,7,750,-1,750,100.914,Calibration,103,0
W50A000F,touch_1.7.0Beta1,6/11/2025 11:22:54,SSTDR,24,4,RG-58/U 50 ohm coax,0.66,None,Standard,0,0,24 MHz,105.762,750 KHz,11.8,7,750,-1,750,100.914,Calibration,104,0
W50A000F,touch_1.7.0Beta1,6/11/2025 11:22:54,SSTDR,24,4,RG-58/U 50 ohm coax,0.66,None,Standard,0,0,24 MHz,105.762,750 KHz,11.8,7,750,-1,750,100.914,Calibration,105,0
W50A000F,touch_1.7.0Beta1,6/11/2025 11:22:54,SSTDR,24,4,RG-58/U 50 ohm coax,0.66,None,Standard,0,0,24 MHz,105.762,750 KHz,11.8,7,750,-1,750,100.914,Calibration,106,0
W50A000F,touch_1.7.0Beta1,6/11/2025 11:22:54,SSTDR,24,4,RG-58/U 50 ohm coax,0.66,None,Standard,0,0,24 MHz,105.762,750 KHz,11.8,7,750,-1,750,100.914,Calibration,107,0
W50A000F,touch_1.7.0Beta1,6/11/2025 11:22:54,SSTDR,24,4,RG-58/U 50 ohm coax,0.66,None,Standard,0,0,24 MHz,105.762,750 KHz,11.8,7,750,-1,750,100.914,Calibration,108,0
W50A000F,touch_1.7.0Beta1,6/11/2025 11:22:54,SSTDR,24,4,RG-58/U 50 ohm coax,0.66,None,Standard,0,0,24 MHz,105.762,750 KHz,11.8,7,750,-1,750,100.914,Calibration,109,0
W50A000F,touch_1.7.0Beta1,6/11/2025 11:22:54,SSTDR,24,4,RG-58/U 50 ohm coax,0.66,None,Standard,0,0,24 MHz,105.762,750 KHz,11.8,7,750,-1,750,100.914,Calibration,110,0
W50A000F,touch_1.7.0Beta1,6/11/2025 11:22:54,SSTDR,24,4,RG-58/U 50 ohm coax,0.66,None,Standard,0,0,24 MHz,105.762,750 KHz,11.8,7,750,-1,750,100.914,Calibration,111,0
W50A000F,touch_1.7.0Beta1,6/11/2025 11:22:54,SSTDR,24,4,RG-58/U 50 ohm coax,0.66,None,Standard,0,0,24 MHz,105.762,750 KHz,11.8,7,750,-1,750,100.914,Calibration,112,0
W50A000F,touch_1.7.0Beta1,6/11/2025 11:22:54,SSTDR,24,4,RG-58/U 50 ohm coax,0.66,None,Standard,0,0,24 MHz,105.762,750 KHz,11.8,7,750,-1,750,100.914,Waveform,1,-29.000000000001
W50A000F,touch_1.7.0Beta1,6/11/2025 11:22:54,SSTDR,24,4,RG-58/U 50 ohm coax,0.66,None,Standard,0,0,24 MHz,105.762,750 KHz,11.8,7,750,-1,750,100.914,Waveform,1.25,-120.289708025046
W50A000F,touch_1.7.0Beta1,6/11/2025 11:22:54,SSTDR,24,4,RG-58/U 50 ohm coax,0.66,None,Standard,0,0,24 MHz,105.762,750 KHz,11.8,7,750,-1,750,100.914,Waveform,1.5,-166.955763548769
W50A000F,touch_1.7.0Beta1,6/11/2025 11:22:54,SSTDR,24,4,RG-58/U 50 ohm coax,0.66,None,Standard,0,0,24 MHz,105.762,750 KHz,11.8,7,750,-1,750,100.914,Waveform,1.75,-137.944540072714
W50A000F,touch_1.7.0Beta1,6/11/2025 11:22:54,SSTDR,24,4,RG-58/U 50 ohm coax,0.66,None,Standard,0,0,24 MHz,105.762,750 KHz,11.8,7,750,-1,750,100.914,Waveform,2,-44.0000000000015
W50A000F,touch_1.7.0Beta1,6/11/2025 11:22:54,SSTDR,24,4,RG-58/U 50 ohm coax,0.66,None,Standard,0,0,24 MHz,105.762,750 KHz,11.8,7,750,-1,750,100.914,Waveform,2.25,66.6875995884381
W50A000F,touch_1.7.0Beta1,6/11/2025 11:22:54,SSTDR,24,4,RG-58/U 50 ohm coax,0.66,None,Standard,0,0,24 MHz,105.762,750 KHz,11.8,7,750,-1,750,100.914,Waveform,2.5,134.705650220708
W50A000F,touch_1.7.0Beta1,6/11/2025 11:22:54,SSTDR,24,4,RG-58/U 50 ohm coax,0.66,None,Standard,0,0,24 MHz,105.762,750 KHz,11.8,7,750,-1,750,100.914,Waveform,2.75,123.367543118153
W50A000F,touch_1.7.0Beta1,6/11/2025 11:22:54,SSTDR,24,4,RG-58/U 50 ohm coax,0.66,None,Standard,0,0,24 MHz,105.762,750 KHz,11.8,7,750,-1,750,100.914,Waveform,3,40.9999999999988
W50A000F,touch_1.7.0Beta1,6/11/2025 11:22:54,SSTDR,24,4,RG-58/U 50 ohm coax,0.66,None,Standard,0,0,24 MHz,105.762,750 KHz,11.8,7,750,-1,750,100.914,Waveform,3.25,-62.1321685833566
W50A000F,touch_1.7.0Beta1,6/11/2025 11:22:54,SSTDR,24,4,RG-58/U 50 ohm coax,0.66,None,Standard,0,0,24 MHz,105.762,750 KHz,11.8,7,750,-1,750,100.914,Waveform,3.5,-121.979373488407
W50A000F,touch_1.7.0Beta1,6/11/2025 11:22:54,SSTDR,24,4,RG-58/U 50 ohm coax,0.66,None,Standard,0,0,24 MHz,105.762,750 KHz,11.8,7,750,-1,750,100.914,Waveform,3.75,-98.9188536540182
W50A000F,touch_1.7.0Beta1,6/11/2025 11:22:54,SSTDR,24,4,RG-58/U 50 ohm coax,0.66,None,Standard,0,0,24 MHz,105.762,750 KHz,11.8,7,750,-1,750,100.914,Waveform,4,-3.99999999999981
W50A000F,touch_1.7.0Beta1,6/11/2025 11:22:54,SSTDR,24,4,RG-58/U 50 ohm coax,0.66,None,Standard,0,0,24 MHz,105.762,750 KHz,11.8,7,750,-1,750,100.914,Waveform,4.25,103.459442339816
W50A000F,touch_1.7.0Beta1,6/11/2025 11:22:54,SSTDR,24,4,RG-58/U 50 ohm coax,0.66,None,Standard,0,0,24 MHz,105.762,750 KHz,11.8,7,750,-1,750,100.914,Waveform,4.5,148.075718991121
W50A000F,touch_1.7.0Beta1,6/11/2025 11:22:54,SSTDR,24,4,RG-58/U 50 ohm coax,0.66,None,Standard,0,0,24 MHz,105.762,750 KHz,11.8,7,750,-1,750,100.914,Waveform,4.75,84.0058292273861
W50A000F,touch_1.7.0Beta1,6/11/2025 11:22:54,SSTDR,24,4,RG-58/U 50 ohm coax,0.66,None,Standard,0,0,24 MHz,105.762,750 KHz,11.8,7,750,-1,750,100.914,Waveform,5,-71.9999999999992
W50A000F,touch_1.7.0Beta1,6/11/2025 11:22:54,SSTDR,24,4,RG-58/U 50 ohm coax,0.66,None,Standard,0,0,24 MHz,105.762,750 KHz,11.8,7,750,-1,750,100.914,Waveform,5.25,-241.398362038715
W50A000F,touch_1.7.0Beta1,6/11/2025 11:22:54,SSTDR,24,4,RG-58/U 50 ohm coax,0.66,None,Standard,0,0,24 MHz,105.762,750 KHz,11.8,7,750,-1,750,100.914,Waveform,5.5,-322.264901904652
W50A000F,touch_1.7.0Beta1,6/11/2025 11:22:54,SSTDR,24,4,RG-58/U 50 ohm coax,0.66,None,Standard,0,0,24 MHz,105.762,750 KHz,11.8,7,750,-1,750,100.914,Waveform,5.75,-247.467655324481
W50A000F,touch_1.7.0Beta1,6/11/2025 11:22:54,SSTDR,24,4,RG-58/U 50 ohm coax,0.66,None,Standard,0,0,24 MHz,105.762,750 KHz,11.8,7,750,-1,750,100.914,Waveform,6,-30.9999999999994
W50A000F,touch_1.7.0Beta1,6/11/2025 11:22:54,SSTDR,24,4,RG-58/U 50 ohm coax,0.66,None,Standard,0,0,24 MHz,105.762,750 KHz,11.8,7,750,-1,750,100.914,Waveform,6.25,226.383360829704
W50A000F,touch_1.7.0Beta1,6/11/2025 11:22:54,SSTDR,24,4,RG-58/U 50 ohm coax,0.66,None,Standard,0,0,24 MHz,105.762,750 KHz,11.8,7,750,-1,750,100.914,Waveform,6.5,381.610743089138
W50A000F,touch_1.7.0Beta1,6/11/2025 11:22:54,SSTDR,24,4,RG-58/U 50 ohm coax,0.66,None,Standard,0,0,24 MHz,105.762,750 KHz,11.8,7,750,-1,750,100.914,Waveform,6.75,326.037055606753
W50A000F,touch_1.7.0Beta1,6/11/2025 11:22:54,SSTDR,24,4,RG-58/U 50 ohm coax,0.66,None,Standard,0,0,24 MHz,105.762,750 KHz,11.8,7,750,-1,750,100.914,Waveform,7,55.9999999999986
W50A000F,touch_1.7.0Beta1,6/11/2025 11:22:54,SSTDR,24,4,RG-58/U 50 ohm coax,0.66,None,Standard,0,0,24 MHz,105.762,750 KHz,11.8,7,750,-1,750,100.914,Waveform,7.25,-303.555650270628
W50A000F,touch_1.7.0Beta1,6/11/2025 11:22:54,SSTDR,24,4,RG-58/U 50 ohm coax,0.66,None,Standard,0,0,24 MHz,105.762,750 KHz,11.8,7,750,-1,750,100.914,Waveform,7.5,-543.775291994787
W50A000F,touch_1.7.0Beta1,6/11/2025 11:22:54,SSTDR,24,4,RG-58/U 50 ohm coax,0.66,None,Standard,0,0,24 MHz,105.762,750 KHz,11.8,7,750,-1,750,100.914,Waveform,7.75,-473.400910070626
W50A000F,touch_1.7.0Beta1,6/11/2025 11:22:54,SSTDR,24,4,RG-58/U 50 ohm coax,0.66,None,Standard,0,0,24 MHz,105.762,750 KHz,11.8,7,750,-1,750,100.914,Waveform,8,-35.000000000001
W50A000F,touch_1.7.0Beta1,6/11/2025 11:22:54,SSTDR,24,4,RG-58/U 50 ohm coax,0.66,None,Standard,0,0,24 MHz,105.762,750 KHz,11.8,7,750,-1,750,100.914,Waveform,8.25,618.530117334622
W50A000F,touch_1.7.0Beta1,6/11/2025 11:22:54,SSTDR,24,4,RG-58/U 50 ohm coax,0.66,None,Standard,0,0,24 MHz,105.762,750 KHz,11.8,7,750,-1,750,100.914,Waveform,8.5,1128.17250601259
W50A000F,touch_1.7.0Beta1,6/11/2025 11:22:54,SSTDR,24,4,RG-58/U 50 ohm coax,0.66,None,Standard,0,0,24 MHz,105.762,750 KHz,11.8,7,750,-1,750,100.914,Waveform,8.75,1020.54262514282
W50A000F,touch_1.7.0Beta1,6/11/2025 11:22:54,SSTDR,24,4,RG-58/U 50 ohm coax,0.66,None,Standard,0,0,24 MHz,105.762,750 KHz,11.8,7,750,-1,750,100.914,Waveform,9,-145.000000000001
W50A000F,touch_1.7.0Beta1,6/11/2025 11:22:54,SSTDR,24,4,RG-58/U 50 ohm coax,0.66,None,Standard,0,0,24 MHz,105.762,750 KHz,11.8,7,750,-1,750,100.914,Waveform,9.25,-2630.97236501599
W50A000F,touch_1.7.0Beta1,6/11/2025 11:22:54,SSTDR,24,4,RG-58/U 50 ohm coax,0.66,None,Standard,0,0,24 MHz,105.762,750 KHz,11.8,7,750,-1,750,100.914,Waveform,9.5,-6433.59028882625
W50A000F,touch_1.7.0Beta1,6/11/2025 11:22:54,SSTDR,24,4,RG-58/U 50 ohm coax,0.66,None,Standard,0,0,24 MHz,105.762,750 KHz,11.8,7,750,-1,750,100.914,Waveform,9.75,-11279.7938525549
W50A000F,touch_1.7.0Beta1,6/11/2025 11:22:54,SSTDR,24,4,RG-58/U 50 ohm coax,0.66,None,Standard,0,0,24 MHz,105.762,750 KHz,11.8,7,750,-1,750,100.914,Waveform,10,-16698
W50A000F,touch_1.7.0Beta1,6/11/2025 11:22:54,SSTDR,24,4,RG-58/U 50 ohm coax,0.66,None,Standard,0,0,24 MHz,105.762,750 KHz,11.8,7,750,-1,750,100.914,Waveform,10.25,-22119.7828989168
W50A000F,touch_1.7.0Beta1,6/11/2025 11:22:54,SSTDR,24,4,RG-58/U 50 ohm coax,0.66,None,Standard,0,0,24 MHz,105.762,750 KHz,11.8,7,750,-1,750,100.914,Waveform,10.5,-26962.6351516927
W50A000F,touch_1.7.0Beta1,6/11/2025 11:22:54,SSTDR,24,4,RG-58/U 50 ohm coax,0.66,None,Standard,0,0,24 MHz,105.762,750 KHz,11.8,7,750,-1,750,100.914,Waveform,10.75,-30664.6571389538
W50A000F,touch_1.7.0Beta1,6/11/2025 11:22:54,SSTDR,24,4,RG-58/U 50 ohm coax,0.66,None,Standard,0,0,24 MHz,105.762,750 KHz,11.8,7,750,-1,750,100.914,Waveform,11,-32679
W50A000F,touch_1.7.0Beta1,6/11/2025 11:22:54,SSTDR,24,4,RG-58/U 50 ohm coax,0.66,None,Standard,0,0,24 MHz,105.762,750 KHz,11.8,7,750,-1,750,100.914,Waveform,11.25,-32468.3037085279
W50A000F,touch_1.7.0Beta1,6/11/2025 11:22:54,SSTDR,24,4,RG-58/U 50 ohm coax,0.66,None,Standard,0,0,24 MHz,105.762,750 KHz,11.8,7,750,-1,750,100.914,Waveform,11.5,-29547.7590908181
W50A000F,touch_1.7.0Beta1,6/11/2025 11:22:54,SSTDR,24,4,RG-58/U 50 ohm coax,0.66,None,Standard,0,0,24 MHz,105.762,750 KHz,11.8,7,750,-1,750,100.914,Waveform,11.75,-23602.2863461065
W50A000F,touch_1.7.0Beta1,6/11/2025 11:22:54,SSTDR,24,4,RG-58/U 50 ohm coax,0.66,None,Standard,0,0,24 MHz,105.762,750 KHz,11.8,7,750,-1,750,100.914,Waveform,12,-14658
W50A000F,touch_1.7.0Beta1,6/11/2025 11:22:54,SSTDR,24,4,RG-58/U 50 ohm coax,0.66,None,Standard,0,0,24 MHz,105.762,750 KHz,11.8,7,750,-1,750,100.914,Waveform,12.25,-3243.09968224026
W50A000F,touch_1.7.0Beta1,6/11/2025 11:22:54,SSTDR,24,4,RG-58/U 50 ohm coax,0.66,None,Standard,0,0,24 MHz,105.762,750 KHz,11.8,7,750,-1,750,100.914,Waveform,12.5,9546.5673600064
W50A000F,touch_1.7.0Beta1,6/11/2025 11:22:54,SSTDR,24,4,RG-58/U 50 ohm coax,0.66,None,Standard,0,0,24 MHz,105.762,750 KHz,11.8,7,750,-1,750,100.914,Waveform,12.75,22142.25904038
W50A000F,touch_1.7.0Beta1,6/11/2025 11:22:54,SSTDR,24,4,RG-58/U 50 ohm coax,0.66,None,Standard,0,0,24 MHz,105.762,750 KHz,11.8,7,750,-1,750,100.914,Waveform,13,32767
W50A000F,touch_1.7.0Beta1,6/11/2025 11:22:54,SSTDR,24,4,RG-58/U 50 ohm coax,0.66,None,Standard,0,0,24 MHz,105.762,750 KHz,11.8,7,750,-1,750,100.914,Waveform,13.25,39810.7300595952
W50A000F,touch_1.7.0Beta1,6/11/2025 11:22:54,SSTDR,24,4,RG-58/U 50 ohm coax,0.66,None,Standard,0,0,24 MHz,105.762,750 KHz,11.8,7,750,-1,750,100.914,Waveform,13.5,42204.3382829614
W50A000F,touch_1.7.0Beta1,6/11/2025 11:22:54,SSTDR,24,4,RG-58/U 50 ohm coax,0.66,None,Standard,0,0,24 MHz,105.762,750 KHz,11.8,7,750,-1,750,100.914,Waveform,13.75,39670.4378155131
W50A000F,touch_1.7.0Beta1,6/11/2025 11:22:54,SSTDR,24,4,RG-58/U 50 ohm coax,0.66,None,Standard,0,0,24 MHz,105.762,750 KHz,11.8,7,750,-1,750,100.914,Waveform,14,32767
W50A000F,touch_1.7.0Beta1,6/11/2025 11:22:54,SSTDR,24,4,RG-58/U 50 ohm coax,0.66,None,Standard,0,0,24 MHz,105.762,750 KHz,11.8,7,750,-1,750,100.914,Waveform,14.25,22712.6036226538
W50A000F,touch_1.7.0Beta1,6/11/2025 11:22:54,SSTDR,24,4,RG-58/U 50 ohm coax,0.66,None,Standard,0,0,24 MHz,105.762,750 KHz,11.8,7,750,-1,750,100.914,Waveform,14.5,11059.1293921138
W50A000F,touch_1.7.0Beta1,6/11/2025 11:22:54,SSTDR,24,4,RG-58/U 50 ohm coax,0.66,None,Standard,0,0,24 MHz,105.762,750 KHz,11.8,7,750,-1,750,100.914,Waveform,14.75,-672.785321861988
W50A000F,touch_1.7.0Beta1,6/11/2025 11:22:54,SSTDR,24,4,RG-58/U 50 ohm coax,0.66,None,Standard,0,0,24 MHz,105.762,750 KHz,11.8,7,750,-1,750,100.914,Waveform,15,-11278
W50A000F,touch_1.7.0Beta1,6/11/2025 11:22:54,SSTDR,24,4,RG-58/U 50 ohm coax,0.66,None,Standard,0,0,24 MHz,105.762,750 KHz,11.8,7,750,-1,750,100.914,Waveform,15.25,-19997.0189105678
W50A000F,touch_1.7.0Beta1,6/11/2025 11:22:54,SSTDR,24,4,RG-58/U 50 ohm coax,0.66,None,Standard,0,0,24 MHz,105.762,750 KHz,11.8,7,750,-1,750,100.914,Waveform,15.5,-26486.6385495247
W50A000F,touch_1.7.0Beta1,6/11/2025 11:22:54,SSTDR,24,4,RG-58/U 50 ohm coax,0.66,None,Standard,0,0,24 MHz,105.762,750 KHz,11.8,7,750,-1,750,100.914,Waveform,15.75,-30687.9101261139
W50A000F,touch_1.7.0Beta1,6/11/2025 11:22:54,SSTDR,24,4,RG-58/U 50 ohm coax,0.66,None,Standard,0,0,24 MHz,105.762,750 KHz,11.8,7,750,-1,750,100.914,Waveform,16,-32678
W50A000F,touch_1.7.0Beta1,6/11/2025 11:22:54,SSTDR,24,4,RG-58/U 50 ohm coax,0.66,None,Standard,0,0,24 MHz,105.762,750 KHz,11.8,7,750,-1,750,100.914,Waveform,16.25,-32579.9564016444
W50A000F,touch_1.7.0Beta1,6/11/2025 11:22:54,SSTDR,24,4,RG-58/U 50 ohm coax,0.66,None,Standard,0,0,24 MHz,105.762,750 KHz,11.8,7,750,-1,750,100.914,Waveform,16.5,-30559.5181515698
W50A000F,touch_1.7.0Beta1,6/11/2025 11:22:54,SSTDR,24,4,RG-58/U 50 ohm coax,0.66,None,Standard,0,0,24 MHz,105.762,750 KHz,11.8,7,750,-1,750,100.914,Waveform,16.75,-26885.0890889215
W50A000F,touch_1.7.0Beta1,6/11/2025 11:22:54,SSTDR,24,4,RG-58/U 50 ohm coax,0.66,None,Standard,0,0,24 MHz,105.762,750 KHz,11.8,7,750,-1,750,100.914,Waveform,17,-21992
W50A000F,touch_1.7.0Beta1,6/11/2025 11:22:54,SSTDR,24,4,RG-58/U 50 ohm coax,0.66,None,Standard,0,0,24 MHz,105.762,750 KHz,11.8,7,750,-1,750,100.914,Waveform,17.25,-16490.9117608502
W50A000F,touch_1.7.0Beta1,6/11/2025 11:22:54,SSTDR,24,4,RG-58/U 50 ohm coax,0.66,None,Standard,0,0,24 MHz,105.762,750 KHz,11.8,7,750,-1,750,100.914,Waveform,17.5,-11091.1561833514
W50A000F,touch_1.7.0Beta1,6/11/2025 11:22:54,SSTDR,24,4,RG-58/U 50 ohm coax,0.66,None,Standard,0,0,24 MHz,105.762,750 KHz,11.8,7,750,-1,750,100.914,Waveform,17.75,-6455.92753836871
W50A000F,touch_1.7.0Beta1,6/11/2025 11:22:54,SSTDR,24,4,RG-58/U 50 ohm coax,0.66,None,Standard,0,0,24 MHz,105.762,750 KHz,11.8,7,750,-1,750,100.914,Waveform,18,-3044
W50A000F,touch_1.7.0Beta1,6/11/2025 11:22:54,SSTDR,24,4,RG-58/U 50 ohm coax,0.66,None,Standard,0,0,24 MHz,105.762,750 KHz,11.8,7,750,-1,750,100.914,Waveform,18.25,-1003.66516703079
W50A000F,touch_1.7.0Beta1,6/11/2025 11:22:54,SSTDR,24,4,RG-58/U 50 ohm coax,0.66,None,Standard,0,0,24 MHz,105.762,750 KHz,11.8,7,750,-1,750,100.914,Waveform,18.5,-164.152798828926
W50A000F,touch_1.7.0Beta1,6/11/2025 11:22:54,SSTDR,24,4,RG-58/U 50 ohm coax,0.66,None,Standard,0,0,24 MHz,105.762,750 KHz,11.8,7,750,-1,750,100.914,Waveform,18.75,-128.438077780821
W50A000F,touch_1.7.0Beta1,6/11/2025 11:22:54,SSTDR,24,4,RG-58/U 50 ohm coax,0.66,None,Standard,0,0,24 MHz,105.762,750 KHz,11.8,7,750,-1,750,100.914,Waveform,19,-429
W50A000F,touch_1.7.0Beta1,6/11/2025 11:22:54,SSTDR,24,4,RG-58/U 50 ohm coax,0.66,None,Standard,0,0,24 MHz,105.762,750 KHz,11.8,7,750,-1,750,100.914,Waveform,19.25,-684.207203340786
W50A000F,touch_1.7.0Beta1,6/11/2025 11:22:54,SSTDR,24,4,RG-58/U 50 ohm coax,0.66,None,Standard,0,0,24 MHz,105.762,750 KHz,11.8,7,750,-1,750,100.914,Waveform,19.5,-697.372633681536
W50A000F,touch_1.7.0Beta1,6/11/2025 11:22:54,SSTDR,24,4,RG-58/U 50 ohm coax,0.66,None,Standard,0,0,24 MHz,105.762,750 KHz,11.8,7,750,-1,750,100.914,Waveform,19.75,-469.335721954158
W50A000F,touch_1.7.0Beta1,6/11/2025 11:22:54,SSTDR,24,4,RG-58/U 50 ohm coax,0.66,None,Standard,0,0,24 MHz,105.762,750 KHz,11.8,7,750,-1,750,100.914,Waveform,20,-134
W50A000F,touch_1.7.0Beta1,6/11/2025 11:22:54,SSTDR,24,4,RG-58/U 50 ohm coax,0.66,None,Standard,0,0,24 MHz,105.762,750 KHz,11.8,7,750,-1,750,100.914,Waveform,20.25,143.383457595967
W50A000F,touch_1.7.0Beta1,6/11/2025 11:22:54,SSTDR,24,4,RG-58/U 50 ohm coax,0.66,None,Standard,0,0,24 MHz,105.762,750 KHz,11.8,7,750,-1,750,100.914,Waveform,20.5,255.870555859595
W50A000F,touch_1.7.0Beta1,6/11/2025 11:22:54,SSTDR,24,4,RG-58/U 50 ohm coax,0.66,None,Standard,0,0,24 MHz,105.762,750 KHz,11.8,7,750,-1,750,100.914,Waveform,20.75,196.327954113744
W50A000F,touch_1.7.0Beta1,6/11/2025 11:22:54,SSTDR,24,4,RG-58/U 50 ohm coax,0.66,None,Standard,0,0,24 MHz,105.762,750 KHz,11.8,7,750,-1,750,100.914,Waveform,21,42.0000000000001
W50A000F,touch_1.7.0Beta1,6/11/2025 11:22:54,SSTDR,24,4,RG-58/U 50 ohm coax,0.66,None,Standard,0,0,24 MHz,105.762,750 KHz,11.8,7,750,-1,750,100.914,Waveform,21.25,-99.4446897404468
W50A000F,touch_1.7.0Beta1,6/11/2025 11:22:54,SSTDR,24,4,RG-58/U 50 ohm coax,0.66,None,Standard,0,0,24 MHz,105.762,750 KHz,11.8,7,750,-1,750,100.914,Waveform,21.5,-149.33407111186
W50A000F,touch_1.7.0Beta1,6/11/2025 11:22:54,SSTDR,24,4,RG-58/U 50 ohm coax,0.66,None,Standard,0,0,24 MHz,105.762,750 KHz,11.8,7,750,-1,750,100.914,Waveform,21.75,-92.839830130067
W50A000F,touch_1.7.0Beta1,6/11/2025 11:22:54,SSTDR,24,4,RG-58/U 50 ohm coax,0.66,None,Standard,0,0,24 MHz,105.762,750 KHz,11.8,7,750,-1,750,100.914,Waveform,22,24.000000000002
W50A000F,touch_1.7.0Beta1,6/11/2025 11:22:54,SSTDR,24,4,RG-58/U 50 ohm coax,0.66,None,Standard,0,0,24 MHz,105.762,750 KHz,11.8,7,750,-1,750,100.914,Waveform,22.25,127.69804228302
W50A000F,touch_1.7.0Beta1,6/11/2025 11:22:54,SSTDR,24,4,RG-58/U 50 ohm coax,0.66,None,Standard,0,0,24 MHz,105.762,750 KHz,11.8,7,750,-1,750,100.914,Waveform,22.5,159.80808398722
W50A000F,touch_1.7.0Beta1,6/11/2025 11:22:54,SSTDR,24,4,RG-58/U 50 ohm coax,0.66,None,Standard,0,0,24 MHz,105.762,750 KHz,11.8,7,750,-1,750,100.914,Waveform,22.75,105.704998058525
W50A000F,touch_1.7.0Beta1,6/11/2025 11:22:54,SSTDR,24,4,RG-58/U 50 ohm coax,0.66,None,Standard,0,0,24 MHz,105.762,750 KHz,11.8,7,750,-1,750,100.914,Waveform,23,-2.99999999999877
W50A000F,touch_1.7.0Beta1,6/11/2025 11:22:54,SSTDR,24,4,RG-58/U 50 ohm coax,0.66,None,Standard,0,0,24 MHz,105.762,750 KHz,11.8,7,750,-1,750,100.914,Waveform,23.25,-109.983065102994
W50A000F,touch_1.7.0Beta1,6/11/2025 11:22:54,SSTDR,24,4,RG-58/U 50 ohm coax,0.66,None,Standard,0,0,24 MHz,105.762,750 KHz,11.8,7,750,-1,750,100.914,Waveform,23.5,-165.441195237226
W50A000F,touch_1.7.0Beta1,6/11/2025 11:22:54,SSTDR,24,4,RG-58/U 50 ohm coax,0.66,None,Standard,0,0,24 MHz,105.762,750 KHz,11.8,7,750,-1,750,100.914,Waveform,23.75,-149.817077617698
W50A000F,touch_1.7.0Beta1,6/11/2025 11:22:54,SSTDR,24,4,RG-58/U 50 ohm coax,0.66,None,Standard,0,0,24 MHz,105.762,750 KHz,11.8,7,750,-1,750,100.914,Waveform,24,-78.999999999999
W50A000F,touch_1.7.0Beta1,6/11/2025 11:22:54,SSTDR,24,4,RG-58/U 50 ohm coax,0.66,None,Standard,0,0,24 MHz,105.762,750 KHz,11.8,7,750,-1,750,100.914,Waveform,24.25,8.9787288970022
W50A000F,touch_1.7.0Beta1,6/11/2025 11:22:54,SSTDR,24,4,RG-58/U 50 ohm coax,0.66,None,Standard,0,0,24 MHz,105.762,750 KHz,11.8,7,750,-1,750,100.914,Waveform,24.5,76.1843945745172
W50A000F,touch_1.7.0Beta1,6/11/2025 11:22:54,SSTDR,24,4,RG-58/U 50 ohm coax,0.66,None,Standard,0,0,24 MHz,105.762,750 KHz,11.8,7,750,-1,750,100.914,Waveform,24.75,103.088641048593
W50A000F,touch_1.7.0Beta1,6/11/2025 11:22:54,SSTDR,24,4,RG-58/U 50 ohm coax,0.66,None,Standard,0,0,24 MHz,105.762,750 KHz,11.8,7,750,-1,750,100.914,Waveform,25,93.9999999999994
W50A000F,touch_1.7.0Beta1,6/11/2025 11:22:54,SSTDR,24,4,RG-58/U 50 ohm coax,0.66,None,Standard,0,0,24 MHz,105.762,750 KHz,11.8,7,750,-1,750,100.914,Waveform,25.25,68.8228845541836
W50A000F,touch_1.7.0Beta1,6/11/2025 11:22:54,SSTDR,24,4,RG-58/U 50 ohm coax,0.66,None,Standard,0,0,24 MHz,105.762,750 KHz,11.8,7,750,-1,750,100.914,Waveform,25.5,47.8844570406875
W50A000F,touch_1.7.0Beta1,6/11/2025 11:22:54,SSTDR,24,4,RG-58/U 50 ohm coax,0.66,None,Standard,0,0,24 MHz,105.762,750 KHz,11.8,7,750,-1,750,100.914,Waveform,25.75,39.4793811321618
W50A000F,touch_1.7.0Beta1,6/11/2025 11:22:54,SSTDR,24,4,RG-58/U 50 ohm coax,0.66,None,Standard,0,0,24 MHz,105.762,750 KHz,11.8,7,750,-1,750,100.914,Waveform,26,37.0000000000006
W50A000F,touch_1.7.0Beta1,6/11/2025 11:22:54,SSTDR,24,4,RG-58/U 50 ohm coax,0.66,None,Standard,0,0,24 MHz,105.762,750 KHz,11.8,7,750,-1,750,100.914,Waveform,26.25,26.1815028324848
W50A000F,touch_1.7.0Beta1,6/11/2025 11:22:54,SSTDR,24,4,RG-58/U 50 ohm coax,0.66,None,Standard,0,0,24 MHz,105.762,750 KHz,11.8,7,750,-1,750,100.914,Waveform,26.5,-3.01850035003345
W50A000F,touch_1.7.0Beta1,6/11/2025 11:22:54,SSTDR,24,4,RG-58/U 50 ohm coax,0.66,None,Standard,0,0,24 MHz,105.762,750 KHz,11.8,7,750,-1,750,100.914,Waveform,26.75,-47.7156911414386
W50A000F,touch_1.7.0Beta1,6/11/2025 11:22:54,SSTDR,24,4,RG-58/U 50 ohm coax,0.66,None,Standard,0,0,24 MHz,105.762,750 KHz,11.8,7,750,-1,750,100.914,Waveform,27,-92.0000000000022
W50A000F,touch_1.7.0Beta1,6/11/2025 11:22:54,SSTDR,24,4,RG-58/U 50 ohm coax,0.66,None,Standard,0,0,24 MHz,105.762,750 KHz,11.8,7,750,-1,750,100.914,Waveform,27.25,-115.46469748735
W50A000F,touch_1.7.0Beta1,6/11/2025 11:22:54,SSTDR,24,4,RG-58/U 50 ohm coax,0.66,None,Standard,0,0,24 MHz,105.762,750 KHz,11.8,7,750,-1,750,100.914,Waveform,27.5,-105.216572811173
W50A000F,touch_1.7.0Beta1,6/11/2025 11:22:54,SSTDR,24,4,RG-58/U 50 ohm coax,0.66,None,Standard,0,0,24 MHz,105.762,750 KHz,11.8,7,750,-1,750,100.914,Waveform,27.75,-64.2205890340717
W50A000F,touch_1.7.0Beta1,6/11/2025 11:22:54,SSTDR,24,4,RG-58/U 50 ohm coax,0.66,None,Standard,0,0,24 MHz,105.762,750 KHz,11.8,7,750,-1,750,100.914,Waveform,28,-11.000000000001
W50A000F,touch_1.7.0Beta1,6/11/2025 11:22:54,SSTDR,24,4,RG-58/U 50 ohm coax,0.66,None,Standard,0,0,24 MHz,105.762,750 KHz,11.8,7,750,-1,750,100.914,Waveform,28.25,29.3338568796988
W50A000F,touch_1.7.0Beta1,6/11/2025 11:22:54,SSTDR,24,4,RG-58/U 50 ohm coax,0.66,None,Standard,0,0,24 MHz,105.762,750 KHz,11.8,7,750,-1,750,100.914,Waveform,28.5,37.8793378458688
W50A000F,touch_1.7.0Beta1,6/11/2025 11:22:54,SSTDR,24,4,RG-58/U 50 ohm coax,0.66,None,Standard,0,0,24 MHz,105.762,750 KHz,11.8,7,750,-1,750,100.914,Waveform,28.75,11.645948439263
W50A000F,touch_1.7.0Beta1,6/11/2025 11:22:54,SSTDR,24,4,RG-58/U 50 ohm coax,0.66,None,Standard,0,0,24 MHz,105.762,750 KHz,11.8,7,750,-1,750,100.914,Waveform,29,-34.9999999999987
W50A000F,touch_1.7.0Beta1,6/11/2025 11:22:54,SSTDR,24,4,RG-58/U 50 ohm coax,0.66,None,Standard,0,0,24 MHz,105.762,750 KHz,11.8,7,750,-1,750,100.914,Waveform,29.25,-77.7850329554317
W50A000F,touch_1.7.0Beta1,6/11/2025 11:22:54,SSTDR,24,4,RG-58/U 50 ohm coax,0.66,None,Standard,0,0,24 MHz,105.762,750 KHz,11.8,7,750,-1,750,100.914,Waveform,29.5,-94.7840677592348
W50A000F,touch_1.7.0Beta1,6/11/2025 11:22:54,SSTDR,24,4,RG-58/U 50 ohm coax,0.66,None,Standard,0,0,24 MHz,105.762,750 KHz,11.8,7,750,-1,750,100.914,Waveform,29.75,-77.0091054277157
W50A000F,touch_1.7.0Beta1,6/11/2025 11:22:54,SSTDR,24,4,RG-58/U 50 ohm coax,0.66,None,Standard,0,0,24 MHz,105.762,750 KHz,11.8,7,750,-1,750,100.914,Waveform,30,-31.9999999999995
W50A000F,touch_1.7.0Beta1,6/11/2025 11:22:54,SSTDR,24,4,RG-58/U 50 ohm coax,0.66,None,Standard,0,0,24 MHz,105.762,750 KHz,11.8,7,750,-1,750,100.914,Waveform,30.25,21.0139770345278
W50A000F,touch_1.7.0Beta1,6/11/2025 11:22:54,SSTDR,24,4,RG-58/U 50 ohm coax,0.66,None,Standard,0,0,24 MHz,105.762,750 KHz,11.8,7,750,-1,750,100.914,Waveform,30.5,61.362400815025
W50A000F,touch_1.7.0Beta1,6/11/2025 11:22:54,SSTDR,24,4,RG-58/U 50 ohm coax,0.66,None,Standard,0,0,24 MHz,105.762,750 KHz,11.8,7,750,-1,750,100.914,Waveform,30.75,76.9612924352237
W50A000F,touch_1.7.0Beta1,6/11/2025 11:22:54,SSTDR,24,4,RG-58/U 50 ohm coax,0.66,None,Standard,0,0,24 MHz,105.762,750 KHz,11.8,7,750,-1,750,100.914,Waveform,31,68.9999999999993
W50A000F,touch_1.7.0Beta1,6/11/2025 11:22:54,SSTDR,24,4,RG-58/U 50 ohm coax,0.66,None,Standard,0,0,24 MHz,105.762,750 KHz,11.8,7,750,-1,750,100.914,Waveform,31.25,49.3439336218527
W50A000F,touch_1.7.0Beta1,6/11/2025 11:22:54,SSTDR,24,4,RG-58/U 50 ohm coax,0.66,None,Standard,0,0,24 MHz,105.762,750 KHz,11.8,7,750,-1,750,100.914,Waveform,31.5,32.697938447531
W50A000F,touch_1.7.0Beta1,6/11/2025 11:22:54,SSTDR,24,4,RG-58/U 50 ohm coax,0.66,None,Standard,0,0,24 MHz,105.762,750 KHz,11.8,7,750,-1,750,100.914,Waveform,31.75,28.1939576644846
W50A000F,touch_1.7.0Beta1,6/11/2025 11:22:54,SSTDR,24,4,RG-58/U 50 ohm coax,0.66,None,Standard,0,0,24 MHz,105.762,750 KHz,11.8,7,750,-1,750,100.914,Waveform,32,34.9999999999994
W50A000F,touch_1.7.0Beta1,6/11/2025 11:22:54,SSTDR,24,4,RG-58/U 50 ohm coax,0.66,None,Standard,0,0,24 MHz,105.762,750 KHz,11.8,7,750,-1,750,100.914,Waveform,32.25,44.0044940250942
W50A000F,touch_1.7.0Beta1,6/11/2025 11:22:54,SSTDR,24,4,RG-58/U 50 ohm coax,0.66,None,Standard,0,0,24 MHz,105.762,750 KHz,11.8,7,750,-1,750,100.914,Waveform,32.5,44.1464372075832
W50A000F,touch_1.7.0Beta1,6/11/2025 11:22:54,SSTDR,24,4,RG-58/U 50 ohm coax,0.66,None,Standard,0,0,24 MHz,105.762,750 KHz,11.8,7,750,-1,750,100.914,Waveform,32.75,29.4928316374843
W50A000F,touch_1.7.0Beta1,6/11/2025 11:22:54,SSTDR,24,4,RG-58/U 50 ohm coax,0.66,None,Standard,0,0,24 MHz,105.762,750 KHz,11.8,7,750,-1,750,100.914,Waveform,33,3.00000000000001
W50A000F,touch_1.7.0Beta1,6/11/2025 11:22:54,SSTDR,24,4,RG-58/U 50 ohm coax,0.66,None,Standard,0,0,24 MHz,105.762,750 KHz,11.8,7,750,-1,750,100.914,Waveform,33.25,-25.0095243774545
W50A000F,touch_1.7.0Beta1,6/11/2025 11:22:54,SSTDR,24,4,RG-58/U 50 ohm coax,0.66,None,Standard,0,0,24 MHz,105.762,750 KHz,11.8,7,750,-1,750,100.914,Waveform,33.5,-42.5507614199144
W50A000F,touch_1.7.0Beta1,6/11/2025 11:22:54,SSTDR,24,4,RG-58/U 50 ohm coax,0.66,None,Standard,0,0,24 MHz,105.762,750 KHz,11.8,7,750,-1,750,100.914,Waveform,33.75,-42.4626597426904
W50A000F,touch_1.7.0Beta1,6/11/2025 11:22:54,SSTDR,24,4,RG-58/U 50 ohm coax,0.66,None,Standard,0,0,24 MHz,105.762,750 KHz,11.8,7,750,-1,750,100.914,Waveform,34,-26.0000000000021
W50A000F,touch_1.7.0Beta1,6/11/2025 11:22:54,SSTDR,24,4,RG-58/U 50 ohm coax,0.66,None,Standard,0,0,24 MHz,105.762,750 KHz,11.8,7,750,-1,750,100.914,Waveform,34.25,-1.65086753664904
W50A000F,touch_1.7.0Beta1,6/11/2025 11:22:54,SSTDR,24,4,RG-58/U 50 ohm coax,0.66,None,Standard,0,0,24 MHz,105.762,750 KHz,11.8,7,750,-1,750,100.914,Waveform,34.5,19.9243093976228
W50A000F,touch_1.7.0Beta1,6/11/2025 11:22:54,SSTDR,24,4,RG-58/U 50 ohm coax,0.66,None,Standard,0,0,24 MHz,105.762,750 KHz,11.8,7,750,-1,750,100.914,Waveform,34.75,31.7798405301145
W50A000F,touch_1.7.0Beta1,6/11/2025 11:22:54,SSTDR,24,4,RG-58/U 50 ohm coax,0.66,None,Standard,0,0,24 MHz,105.762,750 KHz,11.8,7,750,-1,750,100.914,Waveform,35,34.000000000001
W50A000F,touch_1.7.0Beta1,6/11/2025 11:22:54,SSTDR,24,4,RG-58/U 50 ohm coax,0.66,None,Standard,0,0,24 MHz,105.762,750 KHz,11.8,7,750,-1,750,100.914,Waveform,35.25,32.6438281949984
W50A000F,touch_1.7.0Beta1,6/11/2025 11:22:54,SSTDR,24,4,RG-58/U 50 ohm coax,0.66,None,Standard,0,0,24 MHz,105.762,750 KHz,11.8,7,750,-1,750,100.914,Waveform,35.5,35.1028255564516
W50A000F,touch_1.7.0Beta1,6/11/2025 11:22:54,SSTDR,24,4,RG-58/U 50 ohm coax,0.66,None,Standard,0,0,24 MHz,105.762,750 KHz,11.8,7,750,-1,750,100.914,Waveform,35.75,44.7301743709949
W50A000F,touch_1.7.0Beta1,6/11/2025 11:22:54,SSTDR,24,4,RG-58/U 50 ohm coax,0.66,None,Standard,0,0,24 MHz,105.762,750 KHz,11.8,7,750,-1,750,100.914,Waveform,36,57.9999999999996
W50A000F,touch_1.7.0Beta1,6/11/2025 11:22:54,SSTDR,24,4,RG-58/U 50 ohm coax,0.66,None,Standard,0,0,24 MHz,105.762,750 KHz,11.8,7,750,-1,750,100.914,Waveform,36.25,65.977014750935
W50A000F,touch_1.7.0Beta1,6/11/2025 11:22:54,SSTDR,24,4,RG-58/U 50 ohm coax,0.66,None,Standard,0,0,24 MHz,105.762,750 KHz,11.8,7,750,-1,750,100.914,Waveform,36.5,59.3776450065368
W50A000F,touch_1.7.0Beta1,6/11/2025 11:22:54,SSTDR,24,4,RG-58/U 50 ohm coax,0.66,None,Standard,0,0,24 MHz,105.762,750 KHz,11.8,7,750,-1,750,100.914,Waveform,36.75,34.4026118830543
W50A000F,touch_1.7.0Beta1,6/11/2025 11:22:54,SSTDR,24,4,RG-58/U 50 ohm coax,0.66,None,Standard,0,0,24 MHz,105.762,750 KHz,11.8,7,750,-1,750,100.914,Waveform,37,-3.99999999999985
W50A000F,touch_1.7.0Beta1,6/11/2025 11:22:54,SSTDR,24,4,RG-58/U 50 ohm coax,0.66,None,Standard,0,0,24 MHz,105.762,750 KHz,11.8,7,750,-1,750,100.914,Waveform,37.25,-43.4312680047902
W50A000F,touch_1.7.0Beta1,6/11/2025 11:22:54,SSTDR,24,4,RG-58/U 50 ohm coax,0.66,None,Standard,0,0,24 MHz,105.762,750 KHz,11.8,7,750,-1,750,100.914,Waveform,37.5,-69.4139370488501
W50A000F,touch_1.7.0Beta1,6/11/2025 11:22:54,SSTDR,24,4,RG-58/U 50 ohm coax,0.66,None,Standard,0,0,24 MHz,105.762,750 KHz,11.8,7,750,-1,750,100.914,Waveform,37.75,-72.1246557364088
W50A000F,touch_1.7.0Beta1,6/11/2025 11:22:54,SSTDR,24,4,RG-58/U 50 ohm coax,0.66,None,Standard,0,0,24 MHz,105.762,750 KHz,11.8,7,750,-1,750,100.914,Waveform,38,-51
W50A000F,touch_1.7.0Beta1,6/11/2025 11:22:54,SSTDR,24,4,RG-58/U 50 ohm coax,0.66,None,Standard,0,0,24 MHz,105.762,750 KHz,11.8,7,750,-1,750,100.914,Waveform,38.25,-14.8364963505353
W50A000F,touch_1.7.0Beta1,6/11/2025 11:22:54,SSTDR,24,4,RG-58/U 50 ohm coax,0.66,None,Standard,0,0,24 MHz,105.762,750 KHz,11.8,7,750,-1,750,100.914,Waveform,38.5,22.6233798677323
W50A000F,touch_1.7.0Beta1,6/11/2025 11:22:54,SSTDR,24,4,RG-58/U 50 ohm coax,0.66,None,Standard,0,0,24 MHz,105.762,750 KHz,11.8,7,750,-1,750,100.914,Waveform,38.75,49.2766164687325
W50A000F,touch_1.7.0Beta1,6/11/2025 11:22:54,SSTDR,24,4,RG-58/U 50 ohm coax,0.66,None,Standard,0,0,24 MHz,105.762,750 KHz,11.8,7,750,-1,750,100.914,Waveform,39,60.000000000001
W50A000F,touch_1.7.0Beta1,6/11/2025 11:22:54,SSTDR,24,4,RG-58/U 50 ohm coax,0.66,None,Standard,0,0,24 MHz,105.762,750 KHz,11.8,7,750,-1,750,100.914,Waveform,39.25,58.0796001559762
W50A000F,touch_1.7.0Beta1,6/11/2025 11:22:54,SSTDR,24,4,RG-58/U 50 ohm coax,0.66,None,Standard,0,0,24 MHz,105.762,750 KHz,11.8,7,750,-1,750,100.914,Waveform,39.5,52.1989893124337
W50A000F,touch_1.7.0Beta1,6/11/2025 11:22:54,SSTDR,24,4,RG-58/U 50 ohm coax,0.66,None,Standard,0,0,24 MHz,105.762,750 KHz,11.8,7,750,-1,750,100.914,Waveform,39.75,50.8070228348011
W50A000F,touch_1.7.0Beta1,6/11/2025 11:22:54,SSTDR,24,4,RG-58/U 50 ohm coax,0.66,None,Standard,0,0,24 MHz,105.762,750 KHz,11.8,7,750,-1,750,100.914,Waveform,40,56.9999999999995
W50A000F,touch_1.7.0Beta1,6/11/2025 11:22:54,SSTDR,24,4,RG-58/U 50 ohm coax,0.66,None,Standard,0,0,24 MHz,105.762,750 KHz,11.8,7,750,-1,750,100.914,Waveform,40.25,66.6646844460977
W50A000F,touch_1.7.0Beta1,6/11/2025 11:22:54,SSTDR,24,4,RG-58/U 50 ohm coax,0.66,None,Standard,0,0,24 MHz,105.762,750 KHz,11.8,7,750,-1,750,100.914,Waveform,40.5,70.7984956183365
W50A000F,touch_1.7.0Beta1,6/11/2025 11:22:54,SSTDR,24,4,RG-58/U 50 ohm coax,0.66,None,Standard,0,0,24 MHz,105.762,750 KHz,11.8,7,750,-1,750,100.914,Waveform,40.75,60.6686803323033
W50A000F,touch_1.7.0Beta1,6/11/2025 11:22:54,SSTDR,24,4,RG-58/U 50 ohm coax,0.66,None,Standard,0,0,24 MHz,105.762,750 KHz,11.8,7,750,-1,750,100.914,Waveform,41,33.000000000001
W50A000F,touch_1.7.0Beta1,6/11/2025 11:22:54,SSTDR,24,4,RG-58/U 50 ohm coax,0.66,None,Standard,0,0,24 MHz,105.762,750 KHz,11.8,7,750,-1,750,100.914,Waveform,41.25,-7.56263494692497
W50A000F,touch_1.7.0Beta1,6/11/2025 11:22:54,SSTDR,24,4,RG-58/U 50 ohm coax,0.66,None,Standard,0,0,24 MHz,105.762,750 KHz,11.8,7,750,-1,750,100.914,Waveform,41.5,-49.9753166564655
W50A000F,touch_1.7.0Beta1,6/11/2025 11:22:54,SSTDR,24,4,RG-58/U 50 ohm coax,0.66,None,Standard,0,0,24 MHz,105.762,750 KHz,11.8,7,750,-1,750,100.914,Waveform,41.75,-81.471310906555
W50A000F,touch_1.7.0Beta1,6/11/2025 11:22:54,SSTDR,24,4,RG-58/U 50 ohm coax,0.66,None,Standard,0,0,24 MHz,105.762,750 KHz,11.8,7,750,-1,750,100.914,Waveform,42,-92.999999999999
W50A000F,touch_1.7.0Beta1,6/11/2025 11:22:54,SSTDR,24,4,RG-58/U 50 ohm coax,0.66,None,Standard,0,0,24 MHz,105.762,750 KHz,11.8,7,750,-1,750,100.914,Waveform,42.25,-82.7801217561973
W50A000F,touch_1.7.0Beta1,6/11/2025 11:22:54,SSTDR,24,4,RG-58/U 50 ohm coax,0.66,None,Standard,0,0,24 MHz,105.762,750 KHz,11.8,7,750,-1,750,100.914,Waveform,42.5,-56.4228426031579
W50A000F,touch_1.7.0Beta1,6/11/2025 11:22:54,SSTDR,24,4,RG-58/U 50 ohm coax,0.66,None,Standard,0,0,24 MHz,105.762,750 KHz,11.8,7,750,-1,750,100.914,Waveform,42.75,-23.8814328262093
W50A000F,touch_1.7.0Beta1,6/11/2025 11:22:54,SSTDR,24,4,RG-58/U 50 ohm coax,0.66,None,Standard,0,0,24 MHz,105.762,750 KHz,11.8,7,750,-1,750,100.914,Waveform,43,4.99999999999957
W50A000F,touch_1.7.0Beta1,6/11/2025 11:22:54,SSTDR,24,4,RG-58/U 50 ohm coax,0.66,None,Standard,0,0,24 MHz,105.762,750 KHz,11.8,7,750,-1,750,100.914,Waveform,43.25,24.0948590682108
W50A000F,touch_1.7.0Beta1,6/11/2025 11:22:54,SSTDR,24,4,RG-58/U 50 ohm coax,0.66,None,Standard,0,0,24 MHz,105.762,750 KHz,11.8,7,750,-1,750,100.914,Waveform,43.5,32.2345692177012
W50A000F,touch_1.7.0Beta1,6/11/2025 11:22:54,SSTDR,24,4,RG-58/U 50 ohm coax,0.66,None,Standard,0,0,24 MHz,105.762,750 KHz,11.8,7,750,-1,750,100.914,Waveform,43.75,31.9671725361504
W50A000F,touch_1.7.0Beta1,6/11/2025 11:22:54,SSTDR,24,4,RG-58/U 50 ohm coax,0.66,None,Standard,0,0,24 MHz,105.762,750 KHz,11.8,7,750,-1,750,100.914,Waveform,44,26.9999999999998
W50A000F,touch_1.7.0Beta1,6/11/2025 11:22:54,SSTDR,24,4,RG-58/U 50 ohm coax,0.66,None,Standard,0,0,24 MHz,105.762,750 KHz,11.8,7,750,-1,750,100.914,Waveform,44.25,19.9692159739215
W50A000F,touch_1.7.0Beta1,6/11/2025 11:22:54,SSTDR,24,4,RG-58/U 50 ohm coax,0.66,None,Standard,0,0,24 MHz,105.762,750 KHz,11.8,7,750,-1,750,100.914,Waveform,44.5,11.6870832928441
W50A000F,touch_1.7.0Beta1,6/11/2025 11:22:54,SSTDR,24,4,RG-58/U 50 ohm coax,0.66,None,Standard,0,0,24 MHz,105.762,750 KHz,11.8,7,750,-1,750,100.914,Waveform,44.75,1.94736727917038
W50A000F,touch_1.7.0Beta1,6/11/2025 11:22:54,SSTDR,24,4,RG-58/U 50 ohm coax,0.66,None,Standard,0,0,24 MHz,105.762,750 KHz,11.8,7,750,-1,750,100.914,Waveform,45,-9.00000000000014
W50A000F,touch_1.7.0Beta1,6/11/2025 11:22:54,SSTDR,24,4,RG-58/U 50 ohm coax,0.66,None,Standard,0,0,24 MHz,105.762,750 KHz,11.8,7,750,-1,750,100.914,Waveform,45.25,-19.5040589877323
W50A000F,touch_1.7.0Beta1,6/11/2025 11:22:54,SSTDR,24,4,RG-58/U 50 ohm coax,0.66,None,Standard,0,0,24 MHz,105.762,750 KHz,11.8,7,750,-1,750,100.914,Waveform,45.5,-26.8242321774173
W50A000F,touch_1.7.0Beta1,6/11/2025 11:22:54,SSTDR,24,4,RG-58/U 50 ohm coax,0.66,None,Standard,0,0,24 MHz,105.762,750 KHz,11.8,7,750,-1,750,100.914,Waveform,45.75,-28.5207366014237
W50A000F,touch_1.7.0Beta1,6/11/2025 11:22:54,SSTDR,24,4,RG-58/U 50 ohm coax,0.66,None,Standard,0,0,24 MHz,105.762,750 KHz,11.8,7,750,-1,750,100.914,Waveform,46,-24.0000000000001
W50A000F,touch_1.7.0Beta1,6/11/2025 11:22:54,SSTDR,24,4,RG-58/U 50 ohm coax,0.66,None,Standard,0,0,24 MHz,105.762,750 KHz,11.8,7,750,-1,750,100.914,Waveform,46.25,-15.1614229819969
W50A000F,touch_1.7.0Beta1,6/11/2025 11:22:54,SSTDR,24,4,RG-58/U 50 ohm coax,0.66,None,Standard,0,0,24 MHz,105.762,750 KHz,11.8,7,750,-1,750,100.914,Waveform,46.5,-5.64100287619936
W50A000F,touch_1.7.0Beta1,6/11/2025 11:22:54,SSTDR,24,4,RG-58/U 50 ohm coax,0.66,None,Standard,0,0,24 MHz,105.762,750 KHz,11.8,7,750,-1,750,100.914,Waveform,46.75,0.981818779191461
W50A000F,touch_1.7.0Beta1,6/11/2025 11:22:54,SSTDR,24,4,RG-58/U 50 ohm coax,0.66,None,Standard,0,0,24 MHz,105.762,750 KHz,11.8,7,750,-1,750,100.914,Waveform,47,2.99999999999946
W50A000F,touch_1.7.0Beta1,6/11/2025 11:22:54,SSTDR,24,4,RG-58/U 50 ohm coax,0.66,None,Standard,0,0,24 MHz,105.762,750 KHz,11.8,7,750,-1,750,100.914,Waveform,47.25,1.37483355485987
W50A000F,touch_1.7.0Beta1,6/11/2025 11:22:54,SSTDR,24,4,RG-58/U 50 ohm coax,0.66,None,Standard,0,0,24 MHz,105.762,750 KHz,11.8,7,750,-1,750,100.914,Waveform,47.5,-0.929424103886894
W50A000F,touch_1.7.0Beta1,6/11/2025 11:22:54,SSTDR,24,4,RG-58/U 50 ohm coax,0.66,None,Standard,0,0,24 MHz,105.762,750 KHz,11.8,7,750,-1,750,100.914,Waveform,47.75,-0.655684568424111
W50A000F,touch_1.7.0Beta1,6/11/2025 11:22:54,SSTDR,24,4,RG-58/U 50 ohm coax,0.66,None,Standard,0,0,24 MHz,105.762,750 KHz,11.8,7,750,-1,750,100.914,Waveform,48,3.99999999999927
W50A000F,touch_1.7.0Beta1,6/11/2025 11:22:54,SSTDR,24,4,RG-58/U 50 ohm coax,0.66,None,Standard,0,0,24 MHz,105.762,750 KHz,11.8,7,750,-1,750,100.914,Waveform,48.25,12.5908994360622
W50A000F,touch_1.7.0Beta1,6/11/2025 11:22:54,SSTDR,24,4,RG-58/U 50 ohm coax,0.66,None,Standard,0,0,24 MHz,105.762,750 KHz,11.8,7,750,-1,750,100.914,Waveform,48.5,22.9435772905157
W50A000F,touch_1.7.0Beta1,6/11/2025 11:22:54,SSTDR,24,4,RG-58/U 50 ohm coax,0.66,None,Standard,0,0,24 MHz,105.762,750 KHz,11.8,7,750,-1,750,100.914,Waveform,48.75,32.5664793456826
W50A000F,touch_1.7.0Beta1,6/11/2025 11:22:54,SSTDR,24,4,RG-58/U 50 ohm coax,0.66,None,Standard,0,0,24 MHz,105.762,750 KHz,11.8,7,750,-1,750,100.914,Waveform,49,40.0000000000008
W50A000F,touch_1.7.0Beta1,6/11/2025 11:22:54,SSTDR,24,4,RG-58/U 50 ohm coax,0.66,None,Standard,0,0,24 MHz,105.762,750 KHz,11.8,7,750,-1,750,100.914,Waveform,49.25,45.2686143566005
W50A000F,touch_1.7.0Beta1,6/11/2025 11:22:54,SSTDR,24,4,RG-58/U 50 ohm coax,0.66,None,Standard,0,0,24 MHz,105.762,750 KHz,11.8,7,750,-1,750,100.914,Waveform,49.5,49.2308821749886
W50A000F,touch_1.7.0Beta1,6/11/2025 11:22:54,SSTDR,24,4,RG-58/U 50 ohm coax,0.66,None,Standard,0,0,24 MHz,105.762,750 KHz,11.8,7,750,-1,750,100.914,Waveform,49.75,52.376389635155
W50A000F,touch_1.7.0Beta1,6/11/2025 11:22:54,SSTDR,24,4,RG-58/U 50 ohm coax,0.66,None,Standard,0,0,24 MHz,105.762,750 KHz,11.8,7,750,-1,750,100.914,Waveform,50,53.9999999999989
W50A000F,touch_1.7.0Beta1,6/11/2025 11:22:54,SSTDR,24,4,RG-58/U 50 ohm coax,0.66,None,Standard,0,0,24 MHz,105.762,750 KHz,11.8,7,750,-1,750,100.914,Waveform,50.25,52.4357513674161
W50A000F,touch_1.7.0Beta1,6/11/2025 11:22:54,SSTDR,24,4,RG-58/U 50 ohm coax,0.66,None,Standard,0,0,24 MHz,105.762,750 KHz,11.8,7,750,-1,750,100.914,Waveform,50.5,46.2994022622364
W50A000F,touch_1.7.0Beta1,6/11/2025 11:22:54,SSTDR,24,4,RG-58/U 50 ohm coax,0.66,None,Standard,0,0,24 MHz,105.762,750 KHz,11.8,7,750,-1,750,100.914,Waveform,50.75,35.9359922303923
W50A000F,touch_1.7.0Beta1,6/11/2025 11:22:54,SSTDR,24,4,RG-58/U 50 ohm coax,0.66,None,Standard,0,0,24 MHz,105.762,750 KHz,11.8,7,750,-1,750,100.914,Waveform,51,23.9999999999997
W50A000F,touch_1.7.0Beta1,6/11/2025 11:22:54,SSTDR,24,4,RG-58/U 50 ohm coax,0.66,None,Standard,0,0,24 MHz,105.762,750 KHz,11.8,7,750,-1,750,100.914,Waveform,51.25,14.5314936590855
W50A000F,touch_1.7.0Beta1,6/11/2025 11:22:54,SSTDR,24,4,RG-58/U 50 ohm coax,0.66,None,Standard,0,0,24 MHz,105.762,750 KHz,11.8,7,750,-1,750,100.914,Waveform,51.5,10.8135925077837
W50A000F,touch_1.7.0Beta1,6/11/2025 11:22:54,SSTDR,24,4,RG-58/U 50 ohm coax,0.66,None,Standard,0,0,24 MHz,105.762,750 KHz,11.8,7,750,-1,750,100.914,Waveform,51.75,13.1569308148684
W50A000F,touch_1.7.0Beta1,6/11/2025 11:22:54,SSTDR,24,4,RG-58/U 50 ohm coax,0.66,None,Standard,0,0,24 MHz,105.762,750 KHz,11.8,7,750,-1,750,100.914,Waveform,52,17.9999999999987
W50A000F,touch_1.7.0Beta1,6/11/2025 11:22:54,SSTDR,24,4,RG-58/U 50 ohm coax,0.66,None,Standard,0,0,24 MHz,105.762,750 KHz,11.8,7,750,-1,750,100.914,Waveform,52.25,19.121733836354
W50A000F,touch_1.7.0Beta1,6/11/2025 11:22:54,SSTDR,24,4,RG-58/U 50 ohm coax,0.66,None,Standard,0,0,24 MHz,105.762,750 KHz,11.8,7,750,-1,750,100.914,Waveform,52.5,10.6119344364726
W50A000F,touch_1.7.0Beta1,6/11/2025 11:22:54,SSTDR,24,4,RG-58/U 50 ohm coax,0.66,None,Standard,0,0,24 MHz,105.762,750 KHz,11.8,7,750,-1,750,100.914,Waveform,52.75,-9.82435825563683
W50A000F,touch_1.7.0Beta1,6/11/2025 11:22:54,SSTDR,24,4,RG-58/U 50 ohm coax,0.66,None,Standard,0,0,24 MHz,105.762,750 KHz,11.8,7,750,-1,750,100.914,Waveform,53,-39.0000000000013
W50A000F,touch_1.7.0Beta1,6/11/2025 11:22:54,SSTDR,24,4,RG-58/U 50 ohm coax,0.66,None,Standard,0,0,24 MHz,105.762,750 KHz,11.8,7,750,-1,750,100.914,Waveform,53.25,-68.9541758873416
W50A000F,touch_1.7.0Beta1,6/11/2025 11:22:54,SSTDR,24,4,RG-58/U 50 ohm coax,0.66,None,Standard,0,0,24 MHz,105.762,750 KHz,11.8,7,750,-1,750,100.914,Waveform,53.5,-90.0575839174699
W50A000F,touch_1.7.0Beta1,6/11/2025 11:22:54,SSTDR,24,4,RG-58/U 50 ohm coax,0.66,None,Standard,0,0,24 MHz,105.762,750 KHz,11.8,7,750,-1,750,100.914,Waveform,53.75,-95.0480650466625
W50A000F,touch_1.7.0Beta1,6/11/2025 11:22:54,SSTDR,24,4,RG-58/U 50 ohm coax,0.66,None,Standard,0,0,24 MHz,105.762,750 KHz,11.8,7,750,-1,750,100.914,Waveform,54,-82.0000000000012
W50A000F,touch_1.7.0Beta1,6/11/2025 11:22:54,SSTDR,24,4,RG-58/U 50 ohm coax,0.66,None,Standard,0,0,24 MHz,105.762,750 KHz,11.8,7,750,-1,750,100.914,Waveform,54.25,-54.7808494491421
W50A000F,touch_1.7.0Beta1,6/11/2025 11:22:54,SSTDR,24,4,RG-58/U 50 ohm coax,0.66,None,Standard,0,0,24 MHz,105.762,750 KHz,11.8,7,750,-1,750,100.914,Waveform,54.5,-20.8930330387729
W50A000F,touch_1.7.0Beta1,6/11/2025 11:22:54,SSTDR,24,4,RG-58/U 50 ohm coax,0.66,None,Standard,0,0,24 MHz,105.762,750 KHz,11.8,7,750,-1,750,100.914,Waveform,54.75,12.010103211925
W50A000F,touch_1.7.0Beta1,6/11/2025 11:22:54,SSTDR,24,4,RG-58/U 50 ohm coax,0.66,None,Standard,0,0,24 MHz,105.762,750 KHz,11.8,7,750,-1,750,100.914,Waveform,55,39.0000000000001
W50A000F,touch_1.7.0Beta1,6/11/2025 11:22:54,SSTDR,24,4,RG-58/U 50 ohm coax,0.66,None,Standard,0,0,24 MHz,105.762,750 KHz,11.8,7,750,-1,750,100.914,Waveform,55.25,58.6780009177272
W50A000F,touch_1.7.0Beta1,6/11/2025 11:22:54,SSTDR,24,4,RG-58/U 50 ohm coax,0.66,None,Standard,0,0,24 MHz,105.762,750 KHz,11.8,7,750,-1,750,100.914,Waveform,55.5,71.7613034653074
W50A000F,touch_1.7.0Beta1,6/11/2025 11:22:54,SSTDR,24,4,RG-58/U 50 ohm coax,0.66,None,Standard,0,0,24 MHz,105.762,750 KHz,11.8,7,750,-1,750,100.914,Waveform,55.75,78.6775607946741
W50A000F,touch_1.7.0Beta1,6/11/2025 11:22:54,SSTDR,24,4,RG-58/U 50 ohm coax,0.66,None,Standard,0,0,24 MHz,105.762,750 KHz,11.8,7,750,-1,750,100.914,Waveform,56,78.0000000000001
W50A000F,touch_1.7.0Beta1,6/11/2025 11:22:54,SSTDR,24,4,RG-58/U 50 ohm coax,0.66,None,Standard,0,0,24 MHz,105.762,750 KHz,11.8,7,750,-1,750,100.914,Waveform,56.25,66.9932285186169
W50A000F,touch_1.7.0Beta1,6/11/2025 11:22:54,SSTDR,24,4,RG-58/U 50 ohm coax,0.66,None,Standard,0,0,24 MHz,105.762,750 KHz,11.8,7,750,-1,750,100.914,Waveform,56.5,44.1156350980703
W50A000F,touch_1.7.0Beta1,6/11/2025 11:22:54,SSTDR,24,4,RG-58/U 50 ohm coax,0.66,None,Standard,0,0,24 MHz,105.762,750 KHz,11.8,7,750,-1,750,100.914,Waveform,56.75,11.8877395231541
W50A000F,touch_1.7.0Beta1,6/11/2025 11:22:54,SSTDR,24,4,RG-58/U 50 ohm coax,0.66,None,Standard,0,0,24 MHz,105.762,750 KHz,11.8,7,750,-1,750,100.914,Waveform,57,-22
W50A000F,touch_1.7.0Beta1,6/11/2025 11:22:54,SSTDR,24,4,RG-58/U 50 ohm coax,0.66,None,Standard,0,0,24 MHz,105.762,750 KHz,11.8,7,750,-1,750,100.914,Waveform,57.25,-46.6748733304002
W50A000F,touch_1.7.0Beta1,6/11/2025 11:22:54,SSTDR,24,4,RG-58/U 50 ohm coax,0.66,None,Standard,0,0,24 MHz,105.762,750 KHz,11.8,7,750,-1,750,100.914,Waveform,57.5,-52.7327750580451
W50A000F,touch_1.7.0Beta1,6/11/2025 11:22:54,SSTDR,24,4,RG-58/U 50 ohm coax,0.66,None,Standard,0,0,24 MHz,105.762,750 KHz,11.8,7,750,-1,750,100.914,Waveform,57.75,-37.3547737311745
W50A000F,touch_1.7.0Beta1,6/11/2025 11:22:54,SSTDR,24,4,RG-58/U 50 ohm coax,0.66,None,Standard,0,0,24 MHz,105.762,750 KHz,11.8,7,750,-1,750,100.914,Waveform,58,-6.99999999999839
W50A000F,touch_1.7.0Beta1,6/11/2025 11:22:54,SSTDR,24,4,RG-58/U 50 ohm coax,0.66,None,Standard,0,0,24 MHz,105.762,750 KHz,11.8,7,750,-1,750,100.914,Waveform,58.25,24.294150176062
W50A000F,touch_1.7.0Beta1,6/11/2025 11:22:54,SSTDR,24,4,RG-58/U 50 ohm coax,0.66,None,Standard,0,0,24 MHz,105.762,750 KHz,11.8,7,750,-1,750,100.914,Waveform,58.5,40.7925410254668
W50A000F,touch_1.7.0Beta1,6/11/2025 11:22:54,SSTDR,24,4,RG-58/U 50 ohm coax,0.66,None,Standard,0,0,24 MHz,105.762,750 KHz,11.8,7,750,-1,750,100.914,Waveform,58.75,32.5814490883719
W50A000F,touch_1.7.0Beta1,6/11/2025 11:22:54,SSTDR,24,4,RG-58/U 50 ohm coax,0.66,None,Standard,0,0,24 MHz,105.762,750 KHz,11.8,7,750,-1,750,100.914,Waveform,59,1.00000000000299
W50A000F,touch_1.7.0Beta1,6/11/2025 11:22:54,SSTDR,24,4,RG-58/U 50 ohm coax,0.66,None,Standard,0,0,24 MHz,105.762,750 KHz,11.8,7,750,-1,750,100.914,Waveform,59.25,-41.0204747947167
W50A000F,touch_1.7.0Beta1,6/11/2025 11:22:54,SSTDR,24,4,RG-58/U 50 ohm coax,0.66,None,Standard,0,0,24 MHz,105.762,750 KHz,11.8,7,750,-1,750,100.914,Waveform,59.5,-74.3221795117627
W50A000F,touch_1.7.0Beta1,6/11/2025 11:22:54,SSTDR,24,4,RG-58/U 50 ohm coax,0.66,None,Standard,0,0,24 MHz,105.762,750 KHz,11.8,7,750,-1,750,100.914,Waveform,59.75,-82.3105673200062
W50A000F,touch_1.7.0Beta1,6/11/2025 11:22:54,SSTDR,24,4,RG-58/U 50 ohm coax,0.66,None,Standard,0,0,24 MHz,105.762,750 KHz,11.8,7,750,-1,750,100.914,Waveform,60,-58.9999999999993
W50A000F,touch_1.7.0Beta1,6/11/2025 11:22:54,SSTDR,24,4,RG-58/U 50 ohm coax,0.66,None,Standard,0,0,24 MHz,105.762,750 KHz,11.8,7,750,-1,750,100.914,Waveform,60.25,-12.3172416707282
W50A000F,touch_1.7.0Beta1,6/11/2025 11:22:54,SSTDR,24,4,RG-58/U 50 ohm coax,0.66,None,Standard,0,0,24 MHz,105.762,750 KHz,11.8,7,750,-1,750,100.914,Waveform,60.5,39.1070805264247
W50A000F,touch_1.7.0Beta1,6/11/2025 11:22:54,SSTDR,24,4,RG-58/U 50 ohm coax,0.66,None,Standard,0,0,24 MHz,105.762,750 KHz,11.8,7,750,-1,750,100.914,Waveform,60.75,74.2297628529445
W50A000F,touch_1.7.0Beta1,6/11/2025 11:22:54,SSTDR,24,4,RG-58/U 50 ohm coax,0.66,None,Standard,0,0,24 MHz,105.762,750 KHz,11.8,7,750,-1,750,100.914,Waveform,61,78.9999999999992
W50A000F,touch_1.7.0Beta1,6/11/2025 11:22:54,SSTDR,24,4,RG-58/U 50 ohm coax,0.66,None,Standard,0,0,24 MHz,105.762,750 KHz,11.8,7,750,-1,750,100.914,Waveform,61.25,52.3488594852067
W50A000F,touch_1.7.0Beta1,6/11/2025 11:22:54,SSTDR,24,4,RG-58/U 50 ohm coax,0.66,None,Standard,0,0,24 MHz,105.762,750 KHz,11.8,7,750,-1,750,100.914,Waveform,61.5,5.95867268869344
W50A000F,touch_1.7.0Beta1,6/11/2025 11:22:54,SSTDR,24,4,RG-58/U 50 ohm coax,0.66,None,Standard,0,0,24 MHz,105.762,750 KHz,11.8,7,750,-1,750,100.914,Waveform,61.75,-41.8669104521848
W50A000F,touch_1.7.0Beta1,6/11/2025 11:22:54,SSTDR,24,4,RG-58/U 50 ohm coax,0.66,None,Standard,0,0,24 MHz,105.762,750 KHz,11.8,7,750,-1,750,100.914,Waveform,62,-74.9999999999995
W50A000F,touch_1.7.0Beta1,6/11/2025 11:22:54,SSTDR,24,4,RG-58/U 50 ohm coax,0.66,None,Standard,0,0,24 MHz,105.762,750 KHz,11.8,7,750,-1,750,100.914,Waveform,62.25,-86.517410411384
W50A000F,touch_1.7.0Beta1,6/11/2025 11:22:54,SSTDR,24,4,RG-58/U 50 ohm coax,0.66,None,Standard,0,0,24 MHz,105.762,750 KHz,11.8,7,750,-1,750,100.914,Waveform,62.5,-80.6179862566122
W50A000F,touch_1.7.0Beta1,6/11/2025 11:22:54,SSTDR,24,4,RG-58/U 50 ohm coax,0.66,None,Standard,0,0,24 MHz,105.762,750 KHz,11.8,7,750,-1,750,100.914,Waveform,62.75,-68.8479167545353
W50A000F,touch_1.7.0Beta1,6/11/2025 11:22:54,SSTDR,24,4,RG-58/U 50 ohm coax,0.66,None,Standard,0,0,24 MHz,105.762,750 KHz,11.8,7,750,-1,750,100.914,Waveform,63,-62.9999999999998
W50A000F,touch_1.7.0Beta1,6/11/2025 11:22:54,SSTDR,24,4,RG-58/U 50 ohm coax,0.66,None,Standard,0,0,24 MHz,105.762,750 KHz,11.8,7,750,-1,750,100.914,Waveform,63.25,-68.6337164772698
W50A000F,touch_1.7.0Beta1,6/11/2025 11:22:54,SSTDR,24,4,RG-58/U 50 ohm coax,0.66,None,Standard,0,0,24 MHz,105.762,750 KHz,11.8,7,750,-1,750,100.914,Waveform,63.5,-82.5947442847292
W50A000F,touch_1.7.0Beta1,6/11/2025 11:22:54,SSTDR,24,4,RG-58/U 50 ohm coax,0.66,None,Standard,0,0,24 MHz,105.762,750 KHz,11.8,7,750,-1,750,100.914,Waveform,63.75,-95.5785702653705
W50A000F,touch_1.7.0Beta1,6/11/2025 11:22:54,SSTDR,24,4,RG-58/U 50 ohm coax,0.66,None,Standard,0,0,24 MHz,105.762,750 KHz,11.8,7,750,-1,750,100.914,Waveform,64,-97.9999999999998
W50A000F,touch_1.7.0Beta1,6/11/2025 11:22:54,SSTDR,24,4,RG-58/U 50 ohm coax,0.66,None,Standard,0,0,24 MHz,105.762,750 KHz,11.8,7,750,-1,750,100.914,Waveform,64.25,-85.7158081713388
W50A000F,touch_1.7.0Beta1,6/11/2025 11:22:54,SSTDR,24,4,RG-58/U 50 ohm coax,0.66,None,Standard,0,0,24 MHz,105.762,750 KHz,11.8,7,750,-1,750,100.914,Waveform,64.5,-62.3924117154039
W50A000F,touch_1.7.0Beta1,6/11/2025 11:22:54,SSTDR,24,4,RG-58/U 50 ohm coax,0.66,None,Standard,0,0,24 MHz,105.762,750 KHz,11.8,7,750,-1,750,100.914,Waveform,64.75,-37.3109083204355
W50A000F,touch_1.7.0Beta1,6/11/2025 11:22:54,SSTDR,24,4,RG-58/U 50 ohm coax,0.66,None,Standard,0,0,24 MHz,105.762,750 KHz,11.8,7,750,-1,750,100.914,Waveform,65,-19.9999999999998
W50A000F,touch_1.7.0Beta1,6/11/2025 11:22:54,SSTDR,24,4,RG-58/U 50 ohm coax,0.66,None,Standard,0,0,24 MHz,105.762,750 KHz,11.8,7,750,-1,750,100.914,Waveform,65.25,-14.8297633848475
W50A000F,touch_1.7.0Beta1,6/11/2025 11:22:54,SSTDR,24,4,RG-58/U 50 ohm coax,0.66,None,Standard,0,0,24 MHz,105.762,750 KHz,11.8,7,750,-1,750,100.914,Waveform,65.5,-18.6442297803941
W50A000F,touch_1.7.0Beta1,6/11/2025 11:22:54,SSTDR,24,4,RG-58/U 50 ohm coax,0.66,None,Standard,0,0,24 MHz,105.762,750 KHz,11.8,7,750,-1,750,100.914,Waveform,65.75,-22.735824581746
W50A000F,touch_1.7.0Beta1,6/11/2025 11:22:54,SSTDR,24,4,RG-58/U 50 ohm coax,0.66,None,Standard,0,0,24 MHz,105.762,750 KHz,11.8,7,750,-1,750,100.914,Waveform,66,-18
W50A000F,touch_1.7.0Beta1,6/11/2025 11:22:54,SSTDR,24,4,RG-58/U 50 ohm coax,0.66,None,Standard,0,0,24 MHz,105.762,750 KHz,11.8,7,750,-1,750,100.914,Waveform,66.25,-0.343531900817262
W50A000F,touch_1.7.0Beta1,6/11/2025 11:22:54,SSTDR,24,4,RG-58/U 50 ohm coax,0.66,None,Standard,0,0,24 MHz,105.762,750 KHz,11.8,7,750,-1,750,100.914,Waveform,66.5,26.6764663716874
W50A000F,touch_1.7.0Beta1,6/11/2025 11:22:54,SSTDR,24,4,RG-58/U 50 ohm coax,0.66,None,Standard,0,0,24 MHz,105.762,750 KHz,11.8,7,750,-1,750,100.914,Waveform,66.75,53.4168422388778
W50A000F,touch_1.7.0Beta1,6/11/2025 11:22:54,SSTDR,24,4,RG-58/U 50 ohm coax,0.66,None,Standard,0,0,24 MHz,105.762,750 KHz,11.8,7,750,-1,750,100.914,Waveform,67,69.0000000000021
W50A000F,touch_1.7.0Beta1,6/11/2025 11:22:54,SSTDR,24,4,RG-58/U 50 ohm coax,0.66,None,Standard,0,0,24 MHz,105.762,750 KHz,11.8,7,750,-1,750,100.914,Waveform,67.25,66.7544338500364
W50A000F,touch_1.7.0Beta1,6/11/2025 11:22:54,SSTDR,24,4,RG-58/U 50 ohm coax,0.66,None,Standard,0,0,24 MHz,105.762,750 KHz,11.8,7,750,-1,750,100.914,Waveform,67.5,47.3114633895665
W50A000F,touch_1.7.0Beta1,6/11/2025 11:22:54,SSTDR,24,4,RG-58/U 50 ohm coax,0.66,None,Standard,0,0,24 MHz,105.762,750 KHz,11.8,7,750,-1,750,100.914,Waveform,67.75,17.8271033814796
W50A000F,touch_1.7.0Beta1,6/11/2025 11:22:54,SSTDR,24,4,RG-58/U 50 ohm coax,0.66,None,Standard,0,0,24 MHz,105.762,750 KHz,11.8,7,750,-1,750,100.914,Waveform,68,-12
W50A000F,touch_1.7.0Beta1,6/11/2025 11:22:54,SSTDR,24,4,RG-58/U 50 ohm coax,0.66,None,Standard,0,0,24 MHz,105.762,750 KHz,11.8,7,750,-1,750,100.914,Waveform,68.25,-34.709794172973
W50A000F,touch_1.7.0Beta1,6/11/2025 11:22:54,SSTDR,24,4,RG-58/U 50 ohm coax,0.66,None,Standard,0,0,24 MHz,105.762,750 KHz,11.8,7,750,-1,750,100.914,Waveform,68.5,-47.96306659699
W50A000F,touch_1.7.0Beta1,6/11/2025 11:22:54,SSTDR,24,4,RG-58/U 50 ohm coax,0.66,None,Standard,0,0,24 MHz,105.762,750 KHz,11.8,7,750,-1,750,100.914,Waveform,68.75,-54.0991438125701
W50A000F,touch_1.7.0Beta1,6/11/2025 11:22:54,SSTDR,24,4,RG-58/U 50 ohm coax,0.66,None,Standard,0,0,24 MHz,105.762,750 KHz,11.8,7,750,-1,750,100.914,Waveform,69,-57
W50A000F,touch_1.7.0Beta1,6/11/2025 11:22:54,SSTDR,24,4,RG-58/U 50 ohm coax,0.66,None,Standard,0,0,24 MHz,105.762,750 KHz,11.8,7,750,-1,750,100.914,Waveform,69.25,-58.5035802867704
W50A000F,touch_1.7.0Beta1,6/11/2025 11:22:54,SSTDR,24,4,RG-58/U 50 ohm coax,0.66,None,Standard,0,0,24 MHz,105.762,750 KHz,11.8,7,750,-1,750,100.914,Waveform,69.5,-56.8175686854603
W50A000F,touch_1.7.0Beta1,6/11/2025 11:22:54,SSTDR,24,4,RG-58/U 50 ohm coax,0.66,None,Standard,0,0,24 MHz,105.762,750 KHz,11.8,7,750,-1,750,100.914,Waveform,69.75,-48.0619704684775
W50A000F,touch_1.7.0Beta1,6/11/2025 11:22:54,SSTDR,24,4,RG-58/U 50 ohm coax,0.66,None,Standard,0,0,24 MHz,105.762,750 KHz,11.8,7,750,-1,750,100.914,Waveform,70,-30
W50A000F,touch_1.7.0Beta1,6/11/2025 11:22:54,SSTDR,24,4,RG-58/U 50 ohm coax,0.66,None,Standard,0,0,24 MHz,105.762,750 KHz,11.8,7,750,-1,750,100.914,Waveform,70.25,-5.45255709614763
W50A000F,touch_1.7.0Beta1,6/11/2025 11:22:54,SSTDR,24,4,RG-58/U 50 ohm coax,0.66,None,Standard,0,0,24 MHz,105.762,750 KHz,11.8,7,750,-1,750,100.914,Waveform,70.5,17.1781427208667
W50A000F,touch_1.7.0Beta1,6/11/2025 11:22:54,SSTDR,24,4,RG-58/U 50 ohm coax,0.66,None,Standard,0,0,24 MHz,105.762,750 KHz,11.8,7,750,-1,750,100.914,Waveform,70.75,27.2879532571505
W50A000F,touch_1.7.0Beta1,6/11/2025 11:22:54,SSTDR,24,4,RG-58/U 50 ohm coax,0.66,None,Standard,0,0,24 MHz,105.762,750 KHz,11.8,7,750,-1,750,100.914,Waveform,71,18.0000000000021
W50A000F,touch_1.7.0Beta1,6/11/2025 11:22:54,SSTDR,24,4,RG-58/U 50 ohm coax,0.66,None,Standard,0,0,24 MHz,105.762,750 KHz,11.8,7,750,-1,750,100.914,Waveform,71.25,-8.52296105906134
W50A000F,touch_1.7.0Beta1,6/11/2025 11:22:54,SSTDR,24,4,RG-58/U 50 ohm coax,0.66,None,Standard,0,0,24 MHz,105.762,750 KHz,11.8,7,750,-1,750,100.914,Waveform,71.5,-39.6887239289333
W50A000F,touch_1.7.0Beta1,6/11/2025 11:22:54,SSTDR,24,4,RG-58/U 50 ohm coax,0.66,None,Standard,0,0,24 MHz,105.762,750 KHz,11.8,7,750,-1,750,100.914,Waveform,71.75,-56.5447207661117
W50A000F,touch_1.7.0Beta1,6/11/2025 11:22:54,SSTDR,24,4,RG-58/U 50 ohm coax,0.66,None,Standard,0,0,24 MHz,105.762,750 KHz,11.8,7,750,-1,750,100.914,Waveform,72,-42
W50A000F,touch_1.7.0Beta1,6/11/2025 11:22:54,SSTDR,24,4,RG-58/U 50 ohm coax,0.66,None,Standard,0,0,24 MHz,105.762,750 KHz,11.8,7,750,-1,750,100.914,Waveform,72.25,10.5277829154594
W50A000F,touch_1.7.0Beta1,6/11/2025 11:22:54,SSTDR,24,4,RG-58/U 50 ohm coax,0.66,None,Standard,0,0,24 MHz,105.762,750 KHz,11.8,7,750,-1,750,100.914,Waveform,72.5,92.4106906946898
W50A000F,touch_1.7.0Beta1,6/11/2025 11:22:54,SSTDR,24,4,RG-58/U 50 ohm coax,0.66,None,Standard,0,0,24 MHz,105.762,750 KHz,11.8,7,750,-1,750,100.914,Waveform,72.75,181.813231626268
W50A000F,touch_1.7.0Beta1,6/11/2025 11:22:54,SSTDR,24,4,RG-58/U 50 ohm coax,0.66,None,Standard,0,0,24 MHz,105.762,750 KHz,11.8,7,750,-1,750,100.914,Waveform,73,252.000000000002
W50A000F,touch_1.7.0Beta1,6/11/2025 11:22:54,SSTDR,24,4,RG-58/U 50 ohm coax,0.66,None,Standard,0,0,24 MHz,105.762,750 KHz,11.8,7,750,-1,750,100.914,Waveform,73.25,282.399950905693
W50A000F,touch_1.7.0Beta1,6/11/2025 11:22:54,SSTDR,24,4,RG-58/U 50 ohm coax,0.66,None,Standard,0,0,24 MHz,105.762,750 KHz,11.8,7,750,-1,750,100.914,Waveform,73.5,267.354992949088
W50A000F,touch_1.7.0Beta1,6/11/2025 11:22:54,SSTDR,24,4,RG-58/U 50 ohm coax,0.66,None,Standard,0,0,24 MHz,105.762,750 KHz,11.8,7,750,-1,750,100.914,Waveform,73.75,218.411721754962
W50A000F,touch_1.7.0Beta1,6/11/2025 11:22:54,SSTDR,24,4,RG-58/U 50 ohm coax,0.66,None,Standard,0,0,24 MHz,105.762,750 KHz,11.8,7,750,-1,750,100.914,Waveform,74,159.000000000003
W50A000F,touch_1.7.0Beta1,6/11/2025 11:22:54,SSTDR,24,4,RG-58/U 50 ohm coax,0.66,None,Standard,0,0,24 MHz,105.762,750 KHz,11.8,7,750,-1,750,100.914,Waveform,74.25,113.934083939466
W50A000F,touch_1.7.0Beta1,6/11/2025 11:22:54,SSTDR,24,4,RG-58/U 50 ohm coax,0.66,None,Standard,0,0,24 MHz,105.762,750 KHz,11.8,7,750,-1,750,100.914,Waveform,74.5,98.6064012108499
W50A000F,touch_1.7.0Beta1,6/11/2025 11:22:54,SSTDR,24,4,RG-58/U 50 ohm coax,0.66,None,Standard,0,0,24 MHz,105.762,750 KHz,11.8,7,750,-1,750,100.914,Waveform,74.75,112.829791041515
W50A000F,touch_1.7.0Beta1,6/11/2025 11:22:54,SSTDR,24,4,RG-58/U 50 ohm coax,0.66,None,Standard,0,0,24 MHz,105.762,750 KHz,11.8,7,750,-1,750,100.914,Waveform,75,142
W50A000F,touch_1.7.0Beta1,6/11/2025 11:22:54,SSTDR,24,4,RG-58/U 50 ohm coax,0.66,None,Standard,0,0,24 MHz,105.762,750 KHz,11.8,7,750,-1,750,100.914,Waveform,75.25,164.743956576845
W50A000F,touch_1.7.0Beta1,6/11/2025 11:22:54,SSTDR,24,4,RG-58/U 50 ohm coax,0.66,None,Standard,0,0,24 MHz,105.762,750 KHz,11.8,7,750,-1,750,100.914,Waveform,75.5,163.216141775237
W50A000F,touch_1.7.0Beta1,6/11/2025 11:22:54,SSTDR,24,4,RG-58/U 50 ohm coax,0.66,None,Standard,0,0,24 MHz,105.762,750 KHz,11.8,7,750,-1,750,100.914,Waveform,75.75,131.139438607017
W50A000F,touch_1.7.0Beta1,6/11/2025 11:22:54,SSTDR,24,4,RG-58/U 50 ohm coax,0.66,None,Standard,0,0,24 MHz,105.762,750 KHz,11.8,7,750,-1,750,100.914,Waveform,76,76.0000000000004
W50A000F,touch_1.7.0Beta1,6/11/2025 11:22:54,SSTDR,24,4,RG-58/U 50 ohm coax,0.66,None,Standard,0,0,24 MHz,105.762,750 KHz,11.8,7,750,-1,750,100.914,Waveform,76.25,14.7625398274246
W50A000F,touch_1.7.0Beta1,6/11/2025 11:22:54,SSTDR,24,4,RG-58/U 50 ohm coax,0.66,None,Standard,0,0,24 MHz,105.762,750 KHz,11.8,7,750,-1,750,100.914,Waveform,76.5,-34.4318654734194
W50A000F,touch_1.7.0Beta1,6/11/2025 11:22:54,SSTDR,24,4,RG-58/U 50 ohm coax,0.66,None,Standard,0,0,24 MHz,105.762,750 KHz,11.8,7,750,-1,750,100.914,Waveform,76.75,-60.3894929164748
W50A000F,touch_1.7.0Beta1,6/11/2025 11:22:54,SSTDR,24,4,RG-58/U 50 ohm coax,0.66,None,Standard,0,0,24 MHz,105.762,750 KHz,11.8,7,750,-1,750,100.914,Waveform,77,-63.0000000000003
W50A000F,touch_1.7.0Beta1,6/11/2025 11:22:54,SSTDR,24,4,RG-58/U 50 ohm coax,0.66,None,Standard,0,0,24 MHz,105.762,750 KHz,11.8,7,750,-1,750,100.914,Waveform,77.25,-51.7657007508978
W50A000F,touch_1.7.0Beta1,6/11/2025 11:22:54,SSTDR,24,4,RG-58/U 50 ohm coax,0.66,None,Standard,0,0,24 MHz,105.762,750 KHz,11.8,7,750,-1,750,100.914,Waveform,77.5,-39.9209378539683
W50A000F,touch_1.7.0Beta1,6/11/2025 11:22:54,SSTDR,24,4,RG-58/U 50 ohm coax,0.66,None,Standard,0,0,24 MHz,105.762,750 KHz,11.8,7,750,-1,750,100.914,Waveform,77.75,-37.3714135351249
W50A000F,touch_1.7.0Beta1,6/11/2025 11:22:54,SSTDR,24,4,RG-58/U 50 ohm coax,0.66,None,Standard,0,0,24 MHz,105.762,750 KHz,11.8,7,750,-1,750,100.914,Waveform,78,-45.9999999999993
W50A000F,touch_1.7.0Beta1,6/11/2025 11:22:54,SSTDR,24,4,RG-58/U 50 ohm coax,0.66,None,Standard,0,0,24 MHz,105.762,750 KHz,11.8,7,750,-1,750,100.914,Waveform,78.25,-59.4548902946489
W50A000F,touch_1.7.0Beta1,6/11/2025 11:22:54,SSTDR,24,4,RG-58/U 50 ohm coax,0.66,None,Standard,0,0,24 MHz,105.762,750 KHz,11.8,7,750,-1,750,100.914,Waveform,78.5,-67.1830865526202
W50A000F,touch_1.7.0Beta1,6/11/2025 11:22:54,SSTDR,24,4,RG-58/U 50 ohm coax,0.66,None,Standard,0,0,24 MHz,105.762,750 KHz,11.8,7,750,-1,750,100.914,Waveform,78.75,-60.4125145399439
W50A000F,touch_1.7.0Beta1,6/11/2025 11:22:54,SSTDR,24,4,RG-58/U 50 ohm coax,0.66,None,Standard,0,0,24 MHz,105.762,750 KHz,11.8,7,750,-1,750,100.914,Waveform,79,-36.9999999999989
W50A000F,touch_1.7.0Beta1,6/11/2025 11:22:54,SSTDR,24,4,RG-58/U 50 ohm coax,0.66,None,Standard,0,0,24 MHz,105.762,750 KHz,11.8,7,750,-1,750,100.914,Waveform,79.25,-2.83265822139846
W50A000F,touch_1.7.0Beta1,6/11/2025 11:22:54,SSTDR,24,4,RG-58/U 50 ohm coax,0.66,None,Standard,0,0,24 MHz,105.762,750 KHz,11.8,7,750,-1,750,100.914,Waveform,79.5,30.7015962421925
W50A000F,touch_1.7.0Beta1,6/11/2025 11:22:54,SSTDR,24,4,RG-58/U 50 ohm coax,0.66,None,Standard,0,0,24 MHz,105.762,750 KHz,11.8,7,750,-1,750,100.914,Waveform,79.75,51.7446328381515
W50A000F,touch_1.7.0Beta1,6/11/2025 11:22:54,SSTDR,24,4,RG-58/U 50 ohm coax,0.66,None,Standard,0,0,24 MHz,105.762,750 KHz,11.8,7,750,-1,750,100.914,Waveform,80,53.0000000000015
W50A000F,touch_1.7.0Beta1,6/11/2025 11:22:54,SSTDR,24,4,RG-58/U 50 ohm coax,0.66,None,Standard,0,0,24 MHz,105.762,750 KHz,11.8,7,750,-1,750,100.914,Waveform,80.25,34.4780335240194
W50A000F,touch_1.7.0Beta1,6/11/2025 11:22:54,SSTDR,24,4,RG-58/U 50 ohm coax,0.66,None,Standard,0,0,24 MHz,105.762,750 KHz,11.8,7,750,-1,750,100.914,Waveform,80.5,2.93608440542152
W50A000F,touch_1.7.0Beta1,6/11/2025 11:22:54,SSTDR,24,4,RG-58/U 50 ohm coax,0.66,None,Standard,0,0,24 MHz,105.762,750 KHz,11.8,7,750,-1,750,100.914,Waveform,80.75,-31.3885287948192
W50A000F,touch_1.7.0Beta1,6/11/2025 11:22:54,SSTDR,24,4,RG-58/U 50 ohm coax,0.66,None,Standard,0,0,24 MHz,105.762,750 KHz,11.8,7,750,-1,750,100.914,Waveform,81,-59.0000000000019
W50A000F,touch_1.7.0Beta1,6/11/2025 11:22:54,SSTDR,24,4,RG-58/U 50 ohm coax,0.66,None,Standard,0,0,24 MHz,105.762,750 KHz,11.8,7,750,-1,750,100.914,Waveform,81.25,-74.3692000385209
W50A000F,touch_1.7.0Beta1,6/11/2025 11:22:54,SSTDR,24,4,RG-58/U 50 ohm coax,0.66,None,Standard,0,0,24 MHz,105.762,750 KHz,11.8,7,750,-1,750,100.914,Waveform,81.5,-76.9491004137829
W50A000F,touch_1.7.0Beta1,6/11/2025 11:22:54,SSTDR,24,4,RG-58/U 50 ohm coax,0.66,None,Standard,0,0,24 MHz,105.762,750 KHz,11.8,7,750,-1,750,100.914,Waveform,81.75,-69.9667040248325
W50A000F,touch_1.7.0Beta1,6/11/2025 11:22:54,SSTDR,24,4,RG-58/U 50 ohm coax,0.66,None,Standard,0,0,24 MHz,105.762,750 KHz,11.8,7,750,-1,750,100.914,Waveform,82,-58.0000000000003
W50A000F,touch_1.7.0Beta1,6/11/2025 11:22:54,SSTDR,24,4,RG-58/U 50 ohm coax,0.66,None,Standard,0,0,24 MHz,105.762,750 KHz,11.8,7,750,-1,750,100.914,Waveform,82.25,-44.7223795254688
W50A000F,touch_1.7.0Beta1,6/11/2025 11:22:54,SSTDR,24,4,RG-58/U 50 ohm coax,0.66,None,Standard,0,0,24 MHz,105.762,750 KHz,11.8,7,750,-1,750,100.914,Waveform,82.5,-31.8343947682394
W50A000F,touch_1.7.0Beta1,6/11/2025 11:22:54,SSTDR,24,4,RG-58/U 50 ohm coax,0.66,None,Standard,0,0,24 MHz,105.762,750 KHz,11.8,7,750,-1,750,100.914,Waveform,82.75,-19.3960368602025
W50A000F,touch_1.7.0Beta1,6/11/2025 11:22:54,SSTDR,24,4,RG-58/U 50 ohm coax,0.66,None,Standard,0,0,24 MHz,105.762,750 KHz,11.8,7,750,-1,750,100.914,Waveform,83,-6.99999999999992
W50A000F,touch_1.7.0Beta1,6/11/2025 11:22:54,SSTDR,24,4,RG-58/U 50 ohm coax,0.66,None,Standard,0,0,24 MHz,105.762,750 KHz,11.8,7,750,-1,750,100.914,Waveform,83.25,5.11593607906328
W50A000F,touch_1.7.0Beta1,6/11/2025 11:22:54,SSTDR,24,4,RG-58/U 50 ohm coax,0.66,None,Standard,0,0,24 MHz,105.762,750 KHz,11.8,7,750,-1,750,100.914,Waveform,83.5,15.7125113811298
W50A000F,touch_1.7.0Beta1,6/11/2025 11:22:54,SSTDR,24,4,RG-58/U 50 ohm coax,0.66,None,Standard,0,0,24 MHz,105.762,750 KHz,11.8,7,750,-1,750,100.914,Waveform,83.75,23.07703442357
W50A000F,touch_1.7.0Beta1,6/11/2025 11:22:54,SSTDR,24,4,RG-58/U 50 ohm coax,0.66,None,Standard,0,0,24 MHz,105.762,750 KHz,11.8,7,750,-1,750,100.914,Waveform,84,26.0000000000015
W50A000F,touch_1.7.0Beta1,6/11/2025 11:22:54,SSTDR,24,4,RG-58/U 50 ohm coax,0.66,None,Standard,0,0,24 MHz,105.762,750 KHz,11.8,7,750,-1,750,100.914,Waveform,84.25,24.5237052059616
W50A000F,touch_1.7.0Beta1,6/11/2025 11:22:54,SSTDR,24,4,RG-58/U 50 ohm coax,0.66,None,Standard,0,0,24 MHz,105.762,750 KHz,11.8,7,750,-1,750,100.914,Waveform,84.5,19.9770782720238
W50A000F,touch_1.7.0Beta1,6/11/2025 11:22:54,SSTDR,24,4,RG-58/U 50 ohm coax,0.66,None,Standard,0,0,24 MHz,105.762,750 KHz,11.8,7,750,-1,750,100.914,Waveform,84.75,14.2854038955469
W50A000F,touch_1.7.0Beta1,6/11/2025 11:22:54,SSTDR,24,4,RG-58/U 50 ohm coax,0.66,None,Standard,0,0,24 MHz,105.762,750 KHz,11.8,7,750,-1,750,100.914,Waveform,85,8.99999999999974
W50A000F,touch_1.7.0Beta1,6/11/2025 11:22:54,SSTDR,24,4,RG-58/U 50 ohm coax,0.66,None,Standard,0,0,24 MHz,105.762,750 KHz,11.8,7,750,-1,750,100.914,Waveform,85.25,4.65652406402251
W50A000F,touch_1.7.0Beta1,6/11/2025 11:22:54,SSTDR,24,4,RG-58/U 50 ohm coax,0.66,None,Standard,0,0,24 MHz,105.762,750 KHz,11.8,7,750,-1,750,100.914,Waveform,85.5,0.850814226488767
W50A000F,touch_1.7.0Beta1,6/11/2025 11:22:54,SSTDR,24,4,RG-58/U 50 ohm coax,0.66,None,Standard,0,0,24 MHz,105.762,750 KHz,11.8,7,750,-1,750,100.914,Waveform,85.75,-3.041886899134
W50A000F,touch_1.7.0Beta1,6/11/2025 11:22:54,SSTDR,24,4,RG-58/U 50 ohm coax,0.66,None,Standard,0,0,24 MHz,105.762,750 KHz,11.8,7,750,-1,750,100.914,Waveform,86,-7.00000000000057
W50A000F,touch_1.7.0Beta1,6/11/2025 11:22:54,SSTDR,24,4,RG-58/U 50 ohm coax,0.66,None,Standard,0,0,24 MHz,105.762,750 KHz,11.8,7,750,-1,750,100.914,Waveform,86.25,-9.95509716338815
W50A000F,touch_1.7.0Beta1,6/11/2025 11:22:54,SSTDR,24,4,RG-58/U 50 ohm coax,0.66,None,Standard,0,0,24 MHz,105.762,750 KHz,11.8,7,750,-1,750,100.914,Waveform,86.5,-10.2035609782438
W50A000F,touch_1.7.0Beta1,6/11/2025 11:22:54,SSTDR,24,4,RG-58/U 50 ohm coax,0.66,None,Standard,0,0,24 MHz,105.762,750 KHz,11.8,7,750,-1,750,100.914,Waveform,86.75,-6.46830515112496
W50A000F,touch_1.7.0Beta1,6/11/2025 11:22:54,SSTDR,24,4,RG-58/U 50 ohm coax,0.66,None,Standard,0,0,24 MHz,105.762,750 KHz,11.8,7,750,-1,750,100.914,Waveform,87,0.999999999998831
W50A000F,touch_1.7.0Beta1,6/11/2025 11:22:54,SSTDR,24,4,RG-58/U 50 ohm coax,0.66,None,Standard,0,0,24 MHz,105.762,750 KHz,11.8,7,750,-1,750,100.914,Waveform,87.25,10.0016563484781
W50A000F,touch_1.7.0Beta1,6/11/2025 11:22:54,SSTDR,24,4,RG-58/U 50 ohm coax,0.66,None,Standard,0,0,24 MHz,105.762,750 KHz,11.8,7,750,-1,750,100.914,Waveform,87.5,17.0407452327238
W50A000F,touch_1.7.0Beta1,6/11/2025 11:22:54,SSTDR,24,4,RG-58/U 50 ohm coax,0.66,None,Standard,0,0,24 MHz,105.762,750 KHz,11.8,7,750,-1,750,100.914,Waveform,87.75,18.8446211463436
W50A000F,touch_1.7.0Beta1,6/11/2025 11:22:54,SSTDR,24,4,RG-58/U 50 ohm coax,0.66,None,Standard,0,0,24 MHz,105.762,750 KHz,11.8,7,750,-1,750,100.914,Waveform,88,14.0000000000005
W50A000F,touch_1.7.0Beta1,6/11/2025 11:22:54,SSTDR,24,4,RG-58/U 50 ohm coax,0.66,None,Standard,0,0,24 MHz,105.762,750 KHz,11.8,7,750,-1,750,100.914,Waveform,88.25,3.79986679751352
W50A000F,touch_1.7.0Beta1,6/11/2025 11:22:54,SSTDR,24,4,RG-58/U 50 ohm coax,0.66,None,Standard,0,0,24 MHz,105.762,750 KHz,11.8,7,750,-1,750,100.914,Waveform,88.5,-8.24480394700196
W50A000F,touch_1.7.0Beta1,6/11/2025 11:22:54,SSTDR,24,4,RG-58/U 50 ohm coax,0.66,None,Standard,0,0,24 MHz,105.762,750 KHz,11.8,7,750,-1,750,100.914,Waveform,88.75,-18.062321149328
W50A000F,touch_1.7.0Beta1,6/11/2025 11:22:54,SSTDR,24,4,RG-58/U 50 ohm coax,0.66,None,Standard,0,0,24 MHz,105.762,750 KHz,11.8,7,750,-1,750,100.914,Waveform,89,-22.9999999999996
W50A000F,touch_1.7.0Beta1,6/11/2025 11:22:54,SSTDR,24,4,RG-58/U 50 ohm coax,0.66,None,Standard,0,0,24 MHz,105.762,750 KHz,11.8,7,750,-1,750,100.914,Waveform,89.25,-23.0321396157269
W50A000F,touch_1.7.0Beta1,6/11/2025 11:22:54,SSTDR,24,4,RG-58/U 50 ohm coax,0.66,None,Standard,0,0,24 MHz,105.762,750 KHz,11.8,7,750,-1,750,100.914,Waveform,89.5,-20.4720539763265
W50A000F,touch_1.7.0Beta1,6/11/2025 11:22:54,SSTDR,24,4,RG-58/U 50 ohm coax,0.66,None,Standard,0,0,24 MHz,105.762,750 KHz,11.8,7,750,-1,750,100.914,Waveform,89.75,-18.2922968665578
W50A000F,touch_1.7.0Beta1,6/11/2025 11:22:54,SSTDR,24,4,RG-58/U 50 ohm coax,0.66,None,Standard,0,0,24 MHz,105.762,750 KHz,11.8,7,750,-1,750,100.914,Waveform,90,-18.0000000000013
W50A000F,touch_1.7.0Beta1,6/11/2025 11:22:54,SSTDR,24,4,RG-58/U 50 ohm coax,0.66,None,Standard,0,0,24 MHz,105.762,750 KHz,11.8,7,750,-1,750,100.914,Waveform,90.25,-18.3739659822661
W50A000F,touch_1.7.0Beta1,6/11/2025 11:22:54,SSTDR,24,4,RG-58/U 50 ohm coax,0.66,None,Standard,0,0,24 MHz,105.762,750 KHz,11.8,7,750,-1,750,100.914,Waveform,90.5,-15.9812616090203
W50A000F,touch_1.7.0Beta1,6/11/2025 11:22:54,SSTDR,24,4,RG-58/U 50 ohm coax,0.66,None,Standard,0,0,24 MHz,105.762,750 KHz,11.8,7,750,-1,750,100.914,Waveform,90.75,-7.40001797740825
W50A000F,touch_1.7.0Beta1,6/11/2025 11:22:54,SSTDR,24,4,RG-58/U 50 ohm coax,0.66,None,Standard,0,0,24 MHz,105.762,750 KHz,11.8,7,750,-1,750,100.914,Waveform,91,7.9999999999989
W50A000F,touch_1.7.0Beta1,6/11/2025 11:22:54,SSTDR,24,4,RG-58/U 50 ohm coax,0.66,None,Standard,0,0,24 MHz,105.762,750 KHz,11.8,7,750,-1,750,100.914,Waveform,91.25,26.3979721391794
W50A000F,touch_1.7.0Beta1,6/11/2025 11:22:54,SSTDR,24,4,RG-58/U 50 ohm coax,0.66,None,Standard,0,0,24 MHz,105.762,750 KHz,11.8,7,750,-1,750,100.914,Waveform,91.5,40.2628714468244
W50A000F,touch_1.7.0Beta1,6/11/2025 11:22:54,SSTDR,24,4,RG-58/U 50 ohm coax,0.66,None,Standard,0,0,24 MHz,105.762,750 KHz,11.8,7,750,-1,750,100.914,Waveform,91.75,41.5538227769207
W50A000F,touch_1.7.0Beta1,6/11/2025 11:22:54,SSTDR,24,4,RG-58/U 50 ohm coax,0.66,None,Standard,0,0,24 MHz,105.762,750 KHz,11.8,7,750,-1,750,100.914,Waveform,92,25.9999999999991
W50A000F,touch_1.7.0Beta1,6/11/2025 11:22:54,SSTDR,24,4,RG-58/U 50 ohm coax,0.66,None,Standard,0,0,24 MHz,105.762,750 KHz,11.8,7,750,-1,750,100.914,Waveform,92.25,-3.77540738269133
W50A000F,touch_1.7.0Beta1,6/11/2025 11:22:54,SSTDR,24,4,RG-58/U 50 ohm coax,0.66,None,Standard,0,0,24 MHz,105.762,750 KHz,11.8,7,750,-1,750,100.914,Waveform,92.5,-38.2259734195569
W50A000F,touch_1.7.0Beta1,6/11/2025 11:22:54,SSTDR,24,4,RG-58/U 50 ohm coax,0.66,None,Standard,0,0,24 MHz,105.762,750 KHz,11.8,7,750,-1,750,100.914,Waveform,92.75,-64.4556234825392
W50A000F,touch_1.7.0Beta1,6/11/2025 11:22:54,SSTDR,24,4,RG-58/U 50 ohm coax,0.66,None,Standard,0,0,24 MHz,105.762,750 KHz,11.8,7,750,-1,750,100.914,Waveform,93,-71.9999999999994
W50A000F,touch_1.7.0Beta1,6/11/2025 11:22:54,SSTDR,24,4,RG-58/U 50 ohm coax,0.66,None,Standard,0,0,24 MHz,105.762,750 KHz,11.8,7,750,-1,750,100.914,Waveform,93.25,-58.0494050002726
W50A000F,touch_1.7.0Beta1,6/11/2025 11:22:54,SSTDR,24,4,RG-58/U 50 ohm coax,0.66,None,Standard,0,0,24 MHz,105.762,750 KHz,11.8,7,750,-1,750,100.914,Waveform,93.5,-29.3280892062766
W50A000F,touch_1.7.0Beta1,6/11/2025 11:22:54,SSTDR,24,4,RG-58/U 50 ohm coax,0.66,None,Standard,0,0,24 MHz,105.762,750 KHz,11.8,7,750,-1,750,100.914,Waveform,93.75,0.664082857880073
W50A000F,touch_1.7.0Beta1,6/11/2025 11:22:54,SSTDR,24,4,RG-58/U 50 ohm coax,0.66,None,Standard,0,0,24 MHz,105.762,750 KHz,11.8,7,750,-1,750,100.914,Waveform,94,18
W50A000F,touch_1.7.0Beta1,6/11/2025 11:22:54,SSTDR,24,4,RG-58/U 50 ohm coax,0.66,None,Standard,0,0,24 MHz,105.762,750 KHz,11.8,7,750,-1,750,100.914,Waveform,94.25,15.217788838587
W50A000F,touch_1.7.0Beta1,6/11/2025 11:22:54,SSTDR,24,4,RG-58/U 50 ohm coax,0.66,None,Standard,0,0,24 MHz,105.762,750 KHz,11.8,7,750,-1,750,100.914,Waveform,94.5,-4.82449045633101
W50A000F,touch_1.7.0Beta1,6/11/2025 11:22:54,SSTDR,24,4,RG-58/U 50 ohm coax,0.66,None,Standard,0,0,24 MHz,105.762,750 KHz,11.8,7,750,-1,750,100.914,Waveform,94.75,-30.3656582846452
W50A000F,touch_1.7.0Beta1,6/11/2025 11:22:54,SSTDR,24,4,RG-58/U 50 ohm coax,0.66,None,Standard,0,0,24 MHz,105.762,750 KHz,11.8,7,750,-1,750,100.914,Waveform,95,-46.999999999999
W50A000F,touch_1.7.0Beta1,6/11/2025 11:22:54,SSTDR,24,4,RG-58/U 50 ohm coax,0.66,None,Standard,0,0,24 MHz,105.762,750 KHz,11.8,7,750,-1,750,100.914,Waveform,95.25,-45.7024821191683
W50A000F,touch_1.7.0Beta1,6/11/2025 11:22:54,SSTDR,24,4,RG-58/U 50 ohm coax,0.66,None,Standard,0,0,24 MHz,105.762,750 KHz,11.8,7,750,-1,750,100.914,Waveform,95.5,-28.3515866118677
W50A000F,touch_1.7.0Beta1,6/11/2025 11:22:54,SSTDR,24,4,RG-58/U 50 ohm coax,0.66,None,Standard,0,0,24 MHz,105.762,750 KHz,11.8,7,750,-1,750,100.914,Waveform,95.75,-7.49995036138561
W50A000F,touch_1.7.0Beta1,6/11/2025 11:22:54,SSTDR,24,4,RG-58/U 50 ohm coax,0.66,None,Standard,0,0,24 MHz,105.762,750 KHz,11.8,7,750,-1,750,100.914,Waveform,96,5.19711258155959e-13
W50A000F,touch_1.7.0Beta1,6/11/2025 11:22:54,SSTDR,24,4,RG-58/U 50 ohm coax,0.66,None,Standard,0,0,24 MHz,105.762,750 KHz,11.8,7,750,-1,750,100.914,Waveform,96.25,-17.3931228337868
W50A000F,touch_1.7.0Beta1,6/11/2025 11:22:54,SSTDR,24,4,RG-58/U 50 ohm coax,0.66,None,Standard,0,0,24 MHz,105.762,750 KHz,11.8,7,750,-1,750,100.914,Waveform,96.5,-57.9832733288172
W50A000F,touch_1.7.0Beta1,6/11/2025 11:22:54,SSTDR,24,4,RG-58/U 50 ohm coax,0.66,None,Standard,0,0,24 MHz,105.762,750 KHz,11.8,7,750,-1,750,100.914,Waveform,96.75,-105.072872903087
W50A000F,touch_1.7.0Beta1,6/11/2025 11:22:54,SSTDR,24,4,RG-58/U 50 ohm coax,0.66,None,Standard,0,0,24 MHz,105.762,750 KHz,11.8,7,750,-1,750,100.914,Waveform,97,-132.999999999999
W50A000F,touch_1.7.0Beta1,6/11/2025 11:22:54,SSTDR,24,4,RG-58/U 50 ohm coax,0.66,None,Standard,0,0,24 MHz,105.762,750 KHz,11.8,7,750,-1,750,100.914,Waveform,97.25,-118.708349226083
W50A000F,touch_1.7.0Beta1,6/11/2025 11:22:54,SSTDR,24,4,RG-58/U 50 ohm coax,0.66,None,Standard,0,0,24 MHz,105.762,750 KHz,11.8,7,750,-1,750,100.914,Waveform,97.5,-53.5684485708407
W50A000F,touch_1.7.0Beta1,6/11/2025 11:22:54,SSTDR,24,4,RG-58/U 50 ohm coax,0.66,None,Standard,0,0,24 MHz,105.762,750 KHz,11.8,7,750,-1,750,100.914,Waveform,97.75,50.3505148229867
W50A000F,touch_1.7.0Beta1,6/11/2025 11:22:54,SSTDR,24,4,RG-58/U 50 ohm coax,0.66,None,Standard,0,0,24 MHz,105.762,750 KHz,11.8,7,750,-1,750,100.914,Waveform,98,163.000000000001
W50A000F,touch_1.7.0Beta1,6/11/2025 11:22:54,SSTDR,24,4,RG-58/U 50 ohm coax,0.66,None,Standard,0,0,24 MHz,105.762,750 KHz,11.8,7,750,-1,750,100.914,Waveform,98.25,247.342611383804
W50A000F,touch_1.7.0Beta1,6/11/2025 11:22:54,SSTDR,24,4,RG-58/U 50 ohm coax,0.66,None,Standard,0,0,24 MHz,105.762,750 KHz,11.8,7,750,-1,750,100.914,Waveform,98.5,273.95193025188
W50A000F,touch_1.7.0Beta1,6/11/2025 11:22:54,SSTDR,24,4,RG-58/U 50 ohm coax,0.66,None,Standard,0,0,24 MHz,105.762,750 KHz,11.8,7,750,-1,750,100.914,Waveform,98.75,232.788627656938
W50A000F,touch_1.7.0Beta1,6/11/2025 11:22:54,SSTDR,24,4,RG-58/U 50 ohm coax,0.66,None,Standard,0,0,24 MHz,105.762,750 KHz,11.8,7,750,-1,750,100.914,Waveform,99,136.999999999998
W50A000F,touch_1.7.0Beta1,6/11/2025 11:22:54,SSTDR,24,4,RG-58/U 50 ohm coax,0.66,None,Standard,0,0,24 MHz,105.762,750 KHz,11.8,7,750,-1,750,100.914,Waveform,99.25,17.2790896964023
W50A000F,touch_1.7.0Beta1,6/11/2025 11:22:54,SSTDR,24,4,RG-58/U 50 ohm coax,0.66,None,Standard,0,0,24 MHz,105.762,750 KHz,11.8,7,750,-1,750,100.914,Waveform,99.5,-90.4130987527057
W50A000F,touch_1.7.0Beta1,6/11/2025 11:22:54,SSTDR,24,4,RG-58/U 50 ohm coax,0.66,None,Standard,0,0,24 MHz,105.762,750 KHz,11.8,7,750,-1,750,100.914,Waveform,99.75,-158.184132564627
W50A000F,touch_1.7.0Beta1,6/11/2025 11:22:54,SSTDR,24,4,RG-58/U 50 ohm coax,0.66,None,Standard,0,0,24 MHz,105.762,750 KHz,11.8,7,750,-1,750,100.914,Waveform,100,-175
W50A000F,touch_1.7.0Beta1,6/11/2025 11:22:54,SSTDR,24,4,RG-58/U 50 ohm coax,0.66,None,Standard,0,0,24 MHz,105.762,750 KHz,11.8,7,750,-1,750,100.914,Waveform,100.25,-147.87376904607
W50A000F,touch_1.7.0Beta1,6/11/2025 11:22:54,SSTDR,24,4,RG-58/U 50 ohm coax,0.66,None,Standard,0,0,24 MHz,105.762,750 KHz,11.8,7,750,-1,750,100.914,Waveform,100.5,-96.0888087932213
W50A000F,touch_1.7.0Beta1,6/11/2025 11:22:54,SSTDR,24,4,RG-58/U 50 ohm coax,0.66,None,Standard,0,0,24 MHz,105.762,750 KHz,11.8,7,750,-1,750,100.914,Waveform,100.75,-42.0258575527504
W50A000F,touch_1.7.0Beta1,6/11/2025 11:22:54,SSTDR,24,4,RG-58/U 50 ohm coax,0.66,None,Standard,0,0,24 MHz,105.762,750 KHz,11.8,7,750,-1,750,100.914,Waveform,101,-2.99999999999986
W50A000F,touch_1.7.0Beta1,6/11/2025 11:22:54,SSTDR,24,4,RG-58/U 50 ohm coax,0.66,None,Standard,0,0,24 MHz,105.762,750 KHz,11.8,7,750,-1,750,100.914,Waveform,101.25,12.8720519955215
W50A000F,touch_1.7.0Beta1,6/11/2025 11:22:54,SSTDR,24,4,RG-58/U 50 ohm coax,0.66,None,Standard,0,0,24 MHz,105.762,750 KHz,11.8,7,750,-1,750,100.914,Waveform,101.5,6.31386658593725
W50A000F,touch_1.7.0Beta1,6/11/2025 11:22:54,SSTDR,24,4,RG-58/U 50 ohm coax,0.66,None,Standard,0,0,24 MHz,105.762,750 KHz,11.8,7,750,-1,750,100.914,Waveform,101.75,-16.2253626599947
W50A000F,touch_1.7.0Beta1,6/11/2025 11:22:54,SSTDR,24,4,RG-58/U 50 ohm coax,0.66,None,Standard,0,0,24 MHz,105.762,750 KHz,11.8,7,750,-1,750,100.914,Waveform,102,-46.0000000000005
W50A000F,touch_1.7.0Beta1,6/11/2025 11:22:54,SSTDR,24,4,RG-58/U 50 ohm coax,0.66,None,Standard,0,0,24 MHz,105.762,750 KHz,11.8,7,750,-1,750,100.914,Waveform,102.25,-74.1504824786157
W50A000F,touch_1.7.0Beta1,6/11/2025 11:22:54,SSTDR,24,4,RG-58/U 50 ohm coax,0.66,None,Standard,0,0,24 MHz,105.762,750 KHz,11.8,7,750,-1,750,100.914,Waveform,102.5,-92.669508108921
W50A000F,touch_1.7.0Beta1,6/11/2025 11:22:54,SSTDR,24,4,RG-58/U 50 ohm coax,0.66,None,Standard,0,0,24 MHz,105.762,750 KHz,11.8,7,750,-1,750,100.914,Waveform,102.75,-95.259595014296
W50A000F,touch_1.7.0Beta1,6/11/2025 11:22:54,SSTDR,24,4,RG-58/U 50 ohm coax,0.66,None,Standard,0,0,24 MHz,105.762,750 KHz,11.8,7,750,-1,750,100.914,Waveform,103,-79.0000000000009
W50A000F,touch_1.7.0Beta1,6/11/2025 11:22:54,SSTDR,24,4,RG-58/U 50 ohm coax,0.66,None,Standard,0,0,24 MHz,105.762,750 KHz,11.8,7,750,-1,750,100.914,Waveform,103.25,-46.4941017010115
W50A000F,touch_1.7.0Beta1,6/11/2025 11:22:54,SSTDR,24,4,RG-58/U 50 ohm coax,0.66,None,Standard,0,0,24 MHz,105.762,750 KHz,11.8,7,750,-1,750,100.914,Waveform,103.5,-6.88858707983263
W50A000F,touch_1.7.0Beta1,6/11/2025 11:22:54,SSTDR,24,4,RG-58/U 50 ohm coax,0.66,None,Standard,0,0,24 MHz,105.762,750 KHz,11.8,7,750,-1,750,100.914,Waveform,103.75,26.0190383722998
W50A000F,touch_1.7.0Beta1,6/11/2025 11:22:54,SSTDR,24,4,RG-58/U 50 ohm coax,0.66,None,Standard,0,0,24 MHz,105.762,750 KHz,11.8,7,750,-1,750,100.914,Waveform,104,38.9999999999986
W50A000F,touch_1.7.0Beta1,6/11/2025 11:22:54,SSTDR,24,4,RG-58/U 50 ohm coax,0.66,None,Standard,0,0,24 MHz,105.762,750 KHz,11.8,7,750,-1,750,100.914,Waveform,104.25,26.1027648956996
W50A000F,touch_1.7.0Beta1,6/11/2025 11:22:54,SSTDR,24,4,RG-58/U 50 ohm coax,0.66,None,Standard,0,0,24 MHz,105.762,750 KHz,11.8,7,750,-1,750,100.914,Waveform,104.5,-6.68702808584351
W50A000F,touch_1.7.0Beta1,6/11/2025 11:22:54,SSTDR,24,4,RG-58/U 50 ohm coax,0.66,None,Standard,0,0,24 MHz,105.762,750 KHz,11.8,7,750,-1,750,100.914,Waveform,104.75,-42.1751952383749
W50A000F,touch_1.7.0Beta1,6/11/2025 11:22:54,SSTDR,24,4,RG-58/U 50 ohm coax,0.66,None,Standard,0,0,24 MHz,105.762,750 KHz,11.8,7,750,-1,750,100.914,Waveform,105,-58.9999999999994
W50A000F,touch_1.7.0Beta1,6/11/2025 11:22:54,SSTDR,24,4,RG-58/U 50 ohm coax,0.66,None,Standard,0,0,24 MHz,105.762,750 KHz,11.8,7,750,-1,750,100.914,Waveform,105.25,-42.3521493596389
W50A000F,touch_1.7.0Beta1,6/11/2025 11:22:54,SSTDR,24,4,RG-58/U 50 ohm coax,0.66,None,Standard,0,0,24 MHz,105.762,750 KHz,11.8,7,750,-1,750,100.914,Waveform,105.5,6.9539756099935
W50A000F,touch_1.7.0Beta1,6/11/2025 11:22:54,SSTDR,24,4,RG-58/U 50 ohm coax,0.66,None,Standard,0,0,24 MHz,105.762,750 KHz,11.8,7,750,-1,750,100.914,Waveform,105.75,70.4109526137183
W50A000F,touch_1.7.0Beta1,6/11/2025 11:22:54,SSTDR,24,4,RG-58/U 50 ohm coax,0.66,None,Standard,0,0,24 MHz,105.762,750 KHz,11.8,7,750,-1,750,100.914,Waveform,106,119
W50A000F,touch_1.7.0Beta1,6/11/2025 11:22:54,SSTDR,24,4,RG-58/U 50 ohm coax,0.66,None,Standard,0,0,24 MHz,105.762,750 KHz,11.8,7,750,-1,750,100.914,Waveform,106.25,126.994197459702
W50A000F,touch_1.7.0Beta1,6/11/2025 11:22:54,SSTDR,24,4,RG-58/U 50 ohm coax,0.66,None,Standard,0,0,24 MHz,105.762,750 KHz,11.8,7,750,-1,750,100.914,Waveform,106.5,85.6947799294457
W50A000F,touch_1.7.0Beta1,6/11/2025 11:22:54,SSTDR,24,4,RG-58/U 50 ohm coax,0.66,None,Standard,0,0,24 MHz,105.762,750 KHz,11.8,7,750,-1,750,100.914,Waveform,106.75,9.62129726218757
W50A000F,touch_1.7.0Beta1,6/11/2025 11:22:54,SSTDR,24,4,RG-58/U 50 ohm coax,0.66,None,Standard,0,0,24 MHz,105.762,750 KHz,11.8,7,750,-1,750,100.914,Waveform,107,-69.0000000000021
W50A000F,touch_1.7.0Beta1,6/11/2025 11:22:54,SSTDR,24,4,RG-58/U 50 ohm coax,0.66,None,Standard,0,0,24 MHz,105.762,750 KHz,11.8,7,750,-1,750,100.914,Waveform,107.25,-115.594728363584
W50A000F,touch_1.7.0Beta1,6/11/2025 11:22:54,SSTDR,24,4,RG-58/U 50 ohm coax,0.66,None,Standard,0,0,24 MHz,105.762,750 KHz,11.8,7,750,-1,750,100.914,Waveform,107.5,-111.008141893558
W50A000F,touch_1.7.0Beta1,6/11/2025 11:22:54,SSTDR,24,4,RG-58/U 50 ohm coax,0.66,None,Standard,0,0,24 MHz,105.762,750 KHz,11.8,7,750,-1,750,100.914,Waveform,107.75,-62.2686869839079
W50A000F,touch_1.7.0Beta1,6/11/2025 11:22:54,SSTDR,24,4,RG-58/U 50 ohm coax,0.66,None,Standard,0,0,24 MHz,105.762,750 KHz,11.8,7,750,-1,750,100.914,Waveform,108,8.85133236546868e-13
W50A000F,touch_1.7.0Beta1,6/11/2025 11:22:54,SSTDR,24,4,RG-58/U 50 ohm coax,0.66,None,Standard,0,0,24 MHz,105.762,750 KHz,11.8,7,750,-1,750,100.914,Waveform,108.25,37.0398683977793
W50A000F,touch_1.7.0Beta1,6/11/2025 11:22:54,SSTDR,24,4,RG-58/U 50 ohm coax,0.66,None,Standard,0,0,24 MHz,105.762,750 KHz,11.8,7,750,-1,750,100.914,Waveform,108.5,22.7277710219091
W50A000F,touch_1.7.0Beta1,6/11/2025 11:22:54,SSTDR,24,4,RG-58/U 50 ohm coax,0.66,None,Standard,0,0,24 MHz,105.762,750 KHz,11.8,7,750,-1,750,100.914,Waveform,108.75,-41.3350558045658
W50A000F,touch_1.7.0Beta1,6/11/2025 11:22:54,SSTDR,24,4,RG-58/U 50 ohm coax,0.66,None,Standard,0,0,24 MHz,105.762,750 KHz,11.8,7,750,-1,750,100.914,Waveform,109,-124.999999999996
W50A000F,touch_1.7.0Beta1,6/11/2025 11:22:54,SSTDR,24,4,RG-58/U 50 ohm coax,0.66,None,Standard,0,0,24 MHz,105.762,750 KHz,11.8,7,750,-1,750,100.914,Waveform,109.25,-184.308783268085
W50A000F,touch_1.7.0Beta1,6/11/2025 11:22:54,SSTDR,24,4,RG-58/U 50 ohm coax,0.66,None,Standard,0,0,24 MHz,105.762,750 KHz,11.8,7,750,-1,750,100.914,Waveform,109.5,-184.628063160592
W50A000F,touch_1.7.0Beta1,6/11/2025 11:22:54,SSTDR,24,4,RG-58/U 50 ohm coax,0.66,None,Standard,0,0,24 MHz,105.762,750 KHz,11.8,7,750,-1,750,100.914,Waveform,109.75,-120.007082590311
W50A000F,touch_1.7.0Beta1,6/11/2025 11:22:54,SSTDR,24,4,RG-58/U 50 ohm coax,0.66,None,Standard,0,0,24 MHz,105.762,750 KHz,11.8,7,750,-1,750,100.914,Waveform,110,-18.0000000000001
W50A000F,touch_1.7.0Beta1,6/11/2025 11:22:54,SSTDR,24,4,RG-58/U 50 ohm coax,0.66,None,Standard,0,0,24 MHz,105.762,750 KHz,11.8,7,750,-1,750,100.914,Waveform,110.25,73.3867082757105
W50A000F,touch_1.7.0Beta1,6/11/2025 11:22:54,SSTDR,24,4,RG-58/U 50 ohm coax,0.66,None,Standard,0,0,24 MHz,105.762,750 KHz,11.8,7,750,-1,750,100.914,Waveform,110.5,110.324183307319
W50A000F,touch_1.7.0Beta1,6/11/2025 11:22:54,SSTDR,24,4,RG-58/U 50 ohm coax,0.66,None,Standard,0,0,24 MHz,105.762,750 KHz,11.8,7,750,-1,750,100.914,Waveform,110.75,76.438397047989
W50A000F,touch_1.7.0Beta1,6/11/2025 11:22:54,SSTDR,24,4,RG-58/U 50 ohm coax,0.66,None,Standard,0,0,24 MHz,105.762,750 KHz,11.8,7,750,-1,750,100.914,Waveform,111,-8.00000000000223
W50A000F,touch_1.7.0Beta1,6/11/2025 11:22:54,SSTDR,24,4,RG-58/U 50 ohm coax,0.66,None,Standard,0,0,24 MHz,105.762,750 KHz,11.8,7,750,-1,750,100.914,Waveform,111.25,-96.4699889675356
W50A000F,touch_1.7.0Beta1,6/11/2025 11:22:54,SSTDR,24,4,RG-58/U 50 ohm coax,0.66,None,Standard,0,0,24 MHz,105.762,750 KHz,11.8,7,750,-1,750,100.914,Waveform,111.5,-141.092924060918
W50A000F,touch_1.7.0Beta1,6/11/2025 11:22:54,SSTDR,24,4,RG-58/U 50 ohm coax,0.66,None,Standard,0,0,24 MHz,105.762,750 KHz,11.8,7,750,-1,750,100.914,Waveform,111.75,-118.747753932421
W50A000F,touch_1.7.0Beta1,6/11/2025 11:22:54,SSTDR,24,4,RG-58/U 50 ohm coax,0.66,None,Standard,0,0,24 MHz,105.762,750 KHz,11.8,7,750,-1,750,100.914,Waveform,112,-44.0000000000006
W50A000F,touch_1.7.0Beta1,6/11/2025 11:22:54,SSTDR,24,4,RG-58/U 50 ohm coax,0.66,None,Standard,0,0,24 MHz,105.762,750 KHz,11.8,7,750,-1,750,100.914,Waveform,112.25,38.710035632926
W50A000F,touch_1.7.0Beta1,6/11/2025 11:22:54,SSTDR,24,4,RG-58/U 50 ohm coax,0.66,None,Standard,0,0,24 MHz,105.762,750 KHz,11.8,7,750,-1,750,100.914,Waveform,112.5,79.835808317887
W50A000F,touch_1.7.0Beta1,6/11/2025 11:22:54,SSTDR,24,4,RG-58/U 50 ohm coax,0.66,None,Standard,0,0,24 MHz,105.762,750 KHz,11.8,7,750,-1,750,100.914,Waveform,112.75,53.0168876824197
W50A000F,touch_1.7.0Beta1,6/11/2025 11:22:54,SSTDR,24,4,RG-58/U 50 ohm coax,0.66,None,Standard,0,0,24 MHz,105.762,375 KHz,11.76,7,750,-1,750,197.37,Calibration,1,-50
W50A000F,touch_1.7.0Beta1,6/11/2025 11:22:54,SSTDR,24,4,RG-58/U 50 ohm coax,0.66,None,Standard,0,0,24 MHz,105.762,375 KHz,11.76,7,750,-1,750,197.37,Calibration,2,-31
W50A000F,touch_1.7.0Beta1,6/11/2025 11:22:54,SSTDR,24,4,RG-58/U 50 ohm coax,0.66,None,Standard,0,0,24 MHz,105.762,375 KHz,11.76,7,750,-1,750,197.37,Calibration,3,-55
W50A000F,touch_1.7.0Beta1,6/11/2025 11:22:54,SSTDR,24,4,RG-58/U 50 ohm coax,0.66,None,Standard,0,0,24 MHz,105.762,375 KHz,11.76,7,750,-1,750,197.37,Calibration,4,-27
W50A000F,touch_1.7.0Beta1,6/11/2025 11:22:54,SSTDR,24,4,RG-58/U 50 ohm coax,0.66,None,Standard,0,0,24 MHz,105.762,375 KHz,11.76,7,750,-1,750,197.37,Calibration,5,-52
W50A000F,touch_1.7.0Beta1,6/11/2025 11:22:54,SSTDR,24,4,RG-58/U 50 ohm coax,0.66,None,Standard,0,0,24 MHz,105.762,375 KHz,11.76,7,750,-1,750,197.37,Calibration,6,-85
W50A000F,touch_1.7.0Beta1,6/11/2025 11:22:54,SSTDR,24,4,RG-58/U 50 ohm coax,0.66,None,Standard,0,0,24 MHz,105.762,375 KHz,11.76,7,750,-1,750,197.37,Calibration,7,-39
W50A000F,touch_1.7.0Beta1,6/11/2025 11:22:54,SSTDR,24,4,RG-58/U 50 ohm coax,0.66,None,Standard,0,0,24 MHz,105.762,375 KHz,11.76,7,750,-1,750,197.37,Calibration,8,-57
W50A000F,touch_1.7.0Beta1,6/11/2025 11:22:54,SSTDR,24,4,RG-58/U 50 ohm coax,0.66,None,Standard,0,0,24 MHz,105.762,375 KHz,11.76,7,750,-1,750,197.37,Calibration,9,-82
W50A000F,touch_1.7.0Beta1,6/11/2025 11:22:54,SSTDR,24,4,RG-58/U 50 ohm coax,0.66,None,Standard,0,0,24 MHz,105.762,375 KHz,11.76,7,750,-1,750,197.37,Calibration,10,-17007
W50A000F,touch_1.7.0Beta1,6/11/2025 11:22:54,SSTDR,24,4,RG-58/U 50 ohm coax,0.66,None,Standard,0,0,24 MHz,105.762,375 KHz,11.76,7,750,-1,750,197.37,Calibration,11,-26010
W50A000F,touch_1.7.0Beta1,6/11/2025 11:22:54,SSTDR,24,4,RG-58/U 50 ohm coax,0.66,None,Standard,0,0,24 MHz,105.762,375 KHz,11.76,7,750,-1,750,197.37,Calibration,12,32767
W50A000F,touch_1.7.0Beta1,6/11/2025 11:22:54,SSTDR,24,4,RG-58/U 50 ohm coax,0.66,None,Standard,0,0,24 MHz,105.762,375 KHz,11.76,7,750,-1,750,197.37,Calibration,13,32767
W50A000F,touch_1.7.0Beta1,6/11/2025 11:22:54,SSTDR,24,4,RG-58/U 50 ohm coax,0.66,None,Standard,0,0,24 MHz,105.762,375 KHz,11.76,7,750,-1,750,197.37,Calibration,14,-14298
W50A000F,touch_1.7.0Beta1,6/11/2025 11:22:54,SSTDR,24,4,RG-58/U 50 ohm coax,0.66,None,Standard,0,0,24 MHz,105.762,375 KHz,11.76,7,750,-1,750,197.37,Calibration,15,-32679
W50A000F,touch_1.7.0Beta1,6/11/2025 11:22:54,SSTDR,24,4,RG-58/U 50 ohm coax,0.66,None,Standard,0,0,24 MHz,105.762,375 KHz,11.76,7,750,-1,750,197.37,Calibration,16,-13319
W50A000F,touch_1.7.0Beta1,6/11/2025 11:22:54,SSTDR,24,4,RG-58/U 50 ohm coax,0.66,None,Standard,0,0,24 MHz,105.762,375 KHz,11.76,7,750,-1,750,197.37,Calibration,17,10203
W50A000F,touch_1.7.0Beta1,6/11/2025 11:22:54,SSTDR,24,4,RG-58/U 50 ohm coax,0.66,None,Standard,0,0,24 MHz,105.762,375 KHz,11.76,7,750,-1,750,197.37,Calibration,18,5175
W50A000F,touch_1.7.0Beta1,6/11/2025 11:22:54,SSTDR,24,4,RG-58/U 50 ohm coax,0.66,None,Standard,0,0,24 MHz,105.762,375 KHz,11.76,7,750,-1,750,197.37,Calibration,19,2628
W50A000F,touch_1.7.0Beta1,6/11/2025 11:22:54,SSTDR,24,4,RG-58/U 50 ohm coax,0.66,None,Standard,0,0,24 MHz,105.762,375 KHz,11.76,7,750,-1,750,197.37,Calibration,20,1295
W50A000F,touch_1.7.0Beta1,6/11/2025 11:22:54,SSTDR,24,4,RG-58/U 50 ohm coax,0.66,None,Standard,0,0,24 MHz,105.762,375 KHz,11.76,7,750,-1,750,197.37,Calibration,21,638
W50A000F,touch_1.7.0Beta1,6/11/2025 11:22:54,SSTDR,24,4,RG-58/U 50 ohm coax,0.66,None,Standard,0,0,24 MHz,105.762,375 KHz,11.76,7,750,-1,750,197.37,Calibration,22,345
W50A000F,touch_1.7.0Beta1,6/11/2025 11:22:54,SSTDR,24,4,RG-58/U 50 ohm coax,0.66,None,Standard,0,0,24 MHz,105.762,375 KHz,11.76,7,750,-1,750,197.37,Calibration,23,158
W50A000F,touch_1.7.0Beta1,6/11/2025 11:22:54,SSTDR,24,4,RG-58/U 50 ohm coax,0.66,None,Standard,0,0,24 MHz,105.762,375 KHz,11.76,7,750,-1,750,197.37,Calibration,24,39
W50A000F,touch_1.7.0Beta1,6/11/2025 11:22:54,SSTDR,24,4,RG-58/U 50 ohm coax,0.66,None,Standard,0,0,24 MHz,105.762,375 KHz,11.76,7,750,-1,750,197.37,Calibration,25,11
W50A000F,touch_1.7.0Beta1,6/11/2025 11:22:54,SSTDR,24,4,RG-58/U 50 ohm coax,0.66,None,Standard,0,0,24 MHz,105.762,375 KHz,11.76,7,750,-1,750,197.37,Calibration,26,94
W50A000F,touch_1.7.0Beta1,6/11/2025 11:22:54,SSTDR,24,4,RG-58/U 50 ohm coax,0.66,None,Standard,0,0,24 MHz,105.762,375 KHz,11.76,7,750,-1,750,197.37,Calibration,27,11
W50A000F,touch_1.7.0Beta1,6/11/2025 11:22:54,SSTDR,24,4,RG-58/U 50 ohm coax,0.66,None,Standard,0,0,24 MHz,105.762,375 KHz,11.76,7,750,-1,750,197.37,Calibration,28,-53
W50A000F,touch_1.7.0Beta1,6/11/2025 11:22:54,SSTDR,24,4,RG-58/U 50 ohm coax,0.66,None,Standard,0,0,24 MHz,105.762,375 KHz,11.76,7,750,-1,750,197.37,Calibration,29,-75
W50A000F,touch_1.7.0Beta1,6/11/2025 11:22:54,SSTDR,24,4,RG-58/U 50 ohm coax,0.66,None,Standard,0,0,24 MHz,105.762,375 KHz,11.76,7,750,-1,750,197.37,Calibration,30,25
W50A000F,touch_1.7.0Beta1,6/11/2025 11:22:54,SSTDR,24,4,RG-58/U 50 ohm coax,0.66,None,Standard,0,0,24 MHz,105.762,375 KHz,11.76,7,750,-1,750,197.37,Calibration,31,43
W50A000F,touch_1.7.0Beta1,6/11/2025 11:22:54,SSTDR,24,4,RG-58/U 50 ohm coax,0.66,None,Standard,0,0,24 MHz,105.762,375 KHz,11.76,7,750,-1,750,197.37,Calibration,32,-16
W50A000F,touch_1.7.0Beta1,6/11/2025 11:22:54,SSTDR,24,4,RG-58/U 50 ohm coax,0.66,None,Standard,0,0,24 MHz,105.762,375 KHz,11.76,7,750,-1,750,197.37,Calibration,33,-28
W50A000F,touch_1.7.0Beta1,6/11/2025 11:22:54,SSTDR,24,4,RG-58/U 50 ohm coax,0.66,None,Standard,0,0,24 MHz,105.762,375 KHz,11.76,7,750,-1,750,197.37,Calibration,34,-32
W50A000F,touch_1.7.0Beta1,6/11/2025 11:22:54,SSTDR,24,4,RG-58/U 50 ohm coax,0.66,None,Standard,0,0,24 MHz,105.762,375 KHz,11.76,7,750,-1,750,197.37,Calibration,35,-56
W50A000F,touch_1.7.0Beta1,6/11/2025 11:22:54,SSTDR,24,4,RG-58/U 50 ohm coax,0.66,None,Standard,0,0,24 MHz,105.762,375 KHz,11.76,7,750,-1,750,197.37,Calibration,36,-112
W50A000F,touch_1.7.0Beta1,6/11/2025 11:22:54,SSTDR,24,4,RG-58/U 50 ohm coax,0.66,None,Standard,0,0,24 MHz,105.762,375 KHz,11.76,7,750,-1,750,197.37,Calibration,37,-54
W50A000F,touch_1.7.0Beta1,6/11/2025 11:22:54,SSTDR,24,4,RG-58/U 50 ohm coax,0.66,None,Standard,0,0,24 MHz,105.762,375 KHz,11.76,7,750,-1,750,197.37,Calibration,38,0
W50A000F,touch_1.7.0Beta1,6/11/2025 11:22:54,SSTDR,24,4,RG-58/U 50 ohm coax,0.66,None,Standard,0,0,24 MHz,105.762,375 KHz,11.76,7,750,-1,750,197.37,Calibration,39,5
W50A000F,touch_1.7.0Beta1,6/11/2025 11:22:54,SSTDR,24,4,RG-58/U 50 ohm coax,0.66,None,Standard,0,0,24 MHz,105.762,375 KHz,11.76,7,750,-1,750,197.37,Calibration,40,-46
W50A000F,touch_1.7.0Beta1,6/11/2025 11:22:54,SSTDR,24,4,RG-58/U 50 ohm coax,0.66,None,Standard,0,0,24 MHz,105.762,375 KHz,11.76,7,750,-1,750,197.37,Calibration,41,-33
W50A000F,touch_1.7.0Beta1,6/11/2025 11:22:54,SSTDR,24,4,RG-58/U 50 ohm coax,0.66,None,Standard,0,0,24 MHz,105.762,375 KHz,11.76,7,750,-1,750,197.37,Calibration,42,-49
W50A000F,touch_1.7.0Beta1,6/11/2025 11:22:54,SSTDR,24,4,RG-58/U 50 ohm coax,0.66,None,Standard,0,0,24 MHz,105.762,375 KHz,11.76,7,750,-1,750,197.37,Calibration,43,5
W50A000F,touch_1.7.0Beta1,6/11/2025 11:22:54,SSTDR,24,4,RG-58/U 50 ohm coax,0.66,None,Standard,0,0,24 MHz,105.762,375 KHz,11.76,7,750,-1,750,197.37,Calibration,44,-111
W50A000F,touch_1.7.0Beta1,6/11/2025 11:22:54,SSTDR,24,4,RG-58/U 50 ohm coax,0.66,None,Standard,0,0,24 MHz,105.762,375 KHz,11.76,7,750,-1,750,197.37,Calibration,45,-91
W50A000F,touch_1.7.0Beta1,6/11/2025 11:22:54,SSTDR,24,4,RG-58/U 50 ohm coax,0.66,None,Standard,0,0,24 MHz,105.762,375 KHz,11.76,7,750,-1,750,197.37,Calibration,46,33
W50A000F,touch_1.7.0Beta1,6/11/2025 11:22:54,SSTDR,24,4,RG-58/U 50 ohm coax,0.66,None,Standard,0,0,24 MHz,105.762,375 KHz,11.76,7,750,-1,750,197.37,Calibration,47,-64
W50A000F,touch_1.7.0Beta1,6/11/2025 11:22:54,SSTDR,24,4,RG-58/U 50 ohm coax,0.66,None,Standard,0,0,24 MHz,105.762,375 KHz,11.76,7,750,-1,750,197.37,Calibration,48,-108
W50A000F,touch_1.7.0Beta1,6/11/2025 11:22:54,SSTDR,24,4,RG-58/U 50 ohm coax,0.66,None,Standard,0,0,24 MHz,105.762,375 KHz,11.76,7,750,-1,750,197.37,Calibration,49,1
W50A000F,touch_1.7.0Beta1,6/11/2025 11:22:54,SSTDR,24,4,RG-58/U 50 ohm coax,0.66,None,Standard,0,0,24 MHz,105.762,375 KHz,11.76,7,750,-1,750,197.37,Calibration,50,2
W50A000F,touch_1.7.0Beta1,6/11/2025 11:22:54,SSTDR,24,4,RG-58/U 50 ohm coax,0.66,None,Standard,0,0,24 MHz,105.762,375 KHz,11.76,7,750,-1,750,197.37,Calibration,51,-34
W50A000F,touch_1.7.0Beta1,6/11/2025 11:22:54,SSTDR,24,4,RG-58/U 50 ohm coax,0.66,None,Standard,0,0,24 MHz,105.762,375 KHz,11.76,7,750,-1,750,197.37,Calibration,52,33
W50A000F,touch_1.7.0Beta1,6/11/2025 11:22:54,SSTDR,24,4,RG-58/U 50 ohm coax,0.66,None,Standard,0,0,24 MHz,105.762,375 KHz,11.76,7,750,-1,750,197.37,Calibration,53,-79
W50A000F,touch_1.7.0Beta1,6/11/2025 11:22:54,SSTDR,24,4,RG-58/U 50 ohm coax,0.66,None,Standard,0,0,24 MHz,105.762,375 KHz,11.76,7,750,-1,750,197.37,Calibration,54,45
W50A000F,touch_1.7.0Beta1,6/11/2025 11:22:54,SSTDR,24,4,RG-58/U 50 ohm coax,0.66,None,Standard,0,0,24 MHz,105.762,375 KHz,11.76,7,750,-1,750,197.37,Calibration,55,-20
W50A000F,touch_1.7.0Beta1,6/11/2025 11:22:54,SSTDR,24,4,RG-58/U 50 ohm coax,0.66,None,Standard,0,0,24 MHz,105.762,375 KHz,11.76,7,750,-1,750,197.37,Calibration,56,-63
W50A000F,touch_1.7.0Beta1,6/11/2025 11:22:54,SSTDR,24,4,RG-58/U 50 ohm coax,0.66,None,Standard,0,0,24 MHz,105.762,375 KHz,11.76,7,750,-1,750,197.37,Calibration,57,-10
W50A000F,touch_1.7.0Beta1,6/11/2025 11:22:54,SSTDR,24,4,RG-58/U 50 ohm coax,0.66,None,Standard,0,0,24 MHz,105.762,375 KHz,11.76,7,750,-1,750,197.37,Calibration,58,177
W50A000F,touch_1.7.0Beta1,6/11/2025 11:22:54,SSTDR,24,4,RG-58/U 50 ohm coax,0.66,None,Standard,0,0,24 MHz,105.762,375 KHz,11.76,7,750,-1,750,197.37,Calibration,59,8
W50A000F,touch_1.7.0Beta1,6/11/2025 11:22:54,SSTDR,24,4,RG-58/U 50 ohm coax,0.66,None,Standard,0,0,24 MHz,105.762,375 KHz,11.76,7,750,-1,750,197.37,Calibration,60,27
W50A000F,touch_1.7.0Beta1,6/11/2025 11:22:54,SSTDR,24,4,RG-58/U 50 ohm coax,0.66,None,Standard,0,0,24 MHz,105.762,375 KHz,11.76,7,750,-1,750,197.37,Calibration,61,-42
W50A000F,touch_1.7.0Beta1,6/11/2025 11:22:54,SSTDR,24,4,RG-58/U 50 ohm coax,0.66,None,Standard,0,0,24 MHz,105.762,375 KHz,11.76,7,750,-1,750,197.37,Calibration,62,-53
W50A000F,touch_1.7.0Beta1,6/11/2025 11:22:54,SSTDR,24,4,RG-58/U 50 ohm coax,0.66,None,Standard,0,0,24 MHz,105.762,375 KHz,11.76,7,750,-1,750,197.37,Calibration,63,87
W50A000F,touch_1.7.0Beta1,6/11/2025 11:22:54,SSTDR,24,4,RG-58/U 50 ohm coax,0.66,None,Standard,0,0,24 MHz,105.762,375 KHz,11.76,7,750,-1,750,197.37,Calibration,64,-101
W50A000F,touch_1.7.0Beta1,6/11/2025 11:22:54,SSTDR,24,4,RG-58/U 50 ohm coax,0.66,None,Standard,0,0,24 MHz,105.762,375 KHz,11.76,7,750,-1,750,197.37,Calibration,65,-12
W50A000F,touch_1.7.0Beta1,6/11/2025 11:22:54,SSTDR,24,4,RG-58/U 50 ohm coax,0.66,None,Standard,0,0,24 MHz,105.762,375 KHz,11.76,7,750,-1,750,197.37,Calibration,66,48
W50A000F,touch_1.7.0Beta1,6/11/2025 11:22:54,SSTDR,24,4,RG-58/U 50 ohm coax,0.66,None,Standard,0,0,24 MHz,105.762,375 KHz,11.76,7,750,-1,750,197.37,Calibration,67,-3
W50A000F,touch_1.7.0Beta1,6/11/2025 11:22:54,SSTDR,24,4,RG-58/U 50 ohm coax,0.66,None,Standard,0,0,24 MHz,105.762,375 KHz,11.76,7,750,-1,750,197.37,Calibration,68,-49
W50A000F,touch_1.7.0Beta1,6/11/2025 11:22:54,SSTDR,24,4,RG-58/U 50 ohm coax,0.66,None,Standard,0,0,24 MHz,105.762,375 KHz,11.76,7,750,-1,750,197.37,Calibration,69,-92
W50A000F,touch_1.7.0Beta1,6/11/2025 11:22:54,SSTDR,24,4,RG-58/U 50 ohm coax,0.66,None,Standard,0,0,24 MHz,105.762,375 KHz,11.76,7,750,-1,750,197.37,Calibration,70,13
W50A000F,touch_1.7.0Beta1,6/11/2025 11:22:54,SSTDR,24,4,RG-58/U 50 ohm coax,0.66,None,Standard,0,0,24 MHz,105.762,375 KHz,11.76,7,750,-1,750,197.37,Calibration,71,-9
W50A000F,touch_1.7.0Beta1,6/11/2025 11:22:54,SSTDR,24,4,RG-58/U 50 ohm coax,0.66,None,Standard,0,0,24 MHz,105.762,375 KHz,11.76,7,750,-1,750,197.37,Calibration,72,-82
W50A000F,touch_1.7.0Beta1,6/11/2025 11:22:54,SSTDR,24,4,RG-58/U 50 ohm coax,0.66,None,Standard,0,0,24 MHz,105.762,375 KHz,11.76,7,750,-1,750,197.37,Calibration,73,-12
W50A000F,touch_1.7.0Beta1,6/11/2025 11:22:54,SSTDR,24,4,RG-58/U 50 ohm coax,0.66,None,Standard,0,0,24 MHz,105.762,375 KHz,11.76,7,750,-1,750,197.37,Calibration,74,12
W50A000F,touch_1.7.0Beta1,6/11/2025 11:22:54,SSTDR,24,4,RG-58/U 50 ohm coax,0.66,None,Standard,0,0,24 MHz,105.762,375 KHz,11.76,7,750,-1,750,197.37,Calibration,75,36
W50A000F,touch_1.7.0Beta1,6/11/2025 11:22:54,SSTDR,24,4,RG-58/U 50 ohm coax,0.66,None,Standard,0,0,24 MHz,105.762,375 KHz,11.76,7,750,-1,750,197.37,Calibration,76,-37
W50A000F,touch_1.7.0Beta1,6/11/2025 11:22:54,SSTDR,24,4,RG-58/U 50 ohm coax,0.66,None,Standard,0,0,24 MHz,105.762,375 KHz,11.76,7,750,-1,750,197.37,Calibration,77,-18
W50A000F,touch_1.7.0Beta1,6/11/2025 11:22:54,SSTDR,24,4,RG-58/U 50 ohm coax,0.66,None,Standard,0,0,24 MHz,105.762,375 KHz,11.76,7,750,-1,750,197.37,Calibration,78,13
W50A000F,touch_1.7.0Beta1,6/11/2025 11:22:54,SSTDR,24,4,RG-58/U 50 ohm coax,0.66,None,Standard,0,0,24 MHz,105.762,375 KHz,11.76,7,750,-1,750,197.37,Calibration,79,27
W50A000F,touch_1.7.0Beta1,6/11/2025 11:22:54,SSTDR,24,4,RG-58/U 50 ohm coax,0.66,None,Standard,0,0,24 MHz,105.762,375 KHz,11.76,7,750,-1,750,197.37,Calibration,80,-26
W50A000F,touch_1.7.0Beta1,6/11/2025 11:22:54,SSTDR,24,4,RG-58/U 50 ohm coax,0.66,None,Standard,0,0,24 MHz,105.762,375 KHz,11.76,7,750,-1,750,197.37,Calibration,81,-84
W50A000F,touch_1.7.0Beta1,6/11/2025 11:22:54,SSTDR,24,4,RG-58/U 50 ohm coax,0.66,None,Standard,0,0,24 MHz,105.762,375 KHz,11.76,7,750,-1,750,197.37,Calibration,82,-3
W50A000F,touch_1.7.0Beta1,6/11/2025 11:22:54,SSTDR,24,4,RG-58/U 50 ohm coax,0.66,None,Standard,0,0,24 MHz,105.762,375 KHz,11.76,7,750,-1,750,197.37,Calibration,83,-47
W50A000F,touch_1.7.0Beta1,6/11/2025 11:22:54,SSTDR,24,4,RG-58/U 50 ohm coax,0.66,None,Standard,0,0,24 MHz,105.762,375 KHz,11.76,7,750,-1,750,197.37,Calibration,84,-62
W50A000F,touch_1.7.0Beta1,6/11/2025 11:22:54,SSTDR,24,4,RG-58/U 50 ohm coax,0.66,None,Standard,0,0,24 MHz,105.762,375 KHz,11.76,7,750,-1,750,197.37,Calibration,85,-66
W50A000F,touch_1.7.0Beta1,6/11/2025 11:22:54,SSTDR,24,4,RG-58/U 50 ohm coax,0.66,None,Standard,0,0,24 MHz,105.762,375 KHz,11.76,7,750,-1,750,197.37,Calibration,86,3
W50A000F,touch_1.7.0Beta1,6/11/2025 11:22:54,SSTDR,24,4,RG-58/U 50 ohm coax,0.66,None,Standard,0,0,24 MHz,105.762,375 KHz,11.76,7,750,-1,750,197.37,Calibration,87,-18
W50A000F,touch_1.7.0Beta1,6/11/2025 11:22:54,SSTDR,24,4,RG-58/U 50 ohm coax,0.66,None,Standard,0,0,24 MHz,105.762,375 KHz,11.76,7,750,-1,750,197.37,Calibration,88,-91
W50A000F,touch_1.7.0Beta1,6/11/2025 11:22:54,SSTDR,24,4,RG-58/U 50 ohm coax,0.66,None,Standard,0,0,24 MHz,105.762,375 KHz,11.76,7,750,-1,750,197.37,Calibration,89,0
W50A000F,touch_1.7.0Beta1,6/11/2025 11:22:54,SSTDR,24,4,RG-58/U 50 ohm coax,0.66,None,Standard,0,0,24 MHz,105.762,375 KHz,11.76,7,750,-1,750,197.37,Calibration,90,0
W50A000F,touch_1.7.0Beta1,6/11/2025 11:22:54,SSTDR,24,4,RG-58/U 50 ohm coax,0.66,None,Standard,0,0,24 MHz,105.762,375 KHz,11.76,7,750,-1,750,197.37,Calibration,91,0
W50A000F,touch_1.7.0Beta1,6/11/2025 11:22:54,SSTDR,24,4,RG-58/U 50 ohm coax,0.66,None,Standard,0,0,24 MHz,105.762,375 KHz,11.76,7,750,-1,750,197.37,Calibration,92,0
W50A000F,touch_1.7.0Beta1,6/11/2025 11:22:54,SSTDR,24,4,RG-58/U 50 ohm coax,0.66,None,Standard,0,0,24 MHz,105.762,375 KHz,11.76,7,750,-1,750,197.37,Calibration,93,0
W50A000F,touch_1.7.0Beta1,6/11/2025 11:22:54,SSTDR,24,4,RG-58/U 50 ohm coax,0.66,None,Standard,0,0,24 MHz,105.762,375 KHz,11.76,7,750,-1,750,197.37,Calibration,94,0
W50A000F,touch_1.7.0Beta1,6/11/2025 11:22:54,SSTDR,24,4,RG-58/U 50 ohm coax,0.66,None,Standard,0,0,24 MHz,105.762,375 KHz,11.76,7,750,-1,750,197.37,Calibration,95,0
W50A000F,touch_1.7.0Beta1,6/11/2025 11:22:54,SSTDR,24,4,RG-58/U 50 ohm coax,0.66,None,Standard,0,0,24 MHz,105.762,375 KHz,11.76,7,750,-1,750,197.37,Calibration,96,0
W50A000F,touch_1.7.0Beta1,6/11/2025 11:22:54,SSTDR,24,4,RG-58/U 50 ohm coax,0.66,None,Standard,0,0,24 MHz,105.762,375 KHz,11.76,7,750,-1,750,197.37,Calibration,97,0
W50A000F,touch_1.7.0Beta1,6/11/2025 11:22:54,SSTDR,24,4,RG-58/U 50 ohm coax,0.66,None,Standard,0,0,24 MHz,105.762,375 KHz,11.76,7,750,-1,750,197.37,Calibration,98,0
W50A000F,touch_1.7.0Beta1,6/11/2025 11:22:54,SSTDR,24,4,RG-58/U 50 ohm coax,0.66,None,Standard,0,0,24 MHz,105.762,375 KHz,11.76,7,750,-1,750,197.37,Calibration,99,0
W50A000F,touch_1.7.0Beta1,6/11/2025 11:22:54,SSTDR,24,4,RG-58/U 50 ohm coax,0.66,None,Standard,0,0,24 MHz,105.762,375 KHz,11.76,7,750,-1,750,197.37,Calibration,100,0
W50A000F,touch_1.7.0Beta1,6/11/2025 11:22:54,SSTDR,24,4,RG-58/U 50 ohm coax,0.66,None,Standard,0,0,24 MHz,105.762,375 KHz,11.76,7,750,-1,750,197.37,Calibration,101,0
W50A000F,touch_1.7.0Beta1,6/11/2025 11:22:54,SSTDR,24,4,RG-58/U 50 ohm coax,0.66,None,Standard,0,0,24 MHz,105.762,375 KHz,11.76,7,750,-1,750,197.37,Calibration,102,0
W50A000F,touch_1.7.0Beta1,6/11/2025 11:22:54,SSTDR,24,4,RG-58/U 50 ohm coax,0.66,None,Standard,0,0,24 MHz,105.762,375 KHz,11.76,7,750,-1,750,197.37,Calibration,103,0
W50A000F,touch_1.7.0Beta1,6/11/2025 11:22:54,SSTDR,24,4,RG-58/U 50 ohm coax,0.66,None,Standard,0,0,24 MHz,105.762,375 KHz,11.76,7,750,-1,750,197.37,Calibration,104,0
W50A000F,touch_1.7.0Beta1,6/11/2025 11:22:54,SSTDR,24,4,RG-58/U 50 ohm coax,0.66,None,Standard,0,0,24 MHz,105.762,375 KHz,11.76,7,750,-1,750,197.37,Calibration,105,0
W50A000F,touch_1.7.0Beta1,6/11/2025 11:22:54,SSTDR,24,4,RG-58/U 50 ohm coax,0.66,None,Standard,0,0,24 MHz,105.762,375 KHz,11.76,7,750,-1,750,197.37,Calibration,106,0
W50A000F,touch_1.7.0Beta1,6/11/2025 11:22:54,SSTDR,24,4,RG-58/U 50 ohm coax,0.66,None,Standard,0,0,24 MHz,105.762,375 KHz,11.76,7,750,-1,750,197.37,Calibration,107,0
W50A000F,touch_1.7.0Beta1,6/11/2025 11:22:54,SSTDR,24,4,RG-58/U 50 ohm coax,0.66,None,Standard,0,0,24 MHz,105.762,375 KHz,11.76,7,750,-1,750,197.37,Calibration,108,0
W50A000F,touch_1.7.0Beta1,6/11/2025 11:22:54,SSTDR,24,4,RG-58/U 50 ohm coax,0.66,None,Standard,0,0,24 MHz,105.762,375 KHz,11.76,7,750,-1,750,197.37,Calibration,109,0
W50A000F,touch_1.7.0Beta1,6/11/2025 11:22:54,SSTDR,24,4,RG-58/U 50 ohm coax,0.66,None,Standard,0,0,24 MHz,105.762,375 KHz,11.76,7,750,-1,750,197.37,Calibration,110,0
W50A000F,touch_1.7.0Beta1,6/11/2025 11:22:54,SSTDR,24,4,RG-58/U 50 ohm coax,0.66,None,Standard,0,0,24 MHz,105.762,375 KHz,11.76,7,750,-1,750,197.37,Calibration,111,0
W50A000F,touch_1.7.0Beta1,6/11/2025 11:22:54,SSTDR,24,4,RG-58/U 50 ohm coax,0.66,None,Standard,0,0,24 MHz,105.762,375 KHz,11.76,7,750,-1,750,197.37,Calibration,112,0
W50A000F,touch_1.7.0Beta1,6/11/2025 11:22:54,SSTDR,24,4,RG-58/U 50 ohm coax,0.66,None,Standard,0,0,24 MHz,105.762,375 KHz,11.76,7,750,-1,750,197.37,Waveform,1,-192.999999999998
W50A000F,touch_1.7.0Beta1,6/11/2025 11:22:54,SSTDR,24,4,RG-58/U 50 ohm coax,0.66,None,Standard,0,0,24 MHz,105.762,375 KHz,11.76,7,750,-1,750,197.37,Waveform,1.25,235.605448046464
W50A000F,touch_1.7.0Beta1,6/11/2025 11:22:54,SSTDR,24,4,RG-58/U 50 ohm coax,0.66,None,Standard,0,0,24 MHz,105.762,375 KHz,11.76,7,750,-1,750,197.37,Waveform,1.5,424.526209563059
W50A000F,touch_1.7.0Beta1,6/11/2025 11:22:54,SSTDR,24,4,RG-58/U 50 ohm coax,0.66,None,Standard,0,0,24 MHz,105.762,375 KHz,11.76,7,750,-1,750,197.37,Waveform,1.75,245.787242141291
W50A000F,touch_1.7.0Beta1,6/11/2025 11:22:54,SSTDR,24,4,RG-58/U 50 ohm coax,0.66,None,Standard,0,0,24 MHz,105.762,375 KHz,11.76,7,750,-1,750,197.37,Waveform,2,-205.000000000001
W50A000F,touch_1.7.0Beta1,6/11/2025 11:22:54,SSTDR,24,4,RG-58/U 50 ohm coax,0.66,None,Standard,0,0,24 MHz,105.762,375 KHz,11.76,7,750,-1,750,197.37,Waveform,2.25,-658.456498608286
W50A000F,touch_1.7.0Beta1,6/11/2025 11:22:54,SSTDR,24,4,RG-58/U 50 ohm coax,0.66,None,Standard,0,0,24 MHz,105.762,375 KHz,11.76,7,750,-1,750,197.37,Waveform,2.5,-828.203441014262
W50A000F,touch_1.7.0Beta1,6/11/2025 11:22:54,SSTDR,24,4,RG-58/U 50 ohm coax,0.66,None,Standard,0,0,24 MHz,105.762,375 KHz,11.76,7,750,-1,750,197.37,Waveform,2.75,-584.197249185846
W50A000F,touch_1.7.0Beta1,6/11/2025 11:22:54,SSTDR,24,4,RG-58/U 50 ohm coax,0.66,None,Standard,0,0,24 MHz,105.762,375 KHz,11.76,7,750,-1,750,197.37,Waveform,3,-39
W50A000F,touch_1.7.0Beta1,6/11/2025 11:22:54,SSTDR,24,4,RG-58/U 50 ohm coax,0.66,None,Standard,0,0,24 MHz,105.762,375 KHz,11.76,7,750,-1,750,197.37,Waveform,3.25,508.240443452186
W50A000F,touch_1.7.0Beta1,6/11/2025 11:22:54,SSTDR,24,4,RG-58/U 50 ohm coax,0.66,None,Standard,0,0,24 MHz,105.762,375 KHz,11.76,7,750,-1,750,197.37,Waveform,3.5,741.987031415675
W50A000F,touch_1.7.0Beta1,6/11/2025 11:22:54,SSTDR,24,4,RG-58/U 50 ohm coax,0.66,None,Standard,0,0,24 MHz,105.762,375 KHz,11.76,7,750,-1,750,197.37,Waveform,3.75,516.966780250255
W50A000F,touch_1.7.0Beta1,6/11/2025 11:22:54,SSTDR,24,4,RG-58/U 50 ohm coax,0.66,None,Standard,0,0,24 MHz,105.762,375 KHz,11.76,7,750,-1,750,197.37,Waveform,4,-49.9999999999986
W50A000F,touch_1.7.0Beta1,6/11/2025 11:22:54,SSTDR,24,4,RG-58/U 50 ohm coax,0.66,None,Standard,0,0,24 MHz,105.762,375 KHz,11.76,7,750,-1,750,197.37,Waveform,4.25,-641.452004155193
W50A000F,touch_1.7.0Beta1,6/11/2025 11:22:54,SSTDR,24,4,RG-58/U 50 ohm coax,0.66,None,Standard,0,0,24 MHz,105.762,375 KHz,11.76,7,750,-1,750,197.37,Waveform,4.5,-922.422977636144
W50A000F,touch_1.7.0Beta1,6/11/2025 11:22:54,SSTDR,24,4,RG-58/U 50 ohm coax,0.66,None,Standard,0,0,24 MHz,105.762,375 KHz,11.76,7,750,-1,750,197.37,Waveform,4.75,-739.157129472527
W50A000F,touch_1.7.0Beta1,6/11/2025 11:22:54,SSTDR,24,4,RG-58/U 50 ohm coax,0.66,None,Standard,0,0,24 MHz,105.762,375 KHz,11.76,7,750,-1,750,197.37,Waveform,5,-213.999999999999
W50A000F,touch_1.7.0Beta1,6/11/2025 11:22:54,SSTDR,24,4,RG-58/U 50 ohm coax,0.66,None,Standard,0,0,24 MHz,105.762,375 KHz,11.76,7,750,-1,750,197.37,Waveform,5.25,324.359524536986
W50A000F,touch_1.7.0Beta1,6/11/2025 11:22:54,SSTDR,24,4,RG-58/U 50 ohm coax,0.66,None,Standard,0,0,24 MHz,105.762,375 KHz,11.76,7,750,-1,750,197.37,Waveform,5.5,538.072934250216
W50A000F,touch_1.7.0Beta1,6/11/2025 11:22:54,SSTDR,24,4,RG-58/U 50 ohm coax,0.66,None,Standard,0,0,24 MHz,105.762,375 KHz,11.76,7,750,-1,750,197.37,Waveform,5.75,287.982077116533
W50A000F,touch_1.7.0Beta1,6/11/2025 11:22:54,SSTDR,24,4,RG-58/U 50 ohm coax,0.66,None,Standard,0,0,24 MHz,105.762,375 KHz,11.76,7,750,-1,750,197.37,Waveform,6,-275.999999999998
W50A000F,touch_1.7.0Beta1,6/11/2025 11:22:54,SSTDR,24,4,RG-58/U 50 ohm coax,0.66,None,Standard,0,0,24 MHz,105.762,375 KHz,11.76,7,750,-1,750,197.37,Waveform,6.25,-802.723269095724
W50A000F,touch_1.7.0Beta1,6/11/2025 11:22:54,SSTDR,24,4,RG-58/U 50 ohm coax,0.66,None,Standard,0,0,24 MHz,105.762,375 KHz,11.76,7,750,-1,750,197.37,Waveform,6.5,-957.674121334604
W50A000F,touch_1.7.0Beta1,6/11/2025 11:22:54,SSTDR,24,4,RG-58/U 50 ohm coax,0.66,None,Standard,0,0,24 MHz,105.762,375 KHz,11.76,7,750,-1,750,197.37,Waveform,6.75,-637.554884207313
W50A000F,touch_1.7.0Beta1,6/11/2025 11:22:54,SSTDR,24,4,RG-58/U 50 ohm coax,0.66,None,Standard,0,0,24 MHz,105.762,375 KHz,11.76,7,750,-1,750,197.37,Waveform,7,-41.9999999999982
W50A000F,touch_1.7.0Beta1,6/11/2025 11:22:54,SSTDR,24,4,RG-58/U 50 ohm coax,0.66,None,Standard,0,0,24 MHz,105.762,375 KHz,11.76,7,750,-1,750,197.37,Waveform,7.25,454.190234914225
W50A000F,touch_1.7.0Beta1,6/11/2025 11:22:54,SSTDR,24,4,RG-58/U 50 ohm coax,0.66,None,Standard,0,0,24 MHz,105.762,375 KHz,11.76,7,750,-1,750,197.37,Waveform,7.5,557.402884749159
W50A000F,touch_1.7.0Beta1,6/11/2025 11:22:54,SSTDR,24,4,RG-58/U 50 ohm coax,0.66,None,Standard,0,0,24 MHz,105.762,375 KHz,11.76,7,750,-1,750,197.37,Waveform,7.75,273.992176039244
W50A000F,touch_1.7.0Beta1,6/11/2025 11:22:54,SSTDR,24,4,RG-58/U 50 ohm coax,0.66,None,Standard,0,0,24 MHz,105.762,375 KHz,11.76,7,750,-1,750,197.37,Waveform,8,-73.0000000000015
W50A000F,touch_1.7.0Beta1,6/11/2025 11:22:54,SSTDR,24,4,RG-58/U 50 ohm coax,0.66,None,Standard,0,0,24 MHz,105.762,375 KHz,11.76,7,750,-1,750,197.37,Waveform,8.25,-83.5448932327408
W50A000F,touch_1.7.0Beta1,6/11/2025 11:22:54,SSTDR,24,4,RG-58/U 50 ohm coax,0.66,None,Standard,0,0,24 MHz,105.762,375 KHz,11.76,7,750,-1,750,197.37,Waveform,8.5,332.945569756204
W50A000F,touch_1.7.0Beta1,6/11/2025 11:22:54,SSTDR,24,4,RG-58/U 50 ohm coax,0.66,None,Standard,0,0,24 MHz,105.762,375 KHz,11.76,7,750,-1,750,197.37,Waveform,8.75,657.236425091919
W50A000F,touch_1.7.0Beta1,6/11/2025 11:22:54,SSTDR,24,4,RG-58/U 50 ohm coax,0.66,None,Standard,0,0,24 MHz,105.762,375 KHz,11.76,7,750,-1,750,197.37,Waveform,9,-222.000000000001
W50A000F,touch_1.7.0Beta1,6/11/2025 11:22:54,SSTDR,24,4,RG-58/U 50 ohm coax,0.66,None,Standard,0,0,24 MHz,105.762,375 KHz,11.76,7,750,-1,750,197.37,Waveform,9.25,-3584.49593029873
W50A000F,touch_1.7.0Beta1,6/11/2025 11:22:54,SSTDR,24,4,RG-58/U 50 ohm coax,0.66,None,Standard,0,0,24 MHz,105.762,375 KHz,11.76,7,750,-1,750,197.37,Waveform,9.5,-10185.9206161894
W50A000F,touch_1.7.0Beta1,6/11/2025 11:22:54,SSTDR,24,4,RG-58/U 50 ohm coax,0.66,None,Standard,0,0,24 MHz,105.762,375 KHz,11.76,7,750,-1,750,197.37,Waveform,9.75,-19621.000613959
W50A000F,touch_1.7.0Beta1,6/11/2025 11:22:54,SSTDR,24,4,RG-58/U 50 ohm coax,0.66,None,Standard,0,0,24 MHz,105.762,375 KHz,11.76,7,750,-1,750,197.37,Waveform,10,-30103
W50A000F,touch_1.7.0Beta1,6/11/2025 11:22:54,SSTDR,24,4,RG-58/U 50 ohm coax,0.66,None,Standard,0,0,24 MHz,105.762,375 KHz,11.76,7,750,-1,750,197.37,Waveform,10.25,-38863.5257033247
W50A000F,touch_1.7.0Beta1,6/11/2025 11:22:54,SSTDR,24,4,RG-58/U 50 ohm coax,0.66,None,Standard,0,0,24 MHz,105.762,375 KHz,11.76,7,750,-1,750,197.37,Waveform,10.5,-43086.3696082132
W50A000F,touch_1.7.0Beta1,6/11/2025 11:22:54,SSTDR,24,4,RG-58/U 50 ohm coax,0.66,None,Standard,0,0,24 MHz,105.762,375 KHz,11.76,7,750,-1,750,197.37,Waveform,10.75,-41005.134016369
W50A000F,touch_1.7.0Beta1,6/11/2025 11:22:54,SSTDR,24,4,RG-58/U 50 ohm coax,0.66,None,Standard,0,0,24 MHz,105.762,375 KHz,11.76,7,750,-1,750,197.37,Waveform,11,-32668
W50A000F,touch_1.7.0Beta1,6/11/2025 11:22:54,SSTDR,24,4,RG-58/U 50 ohm coax,0.66,None,Standard,0,0,24 MHz,105.762,375 KHz,11.76,7,750,-1,750,197.37,Waveform,11.25,-19986.3173869037
W50A000F,touch_1.7.0Beta1,6/11/2025 11:22:54,SSTDR,24,4,RG-58/U 50 ohm coax,0.66,None,Standard,0,0,24 MHz,105.762,375 KHz,11.76,7,750,-1,750,197.37,Waveform,11.5,-5999.7992612501
W50A000F,touch_1.7.0Beta1,6/11/2025 11:22:54,SSTDR,24,4,RG-58/U 50 ohm coax,0.66,None,Standard,0,0,24 MHz,105.762,375 KHz,11.76,7,750,-1,750,197.37,Waveform,11.75,6335.77102327182
W50A000F,touch_1.7.0Beta1,6/11/2025 11:22:54,SSTDR,24,4,RG-58/U 50 ohm coax,0.66,None,Standard,0,0,24 MHz,105.762,375 KHz,11.76,7,750,-1,750,197.37,Waveform,12,15288
W50A000F,touch_1.7.0Beta1,6/11/2025 11:22:54,SSTDR,24,4,RG-58/U 50 ohm coax,0.66,None,Standard,0,0,24 MHz,105.762,375 KHz,11.76,7,750,-1,750,197.37,Waveform,12.25,20879.7840879719
W50A000F,touch_1.7.0Beta1,6/11/2025 11:22:54,SSTDR,24,4,RG-58/U 50 ohm coax,0.66,None,Standard,0,0,24 MHz,105.762,375 KHz,11.76,7,750,-1,750,197.37,Waveform,12.5,24560.0771912555
W50A000F,touch_1.7.0Beta1,6/11/2025 11:22:54,SSTDR,24,4,RG-58/U 50 ohm coax,0.66,None,Standard,0,0,24 MHz,105.762,375 KHz,11.76,7,750,-1,750,197.37,Waveform,12.75,28177.147765301
W50A000F,touch_1.7.0Beta1,6/11/2025 11:22:54,SSTDR,24,4,RG-58/U 50 ohm coax,0.66,None,Standard,0,0,24 MHz,105.762,375 KHz,11.76,7,750,-1,750,197.37,Waveform,13,32767
W50A000F,touch_1.7.0Beta1,6/11/2025 11:22:54,SSTDR,24,4,RG-58/U 50 ohm coax,0.66,None,Standard,0,0,24 MHz,105.762,375 KHz,11.76,7,750,-1,750,197.37,Waveform,13.25,37773.2472914024
W50A000F,touch_1.7.0Beta1,6/11/2025 11:22:54,SSTDR,24,4,RG-58/U 50 ohm coax,0.66,None,Standard,0,0,24 MHz,105.762,375 KHz,11.76,7,750,-1,750,197.37,Waveform,13.5,41113.8292344223
W50A000F,touch_1.7.0Beta1,6/11/2025 11:22:54,SSTDR,24,4,RG-58/U 50 ohm coax,0.66,None,Standard,0,0,24 MHz,105.762,375 KHz,11.76,7,750,-1,750,197.37,Waveform,13.75,40097.1922873481
W50A000F,touch_1.7.0Beta1,6/11/2025 11:22:54,SSTDR,24,4,RG-58/U 50 ohm coax,0.66,None,Standard,0,0,24 MHz,105.762,375 KHz,11.76,7,750,-1,750,197.37,Waveform,14,32767
W50A000F,touch_1.7.0Beta1,6/11/2025 11:22:54,SSTDR,24,4,RG-58/U 50 ohm coax,0.66,None,Standard,0,0,24 MHz,105.762,375 KHz,11.76,7,750,-1,750,197.37,Waveform,14.25,19030.1887942497
W50A000F,touch_1.7.0Beta1,6/11/2025 11:22:54,SSTDR,24,4,RG-58/U 50 ohm coax,0.66,None,Standard,0,0,24 MHz,105.762,375 KHz,11.76,7,750,-1,750,197.37,Waveform,14.5,1011.68881215415
W50A000F,touch_1.7.0Beta1,6/11/2025 11:22:54,SSTDR,24,4,RG-58/U 50 ohm coax,0.66,None,Standard,0,0,24 MHz,105.762,375 KHz,11.76,7,750,-1,750,197.37,Waveform,14.75,-17560.6431675118
W50A000F,touch_1.7.0Beta1,6/11/2025 11:22:54,SSTDR,24,4,RG-58/U 50 ohm coax,0.66,None,Standard,0,0,24 MHz,105.762,375 KHz,11.76,7,750,-1,750,197.37,Waveform,15,-32681
W50A000F,touch_1.7.0Beta1,6/11/2025 11:22:54,SSTDR,24,4,RG-58/U 50 ohm coax,0.66,None,Standard,0,0,24 MHz,105.762,375 KHz,11.76,7,750,-1,750,197.37,Waveform,15.25,-41510.6101141332
W50A000F,touch_1.7.0Beta1,6/11/2025 11:22:54,SSTDR,24,4,RG-58/U 50 ohm coax,0.66,None,Standard,0,0,24 MHz,105.762,375 KHz,11.76,7,750,-1,750,197.37,Waveform,15.5,-43307.3077288477
W50A000F,touch_1.7.0Beta1,6/11/2025 11:22:54,SSTDR,24,4,RG-58/U 50 ohm coax,0.66,None,Standard,0,0,24 MHz,105.762,375 KHz,11.76,7,750,-1,750,197.37,Waveform,15.75,-39459.3957576304
W50A000F,touch_1.7.0Beta1,6/11/2025 11:22:54,SSTDR,24,4,RG-58/U 50 ohm coax,0.66,None,Standard,0,0,24 MHz,105.762,375 KHz,11.76,7,750,-1,750,197.37,Waveform,16,-32668
W50A000F,touch_1.7.0Beta1,6/11/2025 11:22:54,SSTDR,24,4,RG-58/U 50 ohm coax,0.66,None,Standard,0,0,24 MHz,105.762,375 KHz,11.76,7,750,-1,750,197.37,Waveform,16.25,-25705.787483698
W50A000F,touch_1.7.0Beta1,6/11/2025 11:22:54,SSTDR,24,4,RG-58/U 50 ohm coax,0.66,None,Standard,0,0,24 MHz,105.762,375 KHz,11.76,7,750,-1,750,197.37,Waveform,16.5,-20340.2418221749
W50A000F,touch_1.7.0Beta1,6/11/2025 11:22:54,SSTDR,24,4,RG-58/U 50 ohm coax,0.66,None,Standard,0,0,24 MHz,105.762,375 KHz,11.76,7,750,-1,750,197.37,Waveform,16.75,-16881.3318911138
W50A000F,touch_1.7.0Beta1,6/11/2025 11:22:54,SSTDR,24,4,RG-58/U 50 ohm coax,0.66,None,Standard,0,0,24 MHz,105.762,375 KHz,11.76,7,750,-1,750,197.37,Waveform,17,-14476
W50A000F,touch_1.7.0Beta1,6/11/2025 11:22:54,SSTDR,24,4,RG-58/U 50 ohm coax,0.66,None,Standard,0,0,24 MHz,105.762,375 KHz,11.76,7,750,-1,750,197.37,Waveform,17.25,-11903.7650508838
W50A000F,touch_1.7.0Beta1,6/11/2025 11:22:54,SSTDR,24,4,RG-58/U 50 ohm coax,0.66,None,Standard,0,0,24 MHz,105.762,375 KHz,11.76,7,750,-1,750,197.37,Waveform,17.5,-8411.85036636972
W50A000F,touch_1.7.0Beta1,6/11/2025 11:22:54,SSTDR,24,4,RG-58/U 50 ohm coax,0.66,None,Standard,0,0,24 MHz,105.762,375 KHz,11.76,7,750,-1,750,197.37,Waveform,17.75,-4160.07033122878
W50A000F,touch_1.7.0Beta1,6/11/2025 11:22:54,SSTDR,24,4,RG-58/U 50 ohm coax,0.66,None,Standard,0,0,24 MHz,105.762,375 KHz,11.76,7,750,-1,750,197.37,Waveform,18,-90.0000000000011
W50A000F,touch_1.7.0Beta1,6/11/2025 11:22:54,SSTDR,24,4,RG-58/U 50 ohm coax,0.66,None,Standard,0,0,24 MHz,105.762,375 KHz,11.76,7,750,-1,750,197.37,Waveform,18.25,2650.5960251569
W50A000F,touch_1.7.0Beta1,6/11/2025 11:22:54,SSTDR,24,4,RG-58/U 50 ohm coax,0.66,None,Standard,0,0,24 MHz,105.762,375 KHz,11.76,7,750,-1,750,197.37,Waveform,18.5,3375.78786290952
W50A000F,touch_1.7.0Beta1,6/11/2025 11:22:54,SSTDR,24,4,RG-58/U 50 ohm coax,0.66,None,Standard,0,0,24 MHz,105.762,375 KHz,11.76,7,750,-1,750,197.37,Waveform,18.75,2250.21053483061
W50A000F,touch_1.7.0Beta1,6/11/2025 11:22:54,SSTDR,24,4,RG-58/U 50 ohm coax,0.66,None,Standard,0,0,24 MHz,105.762,375 KHz,11.76,7,750,-1,750,197.37,Waveform,19,204.000000000001
W50A000F,touch_1.7.0Beta1,6/11/2025 11:22:54,SSTDR,24,4,RG-58/U 50 ohm coax,0.66,None,Standard,0,0,24 MHz,105.762,375 KHz,11.76,7,750,-1,750,197.37,Waveform,19.25,-1553.8000237374
W50A000F,touch_1.7.0Beta1,6/11/2025 11:22:54,SSTDR,24,4,RG-58/U 50 ohm coax,0.66,None,Standard,0,0,24 MHz,105.762,375 KHz,11.76,7,750,-1,750,197.37,Waveform,19.5,-2141.56634023292
W50A000F,touch_1.7.0Beta1,6/11/2025 11:22:54,SSTDR,24,4,RG-58/U 50 ohm coax,0.66,None,Standard,0,0,24 MHz,105.762,375 KHz,11.76,7,750,-1,750,197.37,Waveform,19.75,-1403.86918741103
W50A000F,touch_1.7.0Beta1,6/11/2025 11:22:54,SSTDR,24,4,RG-58/U 50 ohm coax,0.66,None,Standard,0,0,24 MHz,105.762,375 KHz,11.76,7,750,-1,750,197.37,Waveform,20,92.9999999999998
W50A000F,touch_1.7.0Beta1,6/11/2025 11:22:54,SSTDR,24,4,RG-58/U 50 ohm coax,0.66,None,Standard,0,0,24 MHz,105.762,375 KHz,11.76,7,750,-1,750,197.37,Waveform,20.25,1437.46142515118
W50A000F,touch_1.7.0Beta1,6/11/2025 11:22:54,SSTDR,24,4,RG-58/U 50 ohm coax,0.66,None,Standard,0,0,24 MHz,105.762,375 KHz,11.76,7,750,-1,750,197.37,Waveform,20.5,1894.6305670906
W50A000F,touch_1.7.0Beta1,6/11/2025 11:22:54,SSTDR,24,4,RG-58/U 50 ohm coax,0.66,None,Standard,0,0,24 MHz,105.762,375 KHz,11.76,7,750,-1,750,197.37,Waveform,20.75,1286.28372738407
W50A000F,touch_1.7.0Beta1,6/11/2025 11:22:54,SSTDR,24,4,RG-58/U 50 ohm coax,0.66,None,Standard,0,0,24 MHz,105.762,375 KHz,11.76,7,750,-1,750,197.37,Waveform,21,38.0000000000021
W50A000F,touch_1.7.0Beta1,6/11/2025 11:22:54,SSTDR,24,4,RG-58/U 50 ohm coax,0.66,None,Standard,0,0,24 MHz,105.762,375 KHz,11.76,7,750,-1,750,197.37,Waveform,21.25,-1104.92938183887
W50A000F,touch_1.7.0Beta1,6/11/2025 11:22:54,SSTDR,24,4,RG-58/U 50 ohm coax,0.66,None,Standard,0,0,24 MHz,105.762,375 KHz,11.76,7,750,-1,750,197.37,Waveform,21.5,-1513.01882395118
W50A000F,touch_1.7.0Beta1,6/11/2025 11:22:54,SSTDR,24,4,RG-58/U 50 ohm coax,0.66,None,Standard,0,0,24 MHz,105.762,375 KHz,11.76,7,750,-1,750,197.37,Waveform,21.75,-1010.95679492473
W50A000F,touch_1.7.0Beta1,6/11/2025 11:22:54,SSTDR,24,4,RG-58/U 50 ohm coax,0.66,None,Standard,0,0,24 MHz,105.762,375 KHz,11.76,7,750,-1,750,197.37,Waveform,22,58.9999999999987
W50A000F,touch_1.7.0Beta1,6/11/2025 11:22:54,SSTDR,24,4,RG-58/U 50 ohm coax,0.66,None,Standard,0,0,24 MHz,105.762,375 KHz,11.76,7,750,-1,750,197.37,Waveform,22.25,1063.66861491328
W50A000F,touch_1.7.0Beta1,6/11/2025 11:22:54,SSTDR,24,4,RG-58/U 50 ohm coax,0.66,None,Standard,0,0,24 MHz,105.762,375 KHz,11.76,7,750,-1,750,197.37,Waveform,22.5,1450.56156107442
W50A000F,touch_1.7.0Beta1,6/11/2025 11:22:54,SSTDR,24,4,RG-58/U 50 ohm coax,0.66,None,Standard,0,0,24 MHz,105.762,375 KHz,11.76,7,750,-1,750,197.37,Waveform,22.75,1049.37076456551
W50A000F,touch_1.7.0Beta1,6/11/2025 11:22:54,SSTDR,24,4,RG-58/U 50 ohm coax,0.66,None,Standard,0,0,24 MHz,105.762,375 KHz,11.76,7,750,-1,750,197.37,Waveform,23,141
W50A000F,touch_1.7.0Beta1,6/11/2025 11:22:54,SSTDR,24,4,RG-58/U 50 ohm coax,0.66,None,Standard,0,0,24 MHz,105.762,375 KHz,11.76,7,750,-1,750,197.37,Waveform,23.25,-729.118628952514
W50A000F,touch_1.7.0Beta1,6/11/2025 11:22:54,SSTDR,24,4,RG-58/U 50 ohm coax,0.66,None,Standard,0,0,24 MHz,105.762,375 KHz,11.76,7,750,-1,750,197.37,Waveform,23.5,-1073.34025282102
W50A000F,touch_1.7.0Beta1,6/11/2025 11:22:54,SSTDR,24,4,RG-58/U 50 ohm coax,0.66,None,Standard,0,0,24 MHz,105.762,375 KHz,11.76,7,750,-1,750,197.37,Waveform,23.75,-731.588960237387
W50A000F,touch_1.7.0Beta1,6/11/2025 11:22:54,SSTDR,24,4,RG-58/U 50 ohm coax,0.66,None,Standard,0,0,24 MHz,105.762,375 KHz,11.76,7,750,-1,750,197.37,Waveform,24,59.0000000000007
W50A000F,touch_1.7.0Beta1,6/11/2025 11:22:54,SSTDR,24,4,RG-58/U 50 ohm coax,0.66,None,Standard,0,0,24 MHz,105.762,375 KHz,11.76,7,750,-1,750,197.37,Waveform,24.25,821.732220249347
W50A000F,touch_1.7.0Beta1,6/11/2025 11:22:54,SSTDR,24,4,RG-58/U 50 ohm coax,0.66,None,Standard,0,0,24 MHz,105.762,375 KHz,11.76,7,750,-1,750,197.37,Waveform,24.5,1123.68265604259
W50A000F,touch_1.7.0Beta1,6/11/2025 11:22:54,SSTDR,24,4,RG-58/U 50 ohm coax,0.66,None,Standard,0,0,24 MHz,105.762,375 KHz,11.76,7,750,-1,750,197.37,Waveform,24.75,818.314626071181
W50A000F,touch_1.7.0Beta1,6/11/2025 11:22:54,SSTDR,24,4,RG-58/U 50 ohm coax,0.66,None,Standard,0,0,24 MHz,105.762,375 KHz,11.76,7,750,-1,750,197.37,Waveform,25,113
W50A000F,touch_1.7.0Beta1,6/11/2025 11:22:54,SSTDR,24,4,RG-58/U 50 ohm coax,0.66,None,Standard,0,0,24 MHz,105.762,375 KHz,11.76,7,750,-1,750,197.37,Waveform,25.25,-567.229731989239
W50A000F,touch_1.7.0Beta1,6/11/2025 11:22:54,SSTDR,24,4,RG-58/U 50 ohm coax,0.66,None,Standard,0,0,24 MHz,105.762,375 KHz,11.76,7,750,-1,750,197.37,Waveform,25.5,-832.068284055522
W50A000F,touch_1.7.0Beta1,6/11/2025 11:22:54,SSTDR,24,4,RG-58/U 50 ohm coax,0.66,None,Standard,0,0,24 MHz,105.762,375 KHz,11.76,7,750,-1,750,197.37,Waveform,25.75,-545.819401323878
W50A000F,touch_1.7.0Beta1,6/11/2025 11:22:54,SSTDR,24,4,RG-58/U 50 ohm coax,0.66,None,Standard,0,0,24 MHz,105.762,375 KHz,11.76,7,750,-1,750,197.37,Waveform,26,108.000000000003
W50A000F,touch_1.7.0Beta1,6/11/2025 11:22:54,SSTDR,24,4,RG-58/U 50 ohm coax,0.66,None,Standard,0,0,24 MHz,105.762,375 KHz,11.76,7,750,-1,750,197.37,Waveform,26.25,746.244589049147
W50A000F,touch_1.7.0Beta1,6/11/2025 11:22:54,SSTDR,24,4,RG-58/U 50 ohm coax,0.66,None,Standard,0,0,24 MHz,105.762,375 KHz,11.76,7,750,-1,750,197.37,Waveform,26.5,1013.1650946504
W50A000F,touch_1.7.0Beta1,6/11/2025 11:22:54,SSTDR,24,4,RG-58/U 50 ohm coax,0.66,None,Standard,0,0,24 MHz,105.762,375 KHz,11.76,7,750,-1,750,197.37,Waveform,26.75,780.924781699165
W50A000F,touch_1.7.0Beta1,6/11/2025 11:22:54,SSTDR,24,4,RG-58/U 50 ohm coax,0.66,None,Standard,0,0,24 MHz,105.762,375 KHz,11.76,7,750,-1,750,197.37,Waveform,27,210.999999999998
W50A000F,touch_1.7.0Beta1,6/11/2025 11:22:54,SSTDR,24,4,RG-58/U 50 ohm coax,0.66,None,Standard,0,0,24 MHz,105.762,375 KHz,11.76,7,750,-1,750,197.37,Waveform,27.25,-351.945070347564
W50A000F,touch_1.7.0Beta1,6/11/2025 11:22:54,SSTDR,24,4,RG-58/U 50 ohm coax,0.66,None,Standard,0,0,24 MHz,105.762,375 KHz,11.76,7,750,-1,750,197.37,Waveform,27.5,-585.610664097424
W50A000F,touch_1.7.0Beta1,6/11/2025 11:22:54,SSTDR,24,4,RG-58/U 50 ohm coax,0.66,None,Standard,0,0,24 MHz,105.762,375 KHz,11.76,7,750,-1,750,197.37,Waveform,27.75,-373.414880405059
W50A000F,touch_1.7.0Beta1,6/11/2025 11:22:54,SSTDR,24,4,RG-58/U 50 ohm coax,0.66,None,Standard,0,0,24 MHz,105.762,375 KHz,11.76,7,750,-1,750,197.37,Waveform,28,137.999999999997
W50A000F,touch_1.7.0Beta1,6/11/2025 11:22:54,SSTDR,24,4,RG-58/U 50 ohm coax,0.66,None,Standard,0,0,24 MHz,105.762,375 KHz,11.76,7,750,-1,750,197.37,Waveform,28.25,634.551809792553
W50A000F,touch_1.7.0Beta1,6/11/2025 11:22:54,SSTDR,24,4,RG-58/U 50 ohm coax,0.66,None,Standard,0,0,24 MHz,105.762,375 KHz,11.76,7,750,-1,750,197.37,Waveform,28.5,822.601528340916
W50A000F,touch_1.7.0Beta1,6/11/2025 11:22:54,SSTDR,24,4,RG-58/U 50 ohm coax,0.66,None,Standard,0,0,24 MHz,105.762,375 KHz,11.76,7,750,-1,750,197.37,Waveform,28.75,597.651372015679
W50A000F,touch_1.7.0Beta1,6/11/2025 11:22:54,SSTDR,24,4,RG-58/U 50 ohm coax,0.66,None,Standard,0,0,24 MHz,105.762,375 KHz,11.76,7,750,-1,750,197.37,Waveform,29,97.9999999999999
W50A000F,touch_1.7.0Beta1,6/11/2025 11:22:54,SSTDR,24,4,RG-58/U 50 ohm coax,0.66,None,Standard,0,0,24 MHz,105.762,375 KHz,11.76,7,750,-1,750,197.37,Waveform,29.25,-382.96781114862
W50A000F,touch_1.7.0Beta1,6/11/2025 11:22:54,SSTDR,24,4,RG-58/U 50 ohm coax,0.66,None,Standard,0,0,24 MHz,105.762,375 KHz,11.76,7,750,-1,750,197.37,Waveform,29.5,-570.322195829398
W50A000F,touch_1.7.0Beta1,6/11/2025 11:22:54,SSTDR,24,4,RG-58/U 50 ohm coax,0.66,None,Standard,0,0,24 MHz,105.762,375 KHz,11.76,7,750,-1,750,197.37,Waveform,29.75,-364.436747299884
W50A000F,touch_1.7.0Beta1,6/11/2025 11:22:54,SSTDR,24,4,RG-58/U 50 ohm coax,0.66,None,Standard,0,0,24 MHz,105.762,375 KHz,11.76,7,750,-1,750,197.37,Waveform,30,107.999999999996
W50A000F,touch_1.7.0Beta1,6/11/2025 11:22:54,SSTDR,24,4,RG-58/U 50 ohm coax,0.66,None,Standard,0,0,24 MHz,105.762,375 KHz,11.76,7,750,-1,750,197.37,Waveform,30.25,574.122690589733
W50A000F,touch_1.7.0Beta1,6/11/2025 11:22:54,SSTDR,24,4,RG-58/U 50 ohm coax,0.66,None,Standard,0,0,24 MHz,105.762,375 KHz,11.76,7,750,-1,750,197.37,Waveform,30.5,775.552200222907
W50A000F,touch_1.7.0Beta1,6/11/2025 11:22:54,SSTDR,24,4,RG-58/U 50 ohm coax,0.66,None,Standard,0,0,24 MHz,105.762,375 KHz,11.76,7,750,-1,750,197.37,Waveform,30.75,614.764167931156
W50A000F,touch_1.7.0Beta1,6/11/2025 11:22:54,SSTDR,24,4,RG-58/U 50 ohm coax,0.66,None,Standard,0,0,24 MHz,105.762,375 KHz,11.76,7,750,-1,750,197.37,Waveform,31,204.000000000001
W50A000F,touch_1.7.0Beta1,6/11/2025 11:22:54,SSTDR,24,4,RG-58/U 50 ohm coax,0.66,None,Standard,0,0,24 MHz,105.762,375 KHz,11.76,7,750,-1,750,197.37,Waveform,31.25,-207.625235955555
W50A000F,touch_1.7.0Beta1,6/11/2025 11:22:54,SSTDR,24,4,RG-58/U 50 ohm coax,0.66,None,Standard,0,0,24 MHz,105.762,375 KHz,11.76,7,750,-1,750,197.37,Waveform,31.5,-382.535197326899
W50A000F,touch_1.7.0Beta1,6/11/2025 11:22:54,SSTDR,24,4,RG-58/U 50 ohm coax,0.66,None,Standard,0,0,24 MHz,105.762,375 KHz,11.76,7,750,-1,750,197.37,Waveform,31.75,-230.755046363604
W50A000F,touch_1.7.0Beta1,6/11/2025 11:22:54,SSTDR,24,4,RG-58/U 50 ohm coax,0.66,None,Standard,0,0,24 MHz,105.762,375 KHz,11.76,7,750,-1,750,197.37,Waveform,32,144.000000000002
W50A000F,touch_1.7.0Beta1,6/11/2025 11:22:54,SSTDR,24,4,RG-58/U 50 ohm coax,0.66,None,Standard,0,0,24 MHz,105.762,375 KHz,11.76,7,750,-1,750,197.37,Waveform,32.25,511.444489793653
W50A000F,touch_1.7.0Beta1,6/11/2025 11:22:54,SSTDR,24,4,RG-58/U 50 ohm coax,0.66,None,Standard,0,0,24 MHz,105.762,375 KHz,11.76,7,750,-1,750,197.37,Waveform,32.5,652.46350007183
W50A000F,touch_1.7.0Beta1,6/11/2025 11:22:54,SSTDR,24,4,RG-58/U 50 ohm coax,0.66,None,Standard,0,0,24 MHz,105.762,375 KHz,11.76,7,750,-1,750,197.37,Waveform,32.75,485.780599747576
W50A000F,touch_1.7.0Beta1,6/11/2025 11:22:54,SSTDR,24,4,RG-58/U 50 ohm coax,0.66,None,Standard,0,0,24 MHz,105.762,375 KHz,11.76,7,750,-1,750,197.37,Waveform,33,111
W50A000F,touch_1.7.0Beta1,6/11/2025 11:22:54,SSTDR,24,4,RG-58/U 50 ohm coax,0.66,None,Standard,0,0,24 MHz,105.762,375 KHz,11.76,7,750,-1,750,197.37,Waveform,33.25,-254.014890449489
W50A000F,touch_1.7.0Beta1,6/11/2025 11:22:54,SSTDR,24,4,RG-58/U 50 ohm coax,0.66,None,Standard,0,0,24 MHz,105.762,375 KHz,11.76,7,750,-1,750,197.37,Waveform,33.5,-401.966499426146
W50A000F,touch_1.7.0Beta1,6/11/2025 11:22:54,SSTDR,24,4,RG-58/U 50 ohm coax,0.66,None,Standard,0,0,24 MHz,105.762,375 KHz,11.76,7,750,-1,750,197.37,Waveform,33.75,-254.907300047993
W50A000F,touch_1.7.0Beta1,6/11/2025 11:22:54,SSTDR,24,4,RG-58/U 50 ohm coax,0.66,None,Standard,0,0,24 MHz,105.762,375 KHz,11.76,7,750,-1,750,197.37,Waveform,34,95.0000000000004
W50A000F,touch_1.7.0Beta1,6/11/2025 11:22:54,SSTDR,24,4,RG-58/U 50 ohm coax,0.66,None,Standard,0,0,24 MHz,105.762,375 KHz,11.76,7,750,-1,750,197.37,Waveform,34.25,443.636746345375
W50A000F,touch_1.7.0Beta1,6/11/2025 11:22:54,SSTDR,24,4,RG-58/U 50 ohm coax,0.66,None,Standard,0,0,24 MHz,105.762,375 KHz,11.76,7,750,-1,750,197.37,Waveform,34.5,595.303304539787
W50A000F,touch_1.7.0Beta1,6/11/2025 11:22:54,SSTDR,24,4,RG-58/U 50 ohm coax,0.66,None,Standard,0,0,24 MHz,105.762,375 KHz,11.76,7,750,-1,750,197.37,Waveform,34.75,474.016751630075
W50A000F,touch_1.7.0Beta1,6/11/2025 11:22:54,SSTDR,24,4,RG-58/U 50 ohm coax,0.66,None,Standard,0,0,24 MHz,105.762,375 KHz,11.76,7,750,-1,750,197.37,Waveform,35,161.999999999998
W50A000F,touch_1.7.0Beta1,6/11/2025 11:22:54,SSTDR,24,4,RG-58/U 50 ohm coax,0.66,None,Standard,0,0,24 MHz,105.762,375 KHz,11.76,7,750,-1,750,197.37,Waveform,35.25,-154.319969527008
W50A000F,touch_1.7.0Beta1,6/11/2025 11:22:54,SSTDR,24,4,RG-58/U 50 ohm coax,0.66,None,Standard,0,0,24 MHz,105.762,375 KHz,11.76,7,750,-1,750,197.37,Waveform,35.5,-296.482757677837
W50A000F,touch_1.7.0Beta1,6/11/2025 11:22:54,SSTDR,24,4,RG-58/U 50 ohm coax,0.66,None,Standard,0,0,24 MHz,105.762,375 KHz,11.76,7,750,-1,750,197.37,Waveform,35.75,-197.505136869057
W50A000F,touch_1.7.0Beta1,6/11/2025 11:22:54,SSTDR,24,4,RG-58/U 50 ohm coax,0.66,None,Standard,0,0,24 MHz,105.762,375 KHz,11.76,7,750,-1,750,197.37,Waveform,36,63.0000000000005
W50A000F,touch_1.7.0Beta1,6/11/2025 11:22:54,SSTDR,24,4,RG-58/U 50 ohm coax,0.66,None,Standard,0,0,24 MHz,105.762,375 KHz,11.76,7,750,-1,750,197.37,Waveform,36.25,310.406897703983
W50A000F,touch_1.7.0Beta1,6/11/2025 11:22:54,SSTDR,24,4,RG-58/U 50 ohm coax,0.66,None,Standard,0,0,24 MHz,105.762,375 KHz,11.76,7,750,-1,750,197.37,Waveform,36.5,380.865922799416
W50A000F,touch_1.7.0Beta1,6/11/2025 11:22:54,SSTDR,24,4,RG-58/U 50 ohm coax,0.66,None,Standard,0,0,24 MHz,105.762,375 KHz,11.76,7,750,-1,750,197.37,Waveform,36.75,218.248405692774
W50A000F,touch_1.7.0Beta1,6/11/2025 11:22:54,SSTDR,24,4,RG-58/U 50 ohm coax,0.66,None,Standard,0,0,24 MHz,105.762,375 KHz,11.76,7,750,-1,750,197.37,Waveform,37,-93.9999999999993
W50A000F,touch_1.7.0Beta1,6/11/2025 11:22:54,SSTDR,24,4,RG-58/U 50 ohm coax,0.66,None,Standard,0,0,24 MHz,105.762,375 KHz,11.76,7,750,-1,750,197.37,Waveform,37.25,-383.142870585792
W50A000F,touch_1.7.0Beta1,6/11/2025 11:22:54,SSTDR,24,4,RG-58/U 50 ohm coax,0.66,None,Standard,0,0,24 MHz,105.762,375 KHz,11.76,7,750,-1,750,197.37,Waveform,37.5,-488.561655235861
W50A000F,touch_1.7.0Beta1,6/11/2025 11:22:54,SSTDR,24,4,RG-58/U 50 ohm coax,0.66,None,Standard,0,0,24 MHz,105.762,375 KHz,11.76,7,750,-1,750,197.37,Waveform,37.75,-354.393818601117
W50A000F,touch_1.7.0Beta1,6/11/2025 11:22:54,SSTDR,24,4,RG-58/U 50 ohm coax,0.66,None,Standard,0,0,24 MHz,105.762,375 KHz,11.76,7,750,-1,750,197.37,Waveform,38,-59.9999999999995
W50A000F,touch_1.7.0Beta1,6/11/2025 11:22:54,SSTDR,24,4,RG-58/U 50 ohm coax,0.66,None,Standard,0,0,24 MHz,105.762,375 KHz,11.76,7,750,-1,750,197.37,Waveform,38.25,227.929362861429
W50A000F,touch_1.7.0Beta1,6/11/2025 11:22:54,SSTDR,24,4,RG-58/U 50 ohm coax,0.66,None,Standard,0,0,24 MHz,105.762,375 KHz,11.76,7,750,-1,750,197.37,Waveform,38.5,352.179433162556
W50A000F,touch_1.7.0Beta1,6/11/2025 11:22:54,SSTDR,24,4,RG-58/U 50 ohm coax,0.66,None,Standard,0,0,24 MHz,105.762,375 KHz,11.76,7,750,-1,750,197.37,Waveform,38.75,253.796048429675
W50A000F,touch_1.7.0Beta1,6/11/2025 11:22:54,SSTDR,24,4,RG-58/U 50 ohm coax,0.66,None,Standard,0,0,24 MHz,105.762,375 KHz,11.76,7,750,-1,750,197.37,Waveform,39,1.99999999999792
W50A000F,touch_1.7.0Beta1,6/11/2025 11:22:54,SSTDR,24,4,RG-58/U 50 ohm coax,0.66,None,Standard,0,0,24 MHz,105.762,375 KHz,11.76,7,750,-1,750,197.37,Waveform,39.25,-250.342612308867
W50A000F,touch_1.7.0Beta1,6/11/2025 11:22:54,SSTDR,24,4,RG-58/U 50 ohm coax,0.66,None,Standard,0,0,24 MHz,105.762,375 KHz,11.76,7,750,-1,750,197.37,Waveform,39.5,-357.914389598456
W50A000F,touch_1.7.0Beta1,6/11/2025 11:22:54,SSTDR,24,4,RG-58/U 50 ohm coax,0.66,None,Standard,0,0,24 MHz,105.762,375 KHz,11.76,7,750,-1,750,197.37,Waveform,39.75,-266.841986827329
W50A000F,touch_1.7.0Beta1,6/11/2025 11:22:54,SSTDR,24,4,RG-58/U 50 ohm coax,0.66,None,Standard,0,0,24 MHz,105.762,375 KHz,11.76,7,750,-1,750,197.37,Waveform,40,-42.999999999999
W50A000F,touch_1.7.0Beta1,6/11/2025 11:22:54,SSTDR,24,4,RG-58/U 50 ohm coax,0.66,None,Standard,0,0,24 MHz,105.762,375 KHz,11.76,7,750,-1,750,197.37,Waveform,40.25,170.135019087342
W50A000F,touch_1.7.0Beta1,6/11/2025 11:22:54,SSTDR,24,4,RG-58/U 50 ohm coax,0.66,None,Standard,0,0,24 MHz,105.762,375 KHz,11.76,7,750,-1,750,197.37,Waveform,40.5,237.76817469246
W50A000F,touch_1.7.0Beta1,6/11/2025 11:22:54,SSTDR,24,4,RG-58/U 50 ohm coax,0.66,None,Standard,0,0,24 MHz,105.762,375 KHz,11.76,7,750,-1,750,197.37,Waveform,40.75,112.985388302337
W50A000F,touch_1.7.0Beta1,6/11/2025 11:22:54,SSTDR,24,4,RG-58/U 50 ohm coax,0.66,None,Standard,0,0,24 MHz,105.762,375 KHz,11.76,7,750,-1,750,197.37,Waveform,41,-137.000000000004
W50A000F,touch_1.7.0Beta1,6/11/2025 11:22:54,SSTDR,24,4,RG-58/U 50 ohm coax,0.66,None,Standard,0,0,24 MHz,105.762,375 KHz,11.76,7,750,-1,750,197.37,Waveform,41.25,-371.639068271171
W50A000F,touch_1.7.0Beta1,6/11/2025 11:22:54,SSTDR,24,4,RG-58/U 50 ohm coax,0.66,None,Standard,0,0,24 MHz,105.762,375 KHz,11.76,7,750,-1,750,197.37,Waveform,41.5,-459.774065190115
W50A000F,touch_1.7.0Beta1,6/11/2025 11:22:54,SSTDR,24,4,RG-58/U 50 ohm coax,0.66,None,Standard,0,0,24 MHz,105.762,375 KHz,11.76,7,750,-1,750,197.37,Waveform,41.75,-355.446489729883
W50A000F,touch_1.7.0Beta1,6/11/2025 11:22:54,SSTDR,24,4,RG-58/U 50 ohm coax,0.66,None,Standard,0,0,24 MHz,105.762,375 KHz,11.76,7,750,-1,750,197.37,Waveform,42,-123.000000000001
W50A000F,touch_1.7.0Beta1,6/11/2025 11:22:54,SSTDR,24,4,RG-58/U 50 ohm coax,0.66,None,Standard,0,0,24 MHz,105.762,375 KHz,11.76,7,750,-1,750,197.37,Waveform,42.25,102.018963118271
W50A000F,touch_1.7.0Beta1,6/11/2025 11:22:54,SSTDR,24,4,RG-58/U 50 ohm coax,0.66,None,Standard,0,0,24 MHz,105.762,375 KHz,11.76,7,750,-1,750,197.37,Waveform,42.5,192.236646282495
W50A000F,touch_1.7.0Beta1,6/11/2025 11:22:54,SSTDR,24,4,RG-58/U 50 ohm coax,0.66,None,Standard,0,0,24 MHz,105.762,375 KHz,11.76,7,750,-1,750,197.37,Waveform,42.75,101.411568877339
W50A000F,touch_1.7.0Beta1,6/11/2025 11:22:54,SSTDR,24,4,RG-58/U 50 ohm coax,0.66,None,Standard,0,0,24 MHz,105.762,375 KHz,11.76,7,750,-1,750,197.37,Waveform,43,-110.999999999999
W50A000F,touch_1.7.0Beta1,6/11/2025 11:22:54,SSTDR,24,4,RG-58/U 50 ohm coax,0.66,None,Standard,0,0,24 MHz,105.762,375 KHz,11.76,7,750,-1,750,197.37,Waveform,43.25,-316.799042413343
W50A000F,touch_1.7.0Beta1,6/11/2025 11:22:54,SSTDR,24,4,RG-58/U 50 ohm coax,0.66,None,Standard,0,0,24 MHz,105.762,375 KHz,11.76,7,750,-1,750,197.37,Waveform,43.5,-394.854775647456
W50A000F,touch_1.7.0Beta1,6/11/2025 11:22:54,SSTDR,24,4,RG-58/U 50 ohm coax,0.66,None,Standard,0,0,24 MHz,105.762,375 KHz,11.76,7,750,-1,750,197.37,Waveform,43.75,-301.185526217412
W50A000F,touch_1.7.0Beta1,6/11/2025 11:22:54,SSTDR,24,4,RG-58/U 50 ohm coax,0.66,None,Standard,0,0,24 MHz,105.762,375 KHz,11.76,7,750,-1,750,197.37,Waveform,44,-93.0000000000012
W50A000F,touch_1.7.0Beta1,6/11/2025 11:22:54,SSTDR,24,4,RG-58/U 50 ohm coax,0.66,None,Standard,0,0,24 MHz,105.762,375 KHz,11.76,7,750,-1,750,197.37,Waveform,44.25,106.197597898893
W50A000F,touch_1.7.0Beta1,6/11/2025 11:22:54,SSTDR,24,4,RG-58/U 50 ohm coax,0.66,None,Standard,0,0,24 MHz,105.762,375 KHz,11.76,7,750,-1,750,197.37,Waveform,44.5,179.110899718775
W50A000F,touch_1.7.0Beta1,6/11/2025 11:22:54,SSTDR,24,4,RG-58/U 50 ohm coax,0.66,None,Standard,0,0,24 MHz,105.762,375 KHz,11.76,7,750,-1,750,197.37,Waveform,44.75,82.2657228060322
W50A000F,touch_1.7.0Beta1,6/11/2025 11:22:54,SSTDR,24,4,RG-58/U 50 ohm coax,0.66,None,Standard,0,0,24 MHz,105.762,375 KHz,11.76,7,750,-1,750,197.37,Waveform,45,-130
W50A000F,touch_1.7.0Beta1,6/11/2025 11:22:54,SSTDR,24,4,RG-58/U 50 ohm coax,0.66,None,Standard,0,0,24 MHz,105.762,375 KHz,11.76,7,750,-1,750,197.37,Waveform,45.25,-337.970942569509
W50A000F,touch_1.7.0Beta1,6/11/2025 11:22:54,SSTDR,24,4,RG-58/U 50 ohm coax,0.66,None,Standard,0,0,24 MHz,105.762,375 KHz,11.76,7,750,-1,750,197.37,Waveform,45.5,-425.554741580034
W50A000F,touch_1.7.0Beta1,6/11/2025 11:22:54,SSTDR,24,4,RG-58/U 50 ohm coax,0.66,None,Standard,0,0,24 MHz,105.762,375 KHz,11.76,7,750,-1,750,197.37,Waveform,45.75,-345.539818551151
W50A000F,touch_1.7.0Beta1,6/11/2025 11:22:54,SSTDR,24,4,RG-58/U 50 ohm coax,0.66,None,Standard,0,0,24 MHz,105.762,375 KHz,11.76,7,750,-1,750,197.37,Waveform,46,-144
W50A000F,touch_1.7.0Beta1,6/11/2025 11:22:54,SSTDR,24,4,RG-58/U 50 ohm coax,0.66,None,Standard,0,0,24 MHz,105.762,375 KHz,11.76,7,750,-1,750,197.37,Waveform,46.25,68.8716244008236
W50A000F,touch_1.7.0Beta1,6/11/2025 11:22:54,SSTDR,24,4,RG-58/U 50 ohm coax,0.66,None,Standard,0,0,24 MHz,105.762,375 KHz,11.76,7,750,-1,750,197.37,Waveform,46.5,183.20050893268
W50A000F,touch_1.7.0Beta1,6/11/2025 11:22:54,SSTDR,24,4,RG-58/U 50 ohm coax,0.66,None,Standard,0,0,24 MHz,105.762,375 KHz,11.76,7,750,-1,750,197.37,Waveform,46.75,151.195834116521
W50A000F,touch_1.7.0Beta1,6/11/2025 11:22:54,SSTDR,24,4,RG-58/U 50 ohm coax,0.66,None,Standard,0,0,24 MHz,105.762,375 KHz,11.76,7,750,-1,750,197.37,Waveform,47,10.9999999999987
W50A000F,touch_1.7.0Beta1,6/11/2025 11:22:54,SSTDR,24,4,RG-58/U 50 ohm coax,0.66,None,Standard,0,0,24 MHz,105.762,375 KHz,11.76,7,750,-1,750,197.37,Waveform,47.25,-139.74748164386
W50A000F,touch_1.7.0Beta1,6/11/2025 11:22:54,SSTDR,24,4,RG-58/U 50 ohm coax,0.66,None,Standard,0,0,24 MHz,105.762,375 KHz,11.76,7,750,-1,750,197.37,Waveform,47.5,-203.678775103721
W50A000F,touch_1.7.0Beta1,6/11/2025 11:22:54,SSTDR,24,4,RG-58/U 50 ohm coax,0.66,None,Standard,0,0,24 MHz,105.762,375 KHz,11.76,7,750,-1,750,197.37,Waveform,47.75,-141.135471615454
W50A000F,touch_1.7.0Beta1,6/11/2025 11:22:54,SSTDR,24,4,RG-58/U 50 ohm coax,0.66,None,Standard,0,0,24 MHz,105.762,375 KHz,11.76,7,750,-1,750,197.37,Waveform,48,7.99999999999764
W50A000F,touch_1.7.0Beta1,6/11/2025 11:22:54,SSTDR,24,4,RG-58/U 50 ohm coax,0.66,None,Standard,0,0,24 MHz,105.762,375 KHz,11.76,7,750,-1,750,197.37,Waveform,48.25,149.818972782886
W50A000F,touch_1.7.0Beta1,6/11/2025 11:22:54,SSTDR,24,4,RG-58/U 50 ohm coax,0.66,None,Standard,0,0,24 MHz,105.762,375 KHz,11.76,7,750,-1,750,197.37,Waveform,48.5,193.239122891631
W50A000F,touch_1.7.0Beta1,6/11/2025 11:22:54,SSTDR,24,4,RG-58/U 50 ohm coax,0.66,None,Standard,0,0,24 MHz,105.762,375 KHz,11.76,7,750,-1,750,197.37,Waveform,48.75,104.401217466761
W50A000F,touch_1.7.0Beta1,6/11/2025 11:22:54,SSTDR,24,4,RG-58/U 50 ohm coax,0.66,None,Standard,0,0,24 MHz,105.762,375 KHz,11.76,7,750,-1,750,197.37,Waveform,49,-73.0000000000006
W50A000F,touch_1.7.0Beta1,6/11/2025 11:22:54,SSTDR,24,4,RG-58/U 50 ohm coax,0.66,None,Standard,0,0,24 MHz,105.762,375 KHz,11.76,7,750,-1,750,197.37,Waveform,49.25,-242.6703788558
W50A000F,touch_1.7.0Beta1,6/11/2025 11:22:54,SSTDR,24,4,RG-58/U 50 ohm coax,0.66,None,Standard,0,0,24 MHz,105.762,375 KHz,11.76,7,750,-1,750,197.37,Waveform,49.5,-310.788689065017
W50A000F,touch_1.7.0Beta1,6/11/2025 11:22:54,SSTDR,24,4,RG-58/U 50 ohm coax,0.66,None,Standard,0,0,24 MHz,105.762,375 KHz,11.76,7,750,-1,750,197.37,Waveform,49.75,-238.996453053972
W50A000F,touch_1.7.0Beta1,6/11/2025 11:22:54,SSTDR,24,4,RG-58/U 50 ohm coax,0.66,None,Standard,0,0,24 MHz,105.762,375 KHz,11.76,7,750,-1,750,197.37,Waveform,50,-65.0000000000039
W50A000F,touch_1.7.0Beta1,6/11/2025 11:22:54,SSTDR,24,4,RG-58/U 50 ohm coax,0.66,None,Standard,0,0,24 MHz,105.762,375 KHz,11.76,7,750,-1,750,197.37,Waveform,50.25,120.261284069489
W50A000F,touch_1.7.0Beta1,6/11/2025 11:22:54,SSTDR,24,4,RG-58/U 50 ohm coax,0.66,None,Standard,0,0,24 MHz,105.762,375 KHz,11.76,7,750,-1,750,197.37,Waveform,50.5,224.80888263981
W50A000F,touch_1.7.0Beta1,6/11/2025 11:22:54,SSTDR,24,4,RG-58/U 50 ohm coax,0.66,None,Standard,0,0,24 MHz,105.762,375 KHz,11.76,7,750,-1,750,197.37,Waveform,50.75,206.702188828995
W50A000F,touch_1.7.0Beta1,6/11/2025 11:22:54,SSTDR,24,4,RG-58/U 50 ohm coax,0.66,None,Standard,0,0,24 MHz,105.762,375 KHz,11.76,7,750,-1,750,197.37,Waveform,51,95.0000000000001
W50A000F,touch_1.7.0Beta1,6/11/2025 11:22:54,SSTDR,24,4,RG-58/U 50 ohm coax,0.66,None,Standard,0,0,24 MHz,105.762,375 KHz,11.76,7,750,-1,750,197.37,Waveform,51.25,-30.360602170743
W50A000F,touch_1.7.0Beta1,6/11/2025 11:22:54,SSTDR,24,4,RG-58/U 50 ohm coax,0.66,None,Standard,0,0,24 MHz,105.762,375 KHz,11.76,7,750,-1,750,197.37,Waveform,51.5,-86.9440059749629
W50A000F,touch_1.7.0Beta1,6/11/2025 11:22:54,SSTDR,24,4,RG-58/U 50 ohm coax,0.66,None,Standard,0,0,24 MHz,105.762,375 KHz,11.76,7,750,-1,750,197.37,Waveform,51.75,-37.8681664974104
W50A000F,touch_1.7.0Beta1,6/11/2025 11:22:54,SSTDR,24,4,RG-58/U 50 ohm coax,0.66,None,Standard,0,0,24 MHz,105.762,375 KHz,11.76,7,750,-1,750,197.37,Waveform,52,88.0000000000013
W50A000F,touch_1.7.0Beta1,6/11/2025 11:22:54,SSTDR,24,4,RG-58/U 50 ohm coax,0.66,None,Standard,0,0,24 MHz,105.762,375 KHz,11.76,7,750,-1,750,197.37,Waveform,52.25,214.459113361726
W50A000F,touch_1.7.0Beta1,6/11/2025 11:22:54,SSTDR,24,4,RG-58/U 50 ohm coax,0.66,None,Standard,0,0,24 MHz,105.762,375 KHz,11.76,7,750,-1,750,197.37,Waveform,52.5,263.325582827366
W50A000F,touch_1.7.0Beta1,6/11/2025 11:22:54,SSTDR,24,4,RG-58/U 50 ohm coax,0.66,None,Standard,0,0,24 MHz,105.762,375 KHz,11.76,7,750,-1,750,197.37,Waveform,52.75,199.975844472749
W50A000F,touch_1.7.0Beta1,6/11/2025 11:22:54,SSTDR,24,4,RG-58/U 50 ohm coax,0.66,None,Standard,0,0,24 MHz,105.762,375 KHz,11.76,7,750,-1,750,197.37,Waveform,53,53.0000000000007
W50A000F,touch_1.7.0Beta1,6/11/2025 11:22:54,SSTDR,24,4,RG-58/U 50 ohm coax,0.66,None,Standard,0,0,24 MHz,105.762,375 KHz,11.76,7,750,-1,750,197.37,Waveform,53.25,-102.56964782518
W50A000F,touch_1.7.0Beta1,6/11/2025 11:22:54,SSTDR,24,4,RG-58/U 50 ohm coax,0.66,None,Standard,0,0,24 MHz,105.762,375 KHz,11.76,7,750,-1,750,197.37,Waveform,53.5,-187.9237917822
W50A000F,touch_1.7.0Beta1,6/11/2025 11:22:54,SSTDR,24,4,RG-58/U 50 ohm coax,0.66,None,Standard,0,0,24 MHz,105.762,375 KHz,11.76,7,750,-1,750,197.37,Waveform,53.75,-164.112334292574
W50A000F,touch_1.7.0Beta1,6/11/2025 11:22:54,SSTDR,24,4,RG-58/U 50 ohm coax,0.66,None,Standard,0,0,24 MHz,105.762,375 KHz,11.76,7,750,-1,750,197.37,Waveform,54,-52
W50A000F,touch_1.7.0Beta1,6/11/2025 11:22:54,SSTDR,24,4,RG-58/U 50 ohm coax,0.66,None,Standard,0,0,24 MHz,105.762,375 KHz,11.76,7,750,-1,750,197.37,Waveform,54.25,81.8315208835999
W50A000F,touch_1.7.0Beta1,6/11/2025 11:22:54,SSTDR,24,4,RG-58/U 50 ohm coax,0.66,None,Standard,0,0,24 MHz,105.762,375 KHz,11.76,7,750,-1,750,197.37,Waveform,54.5,163.947768885524
W50A000F,touch_1.7.0Beta1,6/11/2025 11:22:54,SSTDR,24,4,RG-58/U 50 ohm coax,0.66,None,Standard,0,0,24 MHz,105.762,375 KHz,11.76,7,750,-1,750,197.37,Waveform,54.75,154.755306674922
W50A000F,touch_1.7.0Beta1,6/11/2025 11:22:54,SSTDR,24,4,RG-58/U 50 ohm coax,0.66,None,Standard,0,0,24 MHz,105.762,375 KHz,11.76,7,750,-1,750,197.37,Waveform,55,67.9999999999997
W50A000F,touch_1.7.0Beta1,6/11/2025 11:22:54,SSTDR,24,4,RG-58/U 50 ohm coax,0.66,None,Standard,0,0,24 MHz,105.762,375 KHz,11.76,7,750,-1,750,197.37,Waveform,55.25,-40.9466838060356
W50A000F,touch_1.7.0Beta1,6/11/2025 11:22:54,SSTDR,24,4,RG-58/U 50 ohm coax,0.66,None,Standard,0,0,24 MHz,105.762,375 KHz,11.76,7,750,-1,750,197.37,Waveform,55.5,-109.843527562057
W50A000F,touch_1.7.0Beta1,6/11/2025 11:22:54,SSTDR,24,4,RG-58/U 50 ohm coax,0.66,None,Standard,0,0,24 MHz,105.762,375 KHz,11.76,7,750,-1,750,197.37,Waveform,55.75,-106.415976876903
W50A000F,touch_1.7.0Beta1,6/11/2025 11:22:54,SSTDR,24,4,RG-58/U 50 ohm coax,0.66,None,Standard,0,0,24 MHz,105.762,375 KHz,11.76,7,750,-1,750,197.37,Waveform,56,-46
W50A000F,touch_1.7.0Beta1,6/11/2025 11:22:54,SSTDR,24,4,RG-58/U 50 ohm coax,0.66,None,Standard,0,0,24 MHz,105.762,375 KHz,11.76,7,750,-1,750,197.37,Waveform,56.25,19.4249931624649
W50A000F,touch_1.7.0Beta1,6/11/2025 11:22:54,SSTDR,24,4,RG-58/U 50 ohm coax,0.66,None,Standard,0,0,24 MHz,105.762,375 KHz,11.76,7,750,-1,750,197.37,Waveform,56.5,33.4577212732672
W50A000F,touch_1.7.0Beta1,6/11/2025 11:22:54,SSTDR,24,4,RG-58/U 50 ohm coax,0.66,None,Standard,0,0,24 MHz,105.762,375 KHz,11.76,7,750,-1,750,197.37,Waveform,56.75,-30.5331578708752
W50A000F,touch_1.7.0Beta1,6/11/2025 11:22:54,SSTDR,24,4,RG-58/U 50 ohm coax,0.66,None,Standard,0,0,24 MHz,105.762,375 KHz,11.76,7,750,-1,750,197.37,Waveform,57,-153
W50A000F,touch_1.7.0Beta1,6/11/2025 11:22:54,SSTDR,24,4,RG-58/U 50 ohm coax,0.66,None,Standard,0,0,24 MHz,105.762,375 KHz,11.76,7,750,-1,750,197.37,Waveform,57.25,-278.5399452299
W50A000F,touch_1.7.0Beta1,6/11/2025 11:22:54,SSTDR,24,4,RG-58/U 50 ohm coax,0.66,None,Standard,0,0,24 MHz,105.762,375 KHz,11.76,7,750,-1,750,197.37,Waveform,57.5,-346.425014876713
W50A000F,touch_1.7.0Beta1,6/11/2025 11:22:54,SSTDR,24,4,RG-58/U 50 ohm coax,0.66,None,Standard,0,0,24 MHz,105.762,375 KHz,11.76,7,750,-1,750,197.37,Waveform,57.75,-323.639560818336
W50A000F,touch_1.7.0Beta1,6/11/2025 11:22:54,SSTDR,24,4,RG-58/U 50 ohm coax,0.66,None,Standard,0,0,24 MHz,105.762,375 KHz,11.76,7,750,-1,750,197.37,Waveform,58,-222
W50A000F,touch_1.7.0Beta1,6/11/2025 11:22:54,SSTDR,24,4,RG-58/U 50 ohm coax,0.66,None,Standard,0,0,24 MHz,105.762,375 KHz,11.76,7,750,-1,750,197.37,Waveform,58.25,-90.5916883049146
W50A000F,touch_1.7.0Beta1,6/11/2025 11:22:54,SSTDR,24,4,RG-58/U 50 ohm coax,0.66,None,Standard,0,0,24 MHz,105.762,375 KHz,11.76,7,750,-1,750,197.37,Waveform,58.5,11.1378783479686
W50A000F,touch_1.7.0Beta1,6/11/2025 11:22:54,SSTDR,24,4,RG-58/U 50 ohm coax,0.66,None,Standard,0,0,24 MHz,105.762,375 KHz,11.76,7,750,-1,750,197.37,Waveform,58.75,43.9065834558682
W50A000F,touch_1.7.0Beta1,6/11/2025 11:22:54,SSTDR,24,4,RG-58/U 50 ohm coax,0.66,None,Standard,0,0,24 MHz,105.762,375 KHz,11.76,7,750,-1,750,197.37,Waveform,59,6.00000000000104
W50A000F,touch_1.7.0Beta1,6/11/2025 11:22:54,SSTDR,24,4,RG-58/U 50 ohm coax,0.66,None,Standard,0,0,24 MHz,105.762,375 KHz,11.76,7,750,-1,750,197.37,Waveform,59.25,-70.8174269532595
W50A000F,touch_1.7.0Beta1,6/11/2025 11:22:54,SSTDR,24,4,RG-58/U 50 ohm coax,0.66,None,Standard,0,0,24 MHz,105.762,375 KHz,11.76,7,750,-1,750,197.37,Waveform,59.5,-142.745927934087
W50A000F,touch_1.7.0Beta1,6/11/2025 11:22:54,SSTDR,24,4,RG-58/U 50 ohm coax,0.66,None,Standard,0,0,24 MHz,105.762,375 KHz,11.76,7,750,-1,750,197.37,Waveform,59.75,-179.294810207285
W50A000F,touch_1.7.0Beta1,6/11/2025 11:22:54,SSTDR,24,4,RG-58/U 50 ohm coax,0.66,None,Standard,0,0,24 MHz,105.762,375 KHz,11.76,7,750,-1,750,197.37,Waveform,60,-178.000000000001
W50A000F,touch_1.7.0Beta1,6/11/2025 11:22:54,SSTDR,24,4,RG-58/U 50 ohm coax,0.66,None,Standard,0,0,24 MHz,105.762,375 KHz,11.76,7,750,-1,750,197.37,Waveform,60.25,-161.214230091449
W50A000F,touch_1.7.0Beta1,6/11/2025 11:22:54,SSTDR,24,4,RG-58/U 50 ohm coax,0.66,None,Standard,0,0,24 MHz,105.762,375 KHz,11.76,7,750,-1,750,197.37,Waveform,60.5,-158.518428028628
W50A000F,touch_1.7.0Beta1,6/11/2025 11:22:54,SSTDR,24,4,RG-58/U 50 ohm coax,0.66,None,Standard,0,0,24 MHz,105.762,375 KHz,11.76,7,750,-1,750,197.37,Waveform,60.75,-186.322496005013
W50A000F,touch_1.7.0Beta1,6/11/2025 11:22:54,SSTDR,24,4,RG-58/U 50 ohm coax,0.66,None,Standard,0,0,24 MHz,105.762,375 KHz,11.76,7,750,-1,750,197.37,Waveform,61,-237.000000000002
W50A000F,touch_1.7.0Beta1,6/11/2025 11:22:54,SSTDR,24,4,RG-58/U 50 ohm coax,0.66,None,Standard,0,0,24 MHz,105.762,375 KHz,11.76,7,750,-1,750,197.37,Waveform,61.25,-283.470847400708
W50A000F,touch_1.7.0Beta1,6/11/2025 11:22:54,SSTDR,24,4,RG-58/U 50 ohm coax,0.66,None,Standard,0,0,24 MHz,105.762,375 KHz,11.76,7,750,-1,750,197.37,Waveform,61.5,-295.700579593994
W50A000F,touch_1.7.0Beta1,6/11/2025 11:22:54,SSTDR,24,4,RG-58/U 50 ohm coax,0.66,None,Standard,0,0,24 MHz,105.762,375 KHz,11.76,7,750,-1,750,197.37,Waveform,61.75,-258.794055206894
W50A000F,touch_1.7.0Beta1,6/11/2025 11:22:54,SSTDR,24,4,RG-58/U 50 ohm coax,0.66,None,Standard,0,0,24 MHz,105.762,375 KHz,11.76,7,750,-1,750,197.37,Waveform,62,-182.000000000001
W50A000F,touch_1.7.0Beta1,6/11/2025 11:22:54,SSTDR,24,4,RG-58/U 50 ohm coax,0.66,None,Standard,0,0,24 MHz,105.762,375 KHz,11.76,7,750,-1,750,197.37,Waveform,62.25,-93.8188065811298
W50A000F,touch_1.7.0Beta1,6/11/2025 11:22:54,SSTDR,24,4,RG-58/U 50 ohm coax,0.66,None,Standard,0,0,24 MHz,105.762,375 KHz,11.76,7,750,-1,750,197.37,Waveform,62.5,-26.7143327666644
W50A000F,touch_1.7.0Beta1,6/11/2025 11:22:54,SSTDR,24,4,RG-58/U 50 ohm coax,0.66,None,Standard,0,0,24 MHz,105.762,375 KHz,11.76,7,750,-1,750,197.37,Waveform,62.75,-0.688568069494977
W50A000F,touch_1.7.0Beta1,6/11/2025 11:22:54,SSTDR,24,4,RG-58/U 50 ohm coax,0.66,None,Standard,0,0,24 MHz,105.762,375 KHz,11.76,7,750,-1,750,197.37,Waveform,63,-14.9999999999992
W50A000F,touch_1.7.0Beta1,6/11/2025 11:22:54,SSTDR,24,4,RG-58/U 50 ohm coax,0.66,None,Standard,0,0,24 MHz,105.762,375 KHz,11.76,7,750,-1,750,197.37,Waveform,63.25,-51.9515376429228
W50A000F,touch_1.7.0Beta1,6/11/2025 11:22:54,SSTDR,24,4,RG-58/U 50 ohm coax,0.66,None,Standard,0,0,24 MHz,105.762,375 KHz,11.76,7,750,-1,750,197.37,Waveform,63.5,-89.4186199478683
W50A000F,touch_1.7.0Beta1,6/11/2025 11:22:54,SSTDR,24,4,RG-58/U 50 ohm coax,0.66,None,Standard,0,0,24 MHz,105.762,375 KHz,11.76,7,750,-1,750,197.37,Waveform,63.75,-114.000421633218
W50A000F,touch_1.7.0Beta1,6/11/2025 11:22:54,SSTDR,24,4,RG-58/U 50 ohm coax,0.66,None,Standard,0,0,24 MHz,105.762,375 KHz,11.76,7,750,-1,750,197.37,Waveform,64,-127.000000000001
W50A000F,touch_1.7.0Beta1,6/11/2025 11:22:54,SSTDR,24,4,RG-58/U 50 ohm coax,0.66,None,Standard,0,0,24 MHz,105.762,375 KHz,11.76,7,750,-1,750,197.37,Waveform,64.25,-140.343566335967
W50A000F,touch_1.7.0Beta1,6/11/2025 11:22:54,SSTDR,24,4,RG-58/U 50 ohm coax,0.66,None,Standard,0,0,24 MHz,105.762,375 KHz,11.76,7,750,-1,750,197.37,Waveform,64.5,-165.83637393529
W50A000F,touch_1.7.0Beta1,6/11/2025 11:22:54,SSTDR,24,4,RG-58/U 50 ohm coax,0.66,None,Standard,0,0,24 MHz,105.762,375 KHz,11.76,7,750,-1,750,197.37,Waveform,64.75,-205.000821148337
W50A000F,touch_1.7.0Beta1,6/11/2025 11:22:54,SSTDR,24,4,RG-58/U 50 ohm coax,0.66,None,Standard,0,0,24 MHz,105.762,375 KHz,11.76,7,750,-1,750,197.37,Waveform,65,-246
W50A000F,touch_1.7.0Beta1,6/11/2025 11:22:54,SSTDR,24,4,RG-58/U 50 ohm coax,0.66,None,Standard,0,0,24 MHz,105.762,375 KHz,11.76,7,750,-1,750,197.37,Waveform,65.25,-269.513548842567
W50A000F,touch_1.7.0Beta1,6/11/2025 11:22:54,SSTDR,24,4,RG-58/U 50 ohm coax,0.66,None,Standard,0,0,24 MHz,105.762,375 KHz,11.76,7,750,-1,750,197.37,Waveform,65.5,-259.874619067438
W50A000F,touch_1.7.0Beta1,6/11/2025 11:22:54,SSTDR,24,4,RG-58/U 50 ohm coax,0.66,None,Standard,0,0,24 MHz,105.762,375 KHz,11.76,7,750,-1,750,197.37,Waveform,65.75,-214.660642621635
W50A000F,touch_1.7.0Beta1,6/11/2025 11:22:54,SSTDR,24,4,RG-58/U 50 ohm coax,0.66,None,Standard,0,0,24 MHz,105.762,375 KHz,11.76,7,750,-1,750,197.37,Waveform,66,-147
W50A000F,touch_1.7.0Beta1,6/11/2025 11:22:54,SSTDR,24,4,RG-58/U 50 ohm coax,0.66,None,Standard,0,0,24 MHz,105.762,375 KHz,11.76,7,750,-1,750,197.37,Waveform,66.25,-79.2912046567653
W50A000F,touch_1.7.0Beta1,6/11/2025 11:22:54,SSTDR,24,4,RG-58/U 50 ohm coax,0.66,None,Standard,0,0,24 MHz,105.762,375 KHz,11.76,7,750,-1,750,197.37,Waveform,66.5,-32.0661999778697
W50A000F,touch_1.7.0Beta1,6/11/2025 11:22:54,SSTDR,24,4,RG-58/U 50 ohm coax,0.66,None,Standard,0,0,24 MHz,105.762,375 KHz,11.76,7,750,-1,750,197.37,Waveform,66.75,-14.3859280854979
W50A000F,touch_1.7.0Beta1,6/11/2025 11:22:54,SSTDR,24,4,RG-58/U 50 ohm coax,0.66,None,Standard,0,0,24 MHz,105.762,375 KHz,11.76,7,750,-1,750,197.37,Waveform,67,-21
W50A000F,touch_1.7.0Beta1,6/11/2025 11:22:54,SSTDR,24,4,RG-58/U 50 ohm coax,0.66,None,Standard,0,0,24 MHz,105.762,375 KHz,11.76,7,750,-1,750,197.37,Waveform,67.25,-37.3958217082774
W50A000F,touch_1.7.0Beta1,6/11/2025 11:22:54,SSTDR,24,4,RG-58/U 50 ohm coax,0.66,None,Standard,0,0,24 MHz,105.762,375 KHz,11.76,7,750,-1,750,197.37,Waveform,67.5,-49.331954147912
W50A000F,touch_1.7.0Beta1,6/11/2025 11:22:54,SSTDR,24,4,RG-58/U 50 ohm coax,0.66,None,Standard,0,0,24 MHz,105.762,375 KHz,11.76,7,750,-1,750,197.37,Waveform,67.75,-51.120935250807
W50A000F,touch_1.7.0Beta1,6/11/2025 11:22:54,SSTDR,24,4,RG-58/U 50 ohm coax,0.66,None,Standard,0,0,24 MHz,105.762,375 KHz,11.76,7,750,-1,750,197.37,Waveform,68,-48.000000000001
W50A000F,touch_1.7.0Beta1,6/11/2025 11:22:54,SSTDR,24,4,RG-58/U 50 ohm coax,0.66,None,Standard,0,0,24 MHz,105.762,375 KHz,11.76,7,750,-1,750,197.37,Waveform,68.25,-51.5842883676024
W50A000F,touch_1.7.0Beta1,6/11/2025 11:22:54,SSTDR,24,4,RG-58/U 50 ohm coax,0.66,None,Standard,0,0,24 MHz,105.762,375 KHz,11.76,7,750,-1,750,197.37,Waveform,68.5,-71.4027513615459
W50A000F,touch_1.7.0Beta1,6/11/2025 11:22:54,SSTDR,24,4,RG-58/U 50 ohm coax,0.66,None,Standard,0,0,24 MHz,105.762,375 KHz,11.76,7,750,-1,750,197.37,Waveform,68.75,-107.597939346624
W50A000F,touch_1.7.0Beta1,6/11/2025 11:22:54,SSTDR,24,4,RG-58/U 50 ohm coax,0.66,None,Standard,0,0,24 MHz,105.762,375 KHz,11.76,7,750,-1,750,197.37,Waveform,69,-148.999999999998
W50A000F,touch_1.7.0Beta1,6/11/2025 11:22:54,SSTDR,24,4,RG-58/U 50 ohm coax,0.66,None,Standard,0,0,24 MHz,105.762,375 KHz,11.76,7,750,-1,750,197.37,Waveform,69.25,-177.653787016819
W50A000F,touch_1.7.0Beta1,6/11/2025 11:22:54,SSTDR,24,4,RG-58/U 50 ohm coax,0.66,None,Standard,0,0,24 MHz,105.762,375 KHz,11.76,7,750,-1,750,197.37,Waveform,69.5,-177.356636369763
W50A000F,touch_1.7.0Beta1,6/11/2025 11:22:54,SSTDR,24,4,RG-58/U 50 ohm coax,0.66,None,Standard,0,0,24 MHz,105.762,375 KHz,11.76,7,750,-1,750,197.37,Waveform,69.75,-141.759451953727
W50A000F,touch_1.7.0Beta1,6/11/2025 11:22:54,SSTDR,24,4,RG-58/U 50 ohm coax,0.66,None,Standard,0,0,24 MHz,105.762,375 KHz,11.76,7,750,-1,750,197.37,Waveform,70,-78.0000000000021
W50A000F,touch_1.7.0Beta1,6/11/2025 11:22:54,SSTDR,24,4,RG-58/U 50 ohm coax,0.66,None,Standard,0,0,24 MHz,105.762,375 KHz,11.76,7,750,-1,750,197.37,Waveform,70.25,-4.21662624824551
W50A000F,touch_1.7.0Beta1,6/11/2025 11:22:54,SSTDR,24,4,RG-58/U 50 ohm coax,0.66,None,Standard,0,0,24 MHz,105.762,375 KHz,11.76,7,750,-1,750,197.37,Waveform,70.5,57.760844700211
W50A000F,touch_1.7.0Beta1,6/11/2025 11:22:54,SSTDR,24,4,RG-58/U 50 ohm coax,0.66,None,Standard,0,0,24 MHz,105.762,375 KHz,11.76,7,750,-1,750,197.37,Waveform,70.75,91.1959871213424
W50A000F,touch_1.7.0Beta1,6/11/2025 11:22:54,SSTDR,24,4,RG-58/U 50 ohm coax,0.66,None,Standard,0,0,24 MHz,105.762,375 KHz,11.76,7,750,-1,750,197.37,Waveform,71,91
W50A000F,touch_1.7.0Beta1,6/11/2025 11:22:54,SSTDR,24,4,RG-58/U 50 ohm coax,0.66,None,Standard,0,0,24 MHz,105.762,375 KHz,11.76,7,750,-1,750,197.37,Waveform,71.25,65.5531698380239
W50A000F,touch_1.7.0Beta1,6/11/2025 11:22:54,SSTDR,24,4,RG-58/U 50 ohm coax,0.66,None,Standard,0,0,24 MHz,105.762,375 KHz,11.76,7,750,-1,750,197.37,Waveform,71.5,33.2956609897789
W50A000F,touch_1.7.0Beta1,6/11/2025 11:22:54,SSTDR,24,4,RG-58/U 50 ohm coax,0.66,None,Standard,0,0,24 MHz,105.762,375 KHz,11.76,7,750,-1,750,197.37,Waveform,71.75,15.5144134187888
W50A000F,touch_1.7.0Beta1,6/11/2025 11:22:54,SSTDR,24,4,RG-58/U 50 ohm coax,0.66,None,Standard,0,0,24 MHz,105.762,375 KHz,11.76,7,750,-1,750,197.37,Waveform,72,28.0000000000021
W50A000F,touch_1.7.0Beta1,6/11/2025 11:22:54,SSTDR,24,4,RG-58/U 50 ohm coax,0.66,None,Standard,0,0,24 MHz,105.762,375 KHz,11.76,7,750,-1,750,197.37,Waveform,72.25,74.5890814761473
W50A000F,touch_1.7.0Beta1,6/11/2025 11:22:54,SSTDR,24,4,RG-58/U 50 ohm coax,0.66,None,Standard,0,0,24 MHz,105.762,375 KHz,11.76,7,750,-1,750,197.37,Waveform,72.5,145.050659303578
W50A000F,touch_1.7.0Beta1,6/11/2025 11:22:54,SSTDR,24,4,RG-58/U 50 ohm coax,0.66,None,Standard,0,0,24 MHz,105.762,375 KHz,11.76,7,750,-1,750,197.37,Waveform,72.75,218.423438184042
W50A000F,touch_1.7.0Beta1,6/11/2025 11:22:54,SSTDR,24,4,RG-58/U 50 ohm coax,0.66,None,Standard,0,0,24 MHz,105.762,375 KHz,11.76,7,750,-1,750,197.37,Waveform,73,271.000000000001
W50A000F,touch_1.7.0Beta1,6/11/2025 11:22:54,SSTDR,24,4,RG-58/U 50 ohm coax,0.66,None,Standard,0,0,24 MHz,105.762,375 KHz,11.76,7,750,-1,750,197.37,Waveform,73.25,286.176954817557
W50A000F,touch_1.7.0Beta1,6/11/2025 11:22:54,SSTDR,24,4,RG-58/U 50 ohm coax,0.66,None,Standard,0,0,24 MHz,105.762,375 KHz,11.76,7,750,-1,750,197.37,Waveform,73.5,262.134974963749
W50A000F,touch_1.7.0Beta1,6/11/2025 11:22:54,SSTDR,24,4,RG-58/U 50 ohm coax,0.66,None,Standard,0,0,24 MHz,105.762,375 KHz,11.76,7,750,-1,750,197.37,Waveform,73.75,213.590406479416
W50A000F,touch_1.7.0Beta1,6/11/2025 11:22:54,SSTDR,24,4,RG-58/U 50 ohm coax,0.66,None,Standard,0,0,24 MHz,105.762,375 KHz,11.76,7,750,-1,750,197.37,Waveform,74,166.000000000001
W50A000F,touch_1.7.0Beta1,6/11/2025 11:22:54,SSTDR,24,4,RG-58/U 50 ohm coax,0.66,None,Standard,0,0,24 MHz,105.762,375 KHz,11.76,7,750,-1,750,197.37,Waveform,74.25,144.008006270178
W50A000F,touch_1.7.0Beta1,6/11/2025 11:22:54,SSTDR,24,4,RG-58/U 50 ohm coax,0.66,None,Standard,0,0,24 MHz,105.762,375 KHz,11.76,7,750,-1,750,197.37,Waveform,74.5,159.096605107055
W50A000F,touch_1.7.0Beta1,6/11/2025 11:22:54,SSTDR,24,4,RG-58/U 50 ohm coax,0.66,None,Standard,0,0,24 MHz,105.762,375 KHz,11.76,7,750,-1,750,197.37,Waveform,74.75,202.557340343459
W50A000F,touch_1.7.0Beta1,6/11/2025 11:22:54,SSTDR,24,4,RG-58/U 50 ohm coax,0.66,None,Standard,0,0,24 MHz,105.762,375 KHz,11.76,7,750,-1,750,197.37,Waveform,75,247.999999999999
W50A000F,touch_1.7.0Beta1,6/11/2025 11:22:54,SSTDR,24,4,RG-58/U 50 ohm coax,0.66,None,Standard,0,0,24 MHz,105.762,375 KHz,11.76,7,750,-1,750,197.37,Waveform,75.25,263.157705669496
W50A000F,touch_1.7.0Beta1,6/11/2025 11:22:54,SSTDR,24,4,RG-58/U 50 ohm coax,0.66,None,Standard,0,0,24 MHz,105.762,375 KHz,11.76,7,750,-1,750,197.37,Waveform,75.5,225.802363724323
W50A000F,touch_1.7.0Beta1,6/11/2025 11:22:54,SSTDR,24,4,RG-58/U 50 ohm coax,0.66,None,Standard,0,0,24 MHz,105.762,375 KHz,11.76,7,750,-1,750,197.37,Waveform,75.75,135.846759950533
W50A000F,touch_1.7.0Beta1,6/11/2025 11:22:54,SSTDR,24,4,RG-58/U 50 ohm coax,0.66,None,Standard,0,0,24 MHz,105.762,375 KHz,11.76,7,750,-1,750,197.37,Waveform,76,17.0000000000012
W50A000F,touch_1.7.0Beta1,6/11/2025 11:22:54,SSTDR,24,4,RG-58/U 50 ohm coax,0.66,None,Standard,0,0,24 MHz,105.762,375 KHz,11.76,7,750,-1,750,197.37,Waveform,76.25,-93.5949603820478
W50A000F,touch_1.7.0Beta1,6/11/2025 11:22:54,SSTDR,24,4,RG-58/U 50 ohm coax,0.66,None,Standard,0,0,24 MHz,105.762,375 KHz,11.76,7,750,-1,750,197.37,Waveform,76.5,-162.938691061565
W50A000F,touch_1.7.0Beta1,6/11/2025 11:22:54,SSTDR,24,4,RG-58/U 50 ohm coax,0.66,None,Standard,0,0,24 MHz,105.762,375 KHz,11.76,7,750,-1,750,197.37,Waveform,76.75,-177.956961160615
W50A000F,touch_1.7.0Beta1,6/11/2025 11:22:54,SSTDR,24,4,RG-58/U 50 ohm coax,0.66,None,Standard,0,0,24 MHz,105.762,375 KHz,11.76,7,750,-1,750,197.37,Waveform,77,-151
W50A000F,touch_1.7.0Beta1,6/11/2025 11:22:54,SSTDR,24,4,RG-58/U 50 ohm coax,0.66,None,Standard,0,0,24 MHz,105.762,375 KHz,11.76,7,750,-1,750,197.37,Waveform,77.25,-111.882845351712
W50A000F,touch_1.7.0Beta1,6/11/2025 11:22:54,SSTDR,24,4,RG-58/U 50 ohm coax,0.66,None,Standard,0,0,24 MHz,105.762,375 KHz,11.76,7,750,-1,750,197.37,Waveform,77.5,-90.6740228255933
W50A000F,touch_1.7.0Beta1,6/11/2025 11:22:54,SSTDR,24,4,RG-58/U 50 ohm coax,0.66,None,Standard,0,0,24 MHz,105.762,375 KHz,11.76,7,750,-1,750,197.37,Waveform,77.75,-100.783118582381
W50A000F,touch_1.7.0Beta1,6/11/2025 11:22:54,SSTDR,24,4,RG-58/U 50 ohm coax,0.66,None,Standard,0,0,24 MHz,105.762,375 KHz,11.76,7,750,-1,750,197.37,Waveform,78,-132
W50A000F,touch_1.7.0Beta1,6/11/2025 11:22:54,SSTDR,24,4,RG-58/U 50 ohm coax,0.66,None,Standard,0,0,24 MHz,105.762,375 KHz,11.76,7,750,-1,750,197.37,Waveform,78.25,-157.663352087694
W50A000F,touch_1.7.0Beta1,6/11/2025 11:22:54,SSTDR,24,4,RG-58/U 50 ohm coax,0.66,None,Standard,0,0,24 MHz,105.762,375 KHz,11.76,7,750,-1,750,197.37,Waveform,78.5,-152.000641623591
W50A000F,touch_1.7.0Beta1,6/11/2025 11:22:54,SSTDR,24,4,RG-58/U 50 ohm coax,0.66,None,Standard,0,0,24 MHz,105.762,375 KHz,11.76,7,750,-1,750,197.37,Waveform,78.75,-107.532855058056
W50A000F,touch_1.7.0Beta1,6/11/2025 11:22:54,SSTDR,24,4,RG-58/U 50 ohm coax,0.66,None,Standard,0,0,24 MHz,105.762,375 KHz,11.76,7,750,-1,750,197.37,Waveform,79,-42.0000000000005
W50A000F,touch_1.7.0Beta1,6/11/2025 11:22:54,SSTDR,24,4,RG-58/U 50 ohm coax,0.66,None,Standard,0,0,24 MHz,105.762,375 KHz,11.76,7,750,-1,750,197.37,Waveform,79.25,9.9274873276719
W50A000F,touch_1.7.0Beta1,6/11/2025 11:22:54,SSTDR,24,4,RG-58/U 50 ohm coax,0.66,None,Standard,0,0,24 MHz,105.762,375 KHz,11.76,7,750,-1,750,197.37,Waveform,79.5,15.981268661389
W50A000F,touch_1.7.0Beta1,6/11/2025 11:22:54,SSTDR,24,4,RG-58/U 50 ohm coax,0.66,None,Standard,0,0,24 MHz,105.762,375 KHz,11.76,7,750,-1,750,197.37,Waveform,79.75,-34.3426179057007
W50A000F,touch_1.7.0Beta1,6/11/2025 11:22:54,SSTDR,24,4,RG-58/U 50 ohm coax,0.66,None,Standard,0,0,24 MHz,105.762,375 KHz,11.76,7,750,-1,750,197.37,Waveform,80,-121.999999999999
W50A000F,touch_1.7.0Beta1,6/11/2025 11:22:54,SSTDR,24,4,RG-58/U 50 ohm coax,0.66,None,Standard,0,0,24 MHz,105.762,375 KHz,11.76,7,750,-1,750,197.37,Waveform,80.25,-207.480756259997
W50A000F,touch_1.7.0Beta1,6/11/2025 11:22:54,SSTDR,24,4,RG-58/U 50 ohm coax,0.66,None,Standard,0,0,24 MHz,105.762,375 KHz,11.76,7,750,-1,750,197.37,Waveform,80.5,-252.247029595682
W50A000F,touch_1.7.0Beta1,6/11/2025 11:22:54,SSTDR,24,4,RG-58/U 50 ohm coax,0.66,None,Standard,0,0,24 MHz,105.762,375 KHz,11.76,7,750,-1,750,197.37,Waveform,80.75,-240.434429543952
W50A000F,touch_1.7.0Beta1,6/11/2025 11:22:54,SSTDR,24,4,RG-58/U 50 ohm coax,0.66,None,Standard,0,0,24 MHz,105.762,375 KHz,11.76,7,750,-1,750,197.37,Waveform,81,-188
W50A000F,touch_1.7.0Beta1,6/11/2025 11:22:54,SSTDR,24,4,RG-58/U 50 ohm coax,0.66,None,Standard,0,0,24 MHz,105.762,375 KHz,11.76,7,750,-1,750,197.37,Waveform,81.25,-133.401744017895
W50A000F,touch_1.7.0Beta1,6/11/2025 11:22:54,SSTDR,24,4,RG-58/U 50 ohm coax,0.66,None,Standard,0,0,24 MHz,105.762,375 KHz,11.76,7,750,-1,750,197.37,Waveform,81.5,-114.654153599041
W50A000F,touch_1.7.0Beta1,6/11/2025 11:22:54,SSTDR,24,4,RG-58/U 50 ohm coax,0.66,None,Standard,0,0,24 MHz,105.762,375 KHz,11.76,7,750,-1,750,197.37,Waveform,81.75,-145.96481473792
W50A000F,touch_1.7.0Beta1,6/11/2025 11:22:54,SSTDR,24,4,RG-58/U 50 ohm coax,0.66,None,Standard,0,0,24 MHz,105.762,375 KHz,11.76,7,750,-1,750,197.37,Waveform,82,-208
W50A000F,touch_1.7.0Beta1,6/11/2025 11:22:54,SSTDR,24,4,RG-58/U 50 ohm coax,0.66,None,Standard,0,0,24 MHz,105.762,375 KHz,11.76,7,750,-1,750,197.37,Waveform,82.25,-258.293480586015
W50A000F,touch_1.7.0Beta1,6/11/2025 11:22:54,SSTDR,24,4,RG-58/U 50 ohm coax,0.66,None,Standard,0,0,24 MHz,105.762,375 KHz,11.76,7,750,-1,750,197.37,Waveform,82.5,-256.518082253057
W50A000F,touch_1.7.0Beta1,6/11/2025 11:22:54,SSTDR,24,4,RG-58/U 50 ohm coax,0.66,None,Standard,0,0,24 MHz,105.762,375 KHz,11.76,7,750,-1,750,197.37,Waveform,82.75,-190.140656767042
W50A000F,touch_1.7.0Beta1,6/11/2025 11:22:54,SSTDR,24,4,RG-58/U 50 ohm coax,0.66,None,Standard,0,0,24 MHz,105.762,375 KHz,11.76,7,750,-1,750,197.37,Waveform,83,-84.9999999999993
W50A000F,touch_1.7.0Beta1,6/11/2025 11:22:54,SSTDR,24,4,RG-58/U 50 ohm coax,0.66,None,Standard,0,0,24 MHz,105.762,375 KHz,11.76,7,750,-1,750,197.37,Waveform,83.25,6.4459122098459
W50A000F,touch_1.7.0Beta1,6/11/2025 11:22:54,SSTDR,24,4,RG-58/U 50 ohm coax,0.66,None,Standard,0,0,24 MHz,105.762,375 KHz,11.76,7,750,-1,750,197.37,Waveform,83.5,33.5303680119118
W50A000F,touch_1.7.0Beta1,6/11/2025 11:22:54,SSTDR,24,4,RG-58/U 50 ohm coax,0.66,None,Standard,0,0,24 MHz,105.762,375 KHz,11.76,7,750,-1,750,197.37,Waveform,83.75,-23.3944407692783
W50A000F,touch_1.7.0Beta1,6/11/2025 11:22:54,SSTDR,24,4,RG-58/U 50 ohm coax,0.66,None,Standard,0,0,24 MHz,105.762,375 KHz,11.76,7,750,-1,750,197.37,Waveform,84,-139.999999999998
W50A000F,touch_1.7.0Beta1,6/11/2025 11:22:54,SSTDR,24,4,RG-58/U 50 ohm coax,0.66,None,Standard,0,0,24 MHz,105.762,375 KHz,11.76,7,750,-1,750,197.37,Waveform,84.25,-259.58760925567
W50A000F,touch_1.7.0Beta1,6/11/2025 11:22:54,SSTDR,24,4,RG-58/U 50 ohm coax,0.66,None,Standard,0,0,24 MHz,105.762,375 KHz,11.76,7,750,-1,750,197.37,Waveform,84.5,-323.508719898485
W50A000F,touch_1.7.0Beta1,6/11/2025 11:22:54,SSTDR,24,4,RG-58/U 50 ohm coax,0.66,None,Standard,0,0,24 MHz,105.762,375 KHz,11.76,7,750,-1,750,197.37,Waveform,84.75,-303.450919157039
W50A000F,touch_1.7.0Beta1,6/11/2025 11:22:54,SSTDR,24,4,RG-58/U 50 ohm coax,0.66,None,Standard,0,0,24 MHz,105.762,375 KHz,11.76,7,750,-1,750,197.37,Waveform,85,-217.000000000002
W50A000F,touch_1.7.0Beta1,6/11/2025 11:22:54,SSTDR,24,4,RG-58/U 50 ohm coax,0.66,None,Standard,0,0,24 MHz,105.762,375 KHz,11.76,7,750,-1,750,197.37,Waveform,85.25,-117.108838792932
W50A000F,touch_1.7.0Beta1,6/11/2025 11:22:54,SSTDR,24,4,RG-58/U 50 ohm coax,0.66,None,Standard,0,0,24 MHz,105.762,375 KHz,11.76,7,750,-1,750,197.37,Waveform,85.5,-61.1100807409718
W50A000F,touch_1.7.0Beta1,6/11/2025 11:22:54,SSTDR,24,4,RG-58/U 50 ohm coax,0.66,None,Standard,0,0,24 MHz,105.762,375 KHz,11.76,7,750,-1,750,197.37,Waveform,85.75,-77.0348359771939
W50A000F,touch_1.7.0Beta1,6/11/2025 11:22:54,SSTDR,24,4,RG-58/U 50 ohm coax,0.66,None,Standard,0,0,24 MHz,105.762,375 KHz,11.76,7,750,-1,750,197.37,Waveform,86,-146.999999999998
W50A000F,touch_1.7.0Beta1,6/11/2025 11:22:54,SSTDR,24,4,RG-58/U 50 ohm coax,0.66,None,Standard,0,0,24 MHz,105.762,375 KHz,11.76,7,750,-1,750,197.37,Waveform,86.25,-217.821109067259
W50A000F,touch_1.7.0Beta1,6/11/2025 11:22:54,SSTDR,24,4,RG-58/U 50 ohm coax,0.66,None,Standard,0,0,24 MHz,105.762,375 KHz,11.76,7,750,-1,750,197.37,Waveform,86.5,-233.138431903044
W50A000F,touch_1.7.0Beta1,6/11/2025 11:22:54,SSTDR,24,4,RG-58/U 50 ohm coax,0.66,None,Standard,0,0,24 MHz,105.762,375 KHz,11.76,7,750,-1,750,197.37,Waveform,86.75,-168.423537125366
W50A000F,touch_1.7.0Beta1,6/11/2025 11:22:54,SSTDR,24,4,RG-58/U 50 ohm coax,0.66,None,Standard,0,0,24 MHz,105.762,375 KHz,11.76,7,750,-1,750,197.37,Waveform,87,-48
W50A000F,touch_1.7.0Beta1,6/11/2025 11:22:54,SSTDR,24,4,RG-58/U 50 ohm coax,0.66,None,Standard,0,0,24 MHz,105.762,375 KHz,11.76,7,750,-1,750,197.37,Waveform,87.25,66.7042804832694
W50A000F,touch_1.7.0Beta1,6/11/2025 11:22:54,SSTDR,24,4,RG-58/U 50 ohm coax,0.66,None,Standard,0,0,24 MHz,105.762,375 KHz,11.76,7,750,-1,750,197.37,Waveform,87.5,111.679977385743
W50A000F,touch_1.7.0Beta1,6/11/2025 11:22:54,SSTDR,24,4,RG-58/U 50 ohm coax,0.66,None,Standard,0,0,24 MHz,105.762,375 KHz,11.76,7,750,-1,750,197.37,Waveform,87.75,57.9299876798347
W50A000F,touch_1.7.0Beta1,6/11/2025 11:22:54,SSTDR,24,4,RG-58/U 50 ohm coax,0.66,None,Standard,0,0,24 MHz,105.762,375 KHz,11.76,7,750,-1,750,197.37,Waveform,88,-70.0000000000003
W50A000F,touch_1.7.0Beta1,6/11/2025 11:22:54,SSTDR,24,4,RG-58/U 50 ohm coax,0.66,None,Standard,0,0,24 MHz,105.762,375 KHz,11.76,7,750,-1,750,197.37,Waveform,88.25,-206.077120661571
W50A000F,touch_1.7.0Beta1,6/11/2025 11:22:54,SSTDR,24,4,RG-58/U 50 ohm coax,0.66,None,Standard,0,0,24 MHz,105.762,375 KHz,11.76,7,750,-1,750,197.37,Waveform,88.5,-279.221854405293
W50A000F,touch_1.7.0Beta1,6/11/2025 11:22:54,SSTDR,24,4,RG-58/U 50 ohm coax,0.66,None,Standard,0,0,24 MHz,105.762,375 KHz,11.76,7,750,-1,750,197.37,Waveform,88.75,-253.40166408992
W50A000F,touch_1.7.0Beta1,6/11/2025 11:22:54,SSTDR,24,4,RG-58/U 50 ohm coax,0.66,None,Standard,0,0,24 MHz,105.762,375 KHz,11.76,7,750,-1,750,197.37,Waveform,89,-147.999999999999
W50A000F,touch_1.7.0Beta1,6/11/2025 11:22:54,SSTDR,24,4,RG-58/U 50 ohm coax,0.66,None,Standard,0,0,24 MHz,105.762,375 KHz,11.76,7,750,-1,750,197.37,Waveform,89.25,-26.1928823153296
W50A000F,touch_1.7.0Beta1,6/11/2025 11:22:54,SSTDR,24,4,RG-58/U 50 ohm coax,0.66,None,Standard,0,0,24 MHz,105.762,375 KHz,11.76,7,750,-1,750,197.37,Waveform,89.5,42.3095814082079
W50A000F,touch_1.7.0Beta1,6/11/2025 11:22:54,SSTDR,24,4,RG-58/U 50 ohm coax,0.66,None,Standard,0,0,24 MHz,105.762,375 KHz,11.76,7,750,-1,750,197.37,Waveform,89.75,22.5192977393789
W50A000F,touch_1.7.0Beta1,6/11/2025 11:22:54,SSTDR,24,4,RG-58/U 50 ohm coax,0.66,None,Standard,0,0,24 MHz,105.762,375 KHz,11.76,7,750,-1,750,197.37,Waveform,90,-65.0000000000004
W50A000F,touch_1.7.0Beta1,6/11/2025 11:22:54,SSTDR,24,4,RG-58/U 50 ohm coax,0.66,None,Standard,0,0,24 MHz,105.762,375 KHz,11.76,7,750,-1,750,197.37,Waveform,90.25,-156.490262900853
W50A000F,touch_1.7.0Beta1,6/11/2025 11:22:54,SSTDR,24,4,RG-58/U 50 ohm coax,0.66,None,Standard,0,0,24 MHz,105.762,375 KHz,11.76,7,750,-1,750,197.37,Waveform,90.5,-183.778269913187
W50A000F,touch_1.7.0Beta1,6/11/2025 11:22:54,SSTDR,24,4,RG-58/U 50 ohm coax,0.66,None,Standard,0,0,24 MHz,105.762,375 KHz,11.76,7,750,-1,750,197.37,Waveform,90.75,-116.750197542878
W50A000F,touch_1.7.0Beta1,6/11/2025 11:22:54,SSTDR,24,4,RG-58/U 50 ohm coax,0.66,None,Standard,0,0,24 MHz,105.762,375 KHz,11.76,7,750,-1,750,197.37,Waveform,91,15.9999999999995
W50A000F,touch_1.7.0Beta1,6/11/2025 11:22:54,SSTDR,24,4,RG-58/U 50 ohm coax,0.66,None,Standard,0,0,24 MHz,105.762,375 KHz,11.76,7,750,-1,750,197.37,Waveform,91.25,141.493500221365
W50A000F,touch_1.7.0Beta1,6/11/2025 11:22:54,SSTDR,24,4,RG-58/U 50 ohm coax,0.66,None,Standard,0,0,24 MHz,105.762,375 KHz,11.76,7,750,-1,750,197.37,Waveform,91.5,184.235813934492
W50A000F,touch_1.7.0Beta1,6/11/2025 11:22:54,SSTDR,24,4,RG-58/U 50 ohm coax,0.66,None,Standard,0,0,24 MHz,105.762,375 KHz,11.76,7,750,-1,750,197.37,Waveform,91.75,111.488042300887
W50A000F,touch_1.7.0Beta1,6/11/2025 11:22:54,SSTDR,24,4,RG-58/U 50 ohm coax,0.66,None,Standard,0,0,24 MHz,105.762,375 KHz,11.76,7,750,-1,750,197.37,Waveform,92,-44.9999999999994
W50A000F,touch_1.7.0Beta1,6/11/2025 11:22:54,SSTDR,24,4,RG-58/U 50 ohm coax,0.66,None,Standard,0,0,24 MHz,105.762,375 KHz,11.76,7,750,-1,750,197.37,Waveform,92.25,-204.556566028795
W50A000F,touch_1.7.0Beta1,6/11/2025 11:22:54,SSTDR,24,4,RG-58/U 50 ohm coax,0.66,None,Standard,0,0,24 MHz,105.762,375 KHz,11.76,7,750,-1,750,197.37,Waveform,92.5,-282.467347070175
W50A000F,touch_1.7.0Beta1,6/11/2025 11:22:54,SSTDR,24,4,RG-58/U 50 ohm coax,0.66,None,Standard,0,0,24 MHz,105.762,375 KHz,11.76,7,750,-1,750,197.37,Waveform,92.75,-238.5622878282
W50A000F,touch_1.7.0Beta1,6/11/2025 11:22:54,SSTDR,24,4,RG-58/U 50 ohm coax,0.66,None,Standard,0,0,24 MHz,105.762,375 KHz,11.76,7,750,-1,750,197.37,Waveform,93,-101.000000000002
W50A000F,touch_1.7.0Beta1,6/11/2025 11:22:54,SSTDR,24,4,RG-58/U 50 ohm coax,0.66,None,Standard,0,0,24 MHz,105.762,375 KHz,11.76,7,750,-1,750,197.37,Waveform,93.25,49.339245168697
W50A000F,touch_1.7.0Beta1,6/11/2025 11:22:54,SSTDR,24,4,RG-58/U 50 ohm coax,0.66,None,Standard,0,0,24 MHz,105.762,375 KHz,11.76,7,750,-1,750,197.37,Waveform,93.5,125.525883942908
W50A000F,touch_1.7.0Beta1,6/11/2025 11:22:54,SSTDR,24,4,RG-58/U 50 ohm coax,0.66,None,Standard,0,0,24 MHz,105.762,375 KHz,11.76,7,750,-1,750,197.37,Waveform,93.75,85.4550398460409
W50A000F,touch_1.7.0Beta1,6/11/2025 11:22:54,SSTDR,24,4,RG-58/U 50 ohm coax,0.66,None,Standard,0,0,24 MHz,105.762,375 KHz,11.76,7,750,-1,750,197.37,Waveform,94,-42.9999999999984
W50A000F,touch_1.7.0Beta1,6/11/2025 11:22:54,SSTDR,24,4,RG-58/U 50 ohm coax,0.66,None,Standard,0,0,24 MHz,105.762,375 KHz,11.76,7,750,-1,750,197.37,Waveform,94.25,-177.879099136444
W50A000F,touch_1.7.0Beta1,6/11/2025 11:22:54,SSTDR,24,4,RG-58/U 50 ohm coax,0.66,None,Standard,0,0,24 MHz,105.762,375 KHz,11.76,7,750,-1,750,197.37,Waveform,94.5,-231.40070638722
W50A000F,touch_1.7.0Beta1,6/11/2025 11:22:54,SSTDR,24,4,RG-58/U 50 ohm coax,0.66,None,Standard,0,0,24 MHz,105.762,375 KHz,11.76,7,750,-1,750,197.37,Waveform,94.75,-162.572921951984
W50A000F,touch_1.7.0Beta1,6/11/2025 11:22:54,SSTDR,24,4,RG-58/U 50 ohm coax,0.66,None,Standard,0,0,24 MHz,105.762,375 KHz,11.76,7,750,-1,750,197.37,Waveform,95,-2.99999999999792
W50A000F,touch_1.7.0Beta1,6/11/2025 11:22:54,SSTDR,24,4,RG-58/U 50 ohm coax,0.66,None,Standard,0,0,24 MHz,105.762,375 KHz,11.76,7,750,-1,750,197.37,Waveform,95.25,159.946508127395
W50A000F,touch_1.7.0Beta1,6/11/2025 11:22:54,SSTDR,24,4,RG-58/U 50 ohm coax,0.66,None,Standard,0,0,24 MHz,105.762,375 KHz,11.76,7,750,-1,750,197.37,Waveform,95.5,233.382638716666
W50A000F,touch_1.7.0Beta1,6/11/2025 11:22:54,SSTDR,24,4,RG-58/U 50 ohm coax,0.66,None,Standard,0,0,24 MHz,105.762,375 KHz,11.76,7,750,-1,750,197.37,Waveform,95.75,173.327174421834
W50A000F,touch_1.7.0Beta1,6/11/2025 11:22:54,SSTDR,24,4,RG-58/U 50 ohm coax,0.66,None,Standard,0,0,24 MHz,105.762,375 KHz,11.76,7,750,-1,750,197.37,Waveform,96,10.999999999999
W50A000F,touch_1.7.0Beta1,6/11/2025 11:22:54,SSTDR,24,4,RG-58/U 50 ohm coax,0.66,None,Standard,0,0,24 MHz,105.762,375 KHz,11.76,7,750,-1,750,197.37,Waveform,96.25,-165.079484185271
W50A000F,touch_1.7.0Beta1,6/11/2025 11:22:54,SSTDR,24,4,RG-58/U 50 ohm coax,0.66,None,Standard,0,0,24 MHz,105.762,375 KHz,11.76,7,750,-1,750,197.37,Waveform,96.5,-261.142861088885
W50A000F,touch_1.7.0Beta1,6/11/2025 11:22:54,SSTDR,24,4,RG-58/U 50 ohm coax,0.66,None,Standard,0,0,24 MHz,105.762,375 KHz,11.76,7,750,-1,750,197.37,Waveform,96.75,-233.672893859111
W50A000F,touch_1.7.0Beta1,6/11/2025 11:22:54,SSTDR,24,4,RG-58/U 50 ohm coax,0.66,None,Standard,0,0,24 MHz,105.762,375 KHz,11.76,7,750,-1,750,197.37,Waveform,97,-115.000000000001
W50A000F,touch_1.7.0Beta1,6/11/2025 11:22:54,SSTDR,24,4,RG-58/U 50 ohm coax,0.66,None,Standard,0,0,24 MHz,105.762,375 KHz,11.76,7,750,-1,750,197.37,Waveform,97.25,6.99437450860829
W50A000F,touch_1.7.0Beta1,6/11/2025 11:22:54,SSTDR,24,4,RG-58/U 50 ohm coax,0.66,None,Standard,0,0,24 MHz,105.762,375 KHz,11.76,7,750,-1,750,197.37,Waveform,97.5,43.6202482282575
W50A000F,touch_1.7.0Beta1,6/11/2025 11:22:54,SSTDR,24,4,RG-58/U 50 ohm coax,0.66,None,Standard,0,0,24 MHz,105.762,375 KHz,11.76,7,750,-1,750,197.37,Waveform,97.75,-38.1195168011369
W50A000F,touch_1.7.0Beta1,6/11/2025 11:22:54,SSTDR,24,4,RG-58/U 50 ohm coax,0.66,None,Standard,0,0,24 MHz,105.762,375 KHz,11.76,7,750,-1,750,197.37,Waveform,98,-192.000000000004
W50A000F,touch_1.7.0Beta1,6/11/2025 11:22:54,SSTDR,24,4,RG-58/U 50 ohm coax,0.66,None,Standard,0,0,24 MHz,105.762,375 KHz,11.76,7,750,-1,750,197.37,Waveform,98.25,-317.775219248325
W50A000F,touch_1.7.0Beta1,6/11/2025 11:22:54,SSTDR,24,4,RG-58/U 50 ohm coax,0.66,None,Standard,0,0,24 MHz,105.762,375 KHz,11.76,7,750,-1,750,197.37,Waveform,98.5,-321.666030951454
W50A000F,touch_1.7.0Beta1,6/11/2025 11:22:54,SSTDR,24,4,RG-58/U 50 ohm coax,0.66,None,Standard,0,0,24 MHz,105.762,375 KHz,11.76,7,750,-1,750,197.37,Waveform,98.75,-176.568422463965
W50A000F,touch_1.7.0Beta1,6/11/2025 11:22:54,SSTDR,24,4,RG-58/U 50 ohm coax,0.66,None,Standard,0,0,24 MHz,105.762,375 KHz,11.76,7,750,-1,750,197.37,Waveform,99,54.999999999999
W50A000F,touch_1.7.0Beta1,6/11/2025 11:22:54,SSTDR,24,4,RG-58/U 50 ohm coax,0.66,None,Standard,0,0,24 MHz,105.762,375 KHz,11.76,7,750,-1,750,197.37,Waveform,99.25,251.269305103849
W50A000F,touch_1.7.0Beta1,6/11/2025 11:22:54,SSTDR,24,4,RG-58/U 50 ohm coax,0.66,None,Standard,0,0,24 MHz,105.762,375 KHz,11.76,7,750,-1,750,197.37,Waveform,99.5,299.435656555306
W50A000F,touch_1.7.0Beta1,6/11/2025 11:22:54,SSTDR,24,4,RG-58/U 50 ohm coax,0.66,None,Standard,0,0,24 MHz,105.762,375 KHz,11.76,7,750,-1,750,197.37,Waveform,99.75,162.703399402367
W50A000F,touch_1.7.0Beta1,6/11/2025 11:22:54,SSTDR,24,4,RG-58/U 50 ohm coax,0.66,None,Standard,0,0,24 MHz,105.762,375 KHz,11.76,7,750,-1,750,197.37,Waveform,100,-93.9999999999988
W50A000F,touch_1.7.0Beta1,6/11/2025 11:22:54,SSTDR,24,4,RG-58/U 50 ohm coax,0.66,None,Standard,0,0,24 MHz,105.762,375 KHz,11.76,7,750,-1,750,197.37,Waveform,100.25,-336.906444858008
W50A000F,touch_1.7.0Beta1,6/11/2025 11:22:54,SSTDR,24,4,RG-58/U 50 ohm coax,0.66,None,Standard,0,0,24 MHz,105.762,375 KHz,11.76,7,750,-1,750,197.37,Waveform,100.5,-438.005481826532
W50A000F,touch_1.7.0Beta1,6/11/2025 11:22:54,SSTDR,24,4,RG-58/U 50 ohm coax,0.66,None,Standard,0,0,24 MHz,105.762,375 KHz,11.76,7,750,-1,750,197.37,Waveform,100.75,-349.002416518491
W50A000F,touch_1.7.0Beta1,6/11/2025 11:22:54,SSTDR,24,4,RG-58/U 50 ohm coax,0.66,None,Standard,0,0,24 MHz,105.762,375 KHz,11.76,7,750,-1,750,197.37,Waveform,101,-130.999999999999
W50A000F,touch_1.7.0Beta1,6/11/2025 11:22:54,SSTDR,24,4,RG-58/U 50 ohm coax,0.66,None,Standard,0,0,24 MHz,105.762,375 KHz,11.76,7,750,-1,750,197.37,Waveform,101.25,79.1458233540865
W50A000F,touch_1.7.0Beta1,6/11/2025 11:22:54,SSTDR,24,4,RG-58/U 50 ohm coax,0.66,None,Standard,0,0,24 MHz,105.762,375 KHz,11.76,7,750,-1,750,197.37,Waveform,101.5,148.051758503066
W50A000F,touch_1.7.0Beta1,6/11/2025 11:22:54,SSTDR,24,4,RG-58/U 50 ohm coax,0.66,None,Standard,0,0,24 MHz,105.762,375 KHz,11.76,7,750,-1,750,197.37,Waveform,101.75,25.2763704841659
W50A000F,touch_1.7.0Beta1,6/11/2025 11:22:54,SSTDR,24,4,RG-58/U 50 ohm coax,0.66,None,Standard,0,0,24 MHz,105.762,375 KHz,11.76,7,750,-1,750,197.37,Waveform,102,-223.999999999999
W50A000F,touch_1.7.0Beta1,6/11/2025 11:22:54,SSTDR,24,4,RG-58/U 50 ohm coax,0.66,None,Standard,0,0,24 MHz,105.762,375 KHz,11.76,7,750,-1,750,197.37,Waveform,102.25,-454.002578447547
W50A000F,touch_1.7.0Beta1,6/11/2025 11:22:54,SSTDR,24,4,RG-58/U 50 ohm coax,0.66,None,Standard,0,0,24 MHz,105.762,375 KHz,11.76,7,750,-1,750,197.37,Waveform,102.5,-522.611150576037
W50A000F,touch_1.7.0Beta1,6/11/2025 11:22:54,SSTDR,24,4,RG-58/U 50 ohm coax,0.66,None,Standard,0,0,24 MHz,105.762,375 KHz,11.76,7,750,-1,750,197.37,Waveform,102.75,-376.547150903344
W50A000F,touch_1.7.0Beta1,6/11/2025 11:22:54,SSTDR,24,4,RG-58/U 50 ohm coax,0.66,None,Standard,0,0,24 MHz,105.762,375 KHz,11.76,7,750,-1,750,197.37,Waveform,103,-87.0000000000009
W50A000F,touch_1.7.0Beta1,6/11/2025 11:22:54,SSTDR,24,4,RG-58/U 50 ohm coax,0.66,None,Standard,0,0,24 MHz,105.762,375 KHz,11.76,7,750,-1,750,197.37,Waveform,103.25,187.195940951664
W50A000F,touch_1.7.0Beta1,6/11/2025 11:22:54,SSTDR,24,4,RG-58/U 50 ohm coax,0.66,None,Standard,0,0,24 MHz,105.762,375 KHz,11.76,7,750,-1,750,197.37,Waveform,103.5,289.628058586972
W50A000F,touch_1.7.0Beta1,6/11/2025 11:22:54,SSTDR,24,4,RG-58/U 50 ohm coax,0.66,None,Standard,0,0,24 MHz,105.762,375 KHz,11.76,7,750,-1,750,197.37,Waveform,103.75,158.253891584673
W50A000F,touch_1.7.0Beta1,6/11/2025 11:22:54,SSTDR,24,4,RG-58/U 50 ohm coax,0.66,None,Standard,0,0,24 MHz,105.762,375 KHz,11.76,7,750,-1,750,197.37,Waveform,104,-135
W50A000F,touch_1.7.0Beta1,6/11/2025 11:22:54,SSTDR,24,4,RG-58/U 50 ohm coax,0.66,None,Standard,0,0,24 MHz,105.762,375 KHz,11.76,7,750,-1,750,197.37,Waveform,104.25,-422.136864182124
W50A000F,touch_1.7.0Beta1,6/11/2025 11:22:54,SSTDR,24,4,RG-58/U 50 ohm coax,0.66,None,Standard,0,0,24 MHz,105.762,375 KHz,11.76,7,750,-1,750,197.37,Waveform,104.5,-534.731865886858
W50A000F,touch_1.7.0Beta1,6/11/2025 11:22:54,SSTDR,24,4,RG-58/U 50 ohm coax,0.66,None,Standard,0,0,24 MHz,105.762,375 KHz,11.76,7,750,-1,750,197.37,Waveform,104.75,-402.842498857811
W50A000F,touch_1.7.0Beta1,6/11/2025 11:22:54,SSTDR,24,4,RG-58/U 50 ohm coax,0.66,None,Standard,0,0,24 MHz,105.762,375 KHz,11.76,7,750,-1,750,197.37,Waveform,105,-98.9999999999995
W50A000F,touch_1.7.0Beta1,6/11/2025 11:22:54,SSTDR,24,4,RG-58/U 50 ohm coax,0.66,None,Standard,0,0,24 MHz,105.762,375 KHz,11.76,7,750,-1,750,197.37,Waveform,105.25,200.419368550338
W50A000F,touch_1.7.0Beta1,6/11/2025 11:22:54,SSTDR,24,4,RG-58/U 50 ohm coax,0.66,None,Standard,0,0,24 MHz,105.762,375 KHz,11.76,7,750,-1,750,197.37,Waveform,105.5,316.343580049972
W50A000F,touch_1.7.0Beta1,6/11/2025 11:22:54,SSTDR,24,4,RG-58/U 50 ohm coax,0.66,None,Standard,0,0,24 MHz,105.762,375 KHz,11.76,7,750,-1,750,197.37,Waveform,105.75,173.085581877836
W50A000F,touch_1.7.0Beta1,6/11/2025 11:22:54,SSTDR,24,4,RG-58/U 50 ohm coax,0.66,None,Standard,0,0,24 MHz,105.762,375 KHz,11.76,7,750,-1,750,197.37,Waveform,106,-152.999999999998
W50A000F,touch_1.7.0Beta1,6/11/2025 11:22:54,SSTDR,24,4,RG-58/U 50 ohm coax,0.66,None,Standard,0,0,24 MHz,105.762,375 KHz,11.76,7,750,-1,750,197.37,Waveform,106.25,-472.854054271176
W50A000F,touch_1.7.0Beta1,6/11/2025 11:22:54,SSTDR,24,4,RG-58/U 50 ohm coax,0.66,None,Standard,0,0,24 MHz,105.762,375 KHz,11.76,7,750,-1,750,197.37,Waveform,106.5,-591.850686880791
W50A000F,touch_1.7.0Beta1,6/11/2025 11:22:54,SSTDR,24,4,RG-58/U 50 ohm coax,0.66,None,Standard,0,0,24 MHz,105.762,375 KHz,11.76,7,750,-1,750,197.37,Waveform,106.75,-424.074906265036
W50A000F,touch_1.7.0Beta1,6/11/2025 11:22:54,SSTDR,24,4,RG-58/U 50 ohm coax,0.66,None,Standard,0,0,24 MHz,105.762,375 KHz,11.76,7,750,-1,750,197.37,Waveform,107,-47.0000000000011
W50A000F,touch_1.7.0Beta1,6/11/2025 11:22:54,SSTDR,24,4,RG-58/U 50 ohm coax,0.66,None,Standard,0,0,24 MHz,105.762,375 KHz,11.76,7,750,-1,750,197.37,Waveform,107.25,337.284346122365
W50A000F,touch_1.7.0Beta1,6/11/2025 11:22:54,SSTDR,24,4,RG-58/U 50 ohm coax,0.66,None,Standard,0,0,24 MHz,105.762,375 KHz,11.76,7,750,-1,750,197.37,Waveform,107.5,514.462263891536
W50A000F,touch_1.7.0Beta1,6/11/2025 11:22:54,SSTDR,24,4,RG-58/U 50 ohm coax,0.66,None,Standard,0,0,24 MHz,105.762,375 KHz,11.76,7,750,-1,750,197.37,Waveform,107.75,380.606775791088
W50A000F,touch_1.7.0Beta1,6/11/2025 11:22:54,SSTDR,24,4,RG-58/U 50 ohm coax,0.66,None,Standard,0,0,24 MHz,105.762,375 KHz,11.76,7,750,-1,750,197.37,Waveform,108,3.9999999999994
W50A000F,touch_1.7.0Beta1,6/11/2025 11:22:54,SSTDR,24,4,RG-58/U 50 ohm coax,0.66,None,Standard,0,0,24 MHz,105.762,375 KHz,11.76,7,750,-1,750,197.37,Waveform,108.25,-411.131795699418
W50A000F,touch_1.7.0Beta1,6/11/2025 11:22:54,SSTDR,24,4,RG-58/U 50 ohm coax,0.66,None,Standard,0,0,24 MHz,105.762,375 KHz,11.76,7,750,-1,750,197.37,Waveform,108.5,-639.888203063077
W50A000F,touch_1.7.0Beta1,6/11/2025 11:22:54,SSTDR,24,4,RG-58/U 50 ohm coax,0.66,None,Standard,0,0,24 MHz,105.762,375 KHz,11.76,7,750,-1,750,197.37,Waveform,108.75,-565.368248644903
W50A000F,touch_1.7.0Beta1,6/11/2025 11:22:54,SSTDR,24,4,RG-58/U 50 ohm coax,0.66,None,Standard,0,0,24 MHz,105.762,375 KHz,11.76,7,750,-1,750,197.37,Waveform,109,-246.000000000002
W50A000F,touch_1.7.0Beta1,6/11/2025 11:22:54,SSTDR,24,4,RG-58/U 50 ohm coax,0.66,None,Standard,0,0,24 MHz,105.762,375 KHz,11.76,7,750,-1,750,197.37,Waveform,109.25,118.742674121523
W50A000F,touch_1.7.0Beta1,6/11/2025 11:22:54,SSTDR,24,4,RG-58/U 50 ohm coax,0.66,None,Standard,0,0,24 MHz,105.762,375 KHz,11.76,7,750,-1,750,197.37,Waveform,109.5,305.648025825261
W50A000F,touch_1.7.0Beta1,6/11/2025 11:22:54,SSTDR,24,4,RG-58/U 50 ohm coax,0.66,None,Standard,0,0,24 MHz,105.762,375 KHz,11.76,7,750,-1,750,197.37,Waveform,109.75,200.334174458482
W50A000F,touch_1.7.0Beta1,6/11/2025 11:22:54,SSTDR,24,4,RG-58/U 50 ohm coax,0.66,None,Standard,0,0,24 MHz,105.762,375 KHz,11.76,7,750,-1,750,197.37,Waveform,110,-133.000000000001
W50A000F,touch_1.7.0Beta1,6/11/2025 11:22:54,SSTDR,24,4,RG-58/U 50 ohm coax,0.66,None,Standard,0,0,24 MHz,105.762,375 KHz,11.76,7,750,-1,750,197.37,Waveform,110.25,-487.179412787665
W50A000F,touch_1.7.0Beta1,6/11/2025 11:22:54,SSTDR,24,4,RG-58/U 50 ohm coax,0.66,None,Standard,0,0,24 MHz,105.762,375 KHz,11.76,7,750,-1,750,197.37,Waveform,110.5,-634.062150413398
W50A000F,touch_1.7.0Beta1,6/11/2025 11:22:54,SSTDR,24,4,RG-58/U 50 ohm coax,0.66,None,Standard,0,0,24 MHz,105.762,375 KHz,11.76,7,750,-1,750,197.37,Waveform,110.75,-462.286764617589
W50A000F,touch_1.7.0Beta1,6/11/2025 11:22:54,SSTDR,24,4,RG-58/U 50 ohm coax,0.66,None,Standard,0,0,24 MHz,105.762,375 KHz,11.76,7,750,-1,750,197.37,Waveform,111,-49.0000000000002
W50A000F,touch_1.7.0Beta1,6/11/2025 11:22:54,SSTDR,24,4,RG-58/U 50 ohm coax,0.66,None,Standard,0,0,24 MHz,105.762,375 KHz,11.76,7,750,-1,750,197.37,Waveform,111.25,379.047910879615
W50A000F,touch_1.7.0Beta1,6/11/2025 11:22:54,SSTDR,24,4,RG-58/U 50 ohm coax,0.66,None,Standard,0,0,24 MHz,105.762,375 KHz,11.76,7,750,-1,750,197.37,Waveform,111.5,575.03259613862
W50A000F,touch_1.7.0Beta1,6/11/2025 11:22:54,SSTDR,24,4,RG-58/U 50 ohm coax,0.66,None,Standard,0,0,24 MHz,105.762,375 KHz,11.76,7,750,-1,750,197.37,Waveform,111.75,417.712852907604
W50A000F,touch_1.7.0Beta1,6/11/2025 11:22:54,SSTDR,24,4,RG-58/U 50 ohm coax,0.66,None,Standard,0,0,24 MHz,105.762,375 KHz,11.76,7,750,-1,750,197.37,Waveform,112,-13.000000000001
W50A000F,touch_1.7.0Beta1,6/11/2025 11:22:54,SSTDR,24,4,RG-58/U 50 ohm coax,0.66,None,Standard,0,0,24 MHz,105.762,375 KHz,11.76,7,750,-1,750,197.37,Waveform,112.25,-477.553165512883
W50A000F,touch_1.7.0Beta1,6/11/2025 11:22:54,SSTDR,24,4,RG-58/U 50 ohm coax,0.66,None,Standard,0,0,24 MHz,105.762,375 KHz,11.76,7,750,-1,750,197.37,Waveform,112.5,-714.018238432171
W50A000F,touch_1.7.0Beta1,6/11/2025 11:22:54,SSTDR,24,4,RG-58/U 50 ohm coax,0.66,None,Standard,0,0,24 MHz,105.762,375 KHz,11.76,7,750,-1,750,197.37,Waveform,112.75,-592.155742379871
W50A000F,touch_1.7.0Beta1,6/11/2025 11:22:54,SSTDR,24,4,RG-58/U 50 ohm coax,0.66,None,Standard,0,0,24 MHz,105.762,187.5 KHz,11.66,7,1000,-1,1000,390.15,Calibration,1,-48
W50A000F,touch_1.7.0Beta1,6/11/2025 11:22:54,SSTDR,24,4,RG-58/U 50 ohm coax,0.66,None,Standard,0,0,24 MHz,105.762,187.5 KHz,11.66,7,1000,-1,1000,390.15,Calibration,2,64
W50A000F,touch_1.7.0Beta1,6/11/2025 11:22:54,SSTDR,24,4,RG-58/U 50 ohm coax,0.66,None,Standard,0,0,24 MHz,105.762,187.5 KHz,11.66,7,1000,-1,1000,390.15,Calibration,3,73
W50A000F,touch_1.7.0Beta1,6/11/2025 11:22:54,SSTDR,24,4,RG-58/U 50 ohm coax,0.66,None,Standard,0,0,24 MHz,105.762,187.5 KHz,11.66,7,1000,-1,1000,390.15,Calibration,4,-13
W50A000F,touch_1.7.0Beta1,6/11/2025 11:22:54,SSTDR,24,4,RG-58/U 50 ohm coax,0.66,None,Standard,0,0,24 MHz,105.762,187.5 KHz,11.66,7,1000,-1,1000,390.15,Calibration,5,-71
W50A000F,touch_1.7.0Beta1,6/11/2025 11:22:54,SSTDR,24,4,RG-58/U 50 ohm coax,0.66,None,Standard,0,0,24 MHz,105.762,187.5 KHz,11.66,7,1000,-1,1000,390.15,Calibration,6,47
W50A000F,touch_1.7.0Beta1,6/11/2025 11:22:54,SSTDR,24,4,RG-58/U 50 ohm coax,0.66,None,Standard,0,0,24 MHz,105.762,187.5 KHz,11.66,7,1000,-1,1000,390.15,Calibration,7,69
W50A000F,touch_1.7.0Beta1,6/11/2025 11:22:54,SSTDR,24,4,RG-58/U 50 ohm coax,0.66,None,Standard,0,0,24 MHz,105.762,187.5 KHz,11.66,7,1000,-1,1000,390.15,Calibration,8,19
W50A000F,touch_1.7.0Beta1,6/11/2025 11:22:54,SSTDR,24,4,RG-58/U 50 ohm coax,0.66,None,Standard,0,0,24 MHz,105.762,187.5 KHz,11.66,7,1000,-1,1000,390.15,Calibration,9,-79
W50A000F,touch_1.7.0Beta1,6/11/2025 11:22:54,SSTDR,24,4,RG-58/U 50 ohm coax,0.66,None,Standard,0,0,24 MHz,105.762,187.5 KHz,11.66,7,1000,-1,1000,390.15,Calibration,10,-19188
W50A000F,touch_1.7.0Beta1,6/11/2025 11:22:54,SSTDR,24,4,RG-58/U 50 ohm coax,0.66,None,Standard,0,0,24 MHz,105.762,187.5 KHz,11.66,7,1000,-1,1000,390.15,Calibration,11,-24364
W50A000F,touch_1.7.0Beta1,6/11/2025 11:22:54,SSTDR,24,4,RG-58/U 50 ohm coax,0.66,None,Standard,0,0,24 MHz,105.762,187.5 KHz,11.66,7,1000,-1,1000,390.15,Calibration,12,32767
W50A000F,touch_1.7.0Beta1,6/11/2025 11:22:54,SSTDR,24,4,RG-58/U 50 ohm coax,0.66,None,Standard,0,0,24 MHz,105.762,187.5 KHz,11.66,7,1000,-1,1000,390.15,Calibration,13,32767
W50A000F,touch_1.7.0Beta1,6/11/2025 11:22:54,SSTDR,24,4,RG-58/U 50 ohm coax,0.66,None,Standard,0,0,24 MHz,105.762,187.5 KHz,11.66,7,1000,-1,1000,390.15,Calibration,14,-32673
W50A000F,touch_1.7.0Beta1,6/11/2025 11:22:54,SSTDR,24,4,RG-58/U 50 ohm coax,0.66,None,Standard,0,0,24 MHz,105.762,187.5 KHz,11.66,7,1000,-1,1000,390.15,Calibration,15,-32665
W50A000F,touch_1.7.0Beta1,6/11/2025 11:22:54,SSTDR,24,4,RG-58/U 50 ohm coax,0.66,None,Standard,0,0,24 MHz,105.762,187.5 KHz,11.66,7,1000,-1,1000,390.15,Calibration,16,439
W50A000F,touch_1.7.0Beta1,6/11/2025 11:22:54,SSTDR,24,4,RG-58/U 50 ohm coax,0.66,None,Standard,0,0,24 MHz,105.762,187.5 KHz,11.66,7,1000,-1,1000,390.15,Calibration,17,19147
W50A000F,touch_1.7.0Beta1,6/11/2025 11:22:54,SSTDR,24,4,RG-58/U 50 ohm coax,0.66,None,Standard,0,0,24 MHz,105.762,187.5 KHz,11.66,7,1000,-1,1000,390.15,Calibration,18,5121
W50A000F,touch_1.7.0Beta1,6/11/2025 11:22:54,SSTDR,24,4,RG-58/U 50 ohm coax,0.66,None,Standard,0,0,24 MHz,105.762,187.5 KHz,11.66,7,1000,-1,1000,390.15,Calibration,19,1561
W50A000F,touch_1.7.0Beta1,6/11/2025 11:22:54,SSTDR,24,4,RG-58/U 50 ohm coax,0.66,None,Standard,0,0,24 MHz,105.762,187.5 KHz,11.66,7,1000,-1,1000,390.15,Calibration,20,589
W50A000F,touch_1.7.0Beta1,6/11/2025 11:22:54,SSTDR,24,4,RG-58/U 50 ohm coax,0.66,None,Standard,0,0,24 MHz,105.762,187.5 KHz,11.66,7,1000,-1,1000,390.15,Calibration,21,375
W50A000F,touch_1.7.0Beta1,6/11/2025 11:22:54,SSTDR,24,4,RG-58/U 50 ohm coax,0.66,None,Standard,0,0,24 MHz,105.762,187.5 KHz,11.66,7,1000,-1,1000,390.15,Calibration,22,319
W50A000F,touch_1.7.0Beta1,6/11/2025 11:22:54,SSTDR,24,4,RG-58/U 50 ohm coax,0.66,None,Standard,0,0,24 MHz,105.762,187.5 KHz,11.66,7,1000,-1,1000,390.15,Calibration,23,117
W50A000F,touch_1.7.0Beta1,6/11/2025 11:22:54,SSTDR,24,4,RG-58/U 50 ohm coax,0.66,None,Standard,0,0,24 MHz,105.762,187.5 KHz,11.66,7,1000,-1,1000,390.15,Calibration,24,-127
W50A000F,touch_1.7.0Beta1,6/11/2025 11:22:54,SSTDR,24,4,RG-58/U 50 ohm coax,0.66,None,Standard,0,0,24 MHz,105.762,187.5 KHz,11.66,7,1000,-1,1000,390.15,Calibration,25,-219
W50A000F,touch_1.7.0Beta1,6/11/2025 11:22:54,SSTDR,24,4,RG-58/U 50 ohm coax,0.66,None,Standard,0,0,24 MHz,105.762,187.5 KHz,11.66,7,1000,-1,1000,390.15,Calibration,26,-158
W50A000F,touch_1.7.0Beta1,6/11/2025 11:22:54,SSTDR,24,4,RG-58/U 50 ohm coax,0.66,None,Standard,0,0,24 MHz,105.762,187.5 KHz,11.66,7,1000,-1,1000,390.15,Calibration,27,-71
W50A000F,touch_1.7.0Beta1,6/11/2025 11:22:54,SSTDR,24,4,RG-58/U 50 ohm coax,0.66,None,Standard,0,0,24 MHz,105.762,187.5 KHz,11.66,7,1000,-1,1000,390.15,Calibration,28,-3
W50A000F,touch_1.7.0Beta1,6/11/2025 11:22:54,SSTDR,24,4,RG-58/U 50 ohm coax,0.66,None,Standard,0,0,24 MHz,105.762,187.5 KHz,11.66,7,1000,-1,1000,390.15,Calibration,29,201
W50A000F,touch_1.7.0Beta1,6/11/2025 11:22:54,SSTDR,24,4,RG-58/U 50 ohm coax,0.66,None,Standard,0,0,24 MHz,105.762,187.5 KHz,11.66,7,1000,-1,1000,390.15,Calibration,30,280
W50A000F,touch_1.7.0Beta1,6/11/2025 11:22:54,SSTDR,24,4,RG-58/U 50 ohm coax,0.66,None,Standard,0,0,24 MHz,105.762,187.5 KHz,11.66,7,1000,-1,1000,390.15,Calibration,31,232
W50A000F,touch_1.7.0Beta1,6/11/2025 11:22:54,SSTDR,24,4,RG-58/U 50 ohm coax,0.66,None,Standard,0,0,24 MHz,105.762,187.5 KHz,11.66,7,1000,-1,1000,390.15,Calibration,32,48
W50A000F,touch_1.7.0Beta1,6/11/2025 11:22:54,SSTDR,24,4,RG-58/U 50 ohm coax,0.66,None,Standard,0,0,24 MHz,105.762,187.5 KHz,11.66,7,1000,-1,1000,390.15,Calibration,33,-54
W50A000F,touch_1.7.0Beta1,6/11/2025 11:22:54,SSTDR,24,4,RG-58/U 50 ohm coax,0.66,None,Standard,0,0,24 MHz,105.762,187.5 KHz,11.66,7,1000,-1,1000,390.15,Calibration,34,-39
W50A000F,touch_1.7.0Beta1,6/11/2025 11:22:54,SSTDR,24,4,RG-58/U 50 ohm coax,0.66,None,Standard,0,0,24 MHz,105.762,187.5 KHz,11.66,7,1000,-1,1000,390.15,Calibration,35,-147
W50A000F,touch_1.7.0Beta1,6/11/2025 11:22:54,SSTDR,24,4,RG-58/U 50 ohm coax,0.66,None,Standard,0,0,24 MHz,105.762,187.5 KHz,11.66,7,1000,-1,1000,390.15,Calibration,36,-257
W50A000F,touch_1.7.0Beta1,6/11/2025 11:22:54,SSTDR,24,4,RG-58/U 50 ohm coax,0.66,None,Standard,0,0,24 MHz,105.762,187.5 KHz,11.66,7,1000,-1,1000,390.15,Calibration,37,-101
W50A000F,touch_1.7.0Beta1,6/11/2025 11:22:54,SSTDR,24,4,RG-58/U 50 ohm coax,0.66,None,Standard,0,0,24 MHz,105.762,187.5 KHz,11.66,7,1000,-1,1000,390.15,Calibration,38,96
W50A000F,touch_1.7.0Beta1,6/11/2025 11:22:54,SSTDR,24,4,RG-58/U 50 ohm coax,0.66,None,Standard,0,0,24 MHz,105.762,187.5 KHz,11.66,7,1000,-1,1000,390.15,Calibration,39,142
W50A000F,touch_1.7.0Beta1,6/11/2025 11:22:54,SSTDR,24,4,RG-58/U 50 ohm coax,0.66,None,Standard,0,0,24 MHz,105.762,187.5 KHz,11.66,7,1000,-1,1000,390.15,Calibration,40,100
W50A000F,touch_1.7.0Beta1,6/11/2025 11:22:54,SSTDR,24,4,RG-58/U 50 ohm coax,0.66,None,Standard,0,0,24 MHz,105.762,187.5 KHz,11.66,7,1000,-1,1000,390.15,Calibration,41,204
W50A000F,touch_1.7.0Beta1,6/11/2025 11:22:54,SSTDR,24,4,RG-58/U 50 ohm coax,0.66,None,Standard,0,0,24 MHz,105.762,187.5 KHz,11.66,7,1000,-1,1000,390.15,Calibration,42,98
W50A000F,touch_1.7.0Beta1,6/11/2025 11:22:54,SSTDR,24,4,RG-58/U 50 ohm coax,0.66,None,Standard,0,0,24 MHz,105.762,187.5 KHz,11.66,7,1000,-1,1000,390.15,Calibration,43,-77
W50A000F,touch_1.7.0Beta1,6/11/2025 11:22:54,SSTDR,24,4,RG-58/U 50 ohm coax,0.66,None,Standard,0,0,24 MHz,105.762,187.5 KHz,11.66,7,1000,-1,1000,390.15,Calibration,44,-54
W50A000F,touch_1.7.0Beta1,6/11/2025 11:22:54,SSTDR,24,4,RG-58/U 50 ohm coax,0.66,None,Standard,0,0,24 MHz,105.762,187.5 KHz,11.66,7,1000,-1,1000,390.15,Calibration,45,-96
W50A000F,touch_1.7.0Beta1,6/11/2025 11:22:54,SSTDR,24,4,RG-58/U 50 ohm coax,0.66,None,Standard,0,0,24 MHz,105.762,187.5 KHz,11.66,7,1000,-1,1000,390.15,Calibration,46,5
W50A000F,touch_1.7.0Beta1,6/11/2025 11:22:54,SSTDR,24,4,RG-58/U 50 ohm coax,0.66,None,Standard,0,0,24 MHz,105.762,187.5 KHz,11.66,7,1000,-1,1000,390.15,Calibration,47,-30
W50A000F,touch_1.7.0Beta1,6/11/2025 11:22:54,SSTDR,24,4,RG-58/U 50 ohm coax,0.66,None,Standard,0,0,24 MHz,105.762,187.5 KHz,11.66,7,1000,-1,1000,390.15,Calibration,48,-19
W50A000F,touch_1.7.0Beta1,6/11/2025 11:22:54,SSTDR,24,4,RG-58/U 50 ohm coax,0.66,None,Standard,0,0,24 MHz,105.762,187.5 KHz,11.66,7,1000,-1,1000,390.15,Calibration,49,48
W50A000F,touch_1.7.0Beta1,6/11/2025 11:22:54,SSTDR,24,4,RG-58/U 50 ohm coax,0.66,None,Standard,0,0,24 MHz,105.762,187.5 KHz,11.66,7,1000,-1,1000,390.15,Calibration,50,157
W50A000F,touch_1.7.0Beta1,6/11/2025 11:22:54,SSTDR,24,4,RG-58/U 50 ohm coax,0.66,None,Standard,0,0,24 MHz,105.762,187.5 KHz,11.66,7,1000,-1,1000,390.15,Calibration,51,41
W50A000F,touch_1.7.0Beta1,6/11/2025 11:22:54,SSTDR,24,4,RG-58/U 50 ohm coax,0.66,None,Standard,0,0,24 MHz,105.762,187.5 KHz,11.66,7,1000,-1,1000,390.15,Calibration,52,-11
W50A000F,touch_1.7.0Beta1,6/11/2025 11:22:54,SSTDR,24,4,RG-58/U 50 ohm coax,0.66,None,Standard,0,0,24 MHz,105.762,187.5 KHz,11.66,7,1000,-1,1000,390.15,Calibration,53,7
W50A000F,touch_1.7.0Beta1,6/11/2025 11:22:54,SSTDR,24,4,RG-58/U 50 ohm coax,0.66,None,Standard,0,0,24 MHz,105.762,187.5 KHz,11.66,7,1000,-1,1000,390.15,Calibration,54,51
W50A000F,touch_1.7.0Beta1,6/11/2025 11:22:54,SSTDR,24,4,RG-58/U 50 ohm coax,0.66,None,Standard,0,0,24 MHz,105.762,187.5 KHz,11.66,7,1000,-1,1000,390.15,Calibration,55,45
W50A000F,touch_1.7.0Beta1,6/11/2025 11:22:54,SSTDR,24,4,RG-58/U 50 ohm coax,0.66,None,Standard,0,0,24 MHz,105.762,187.5 KHz,11.66,7,1000,-1,1000,390.15,Calibration,56,-43
W50A000F,touch_1.7.0Beta1,6/11/2025 11:22:54,SSTDR,24,4,RG-58/U 50 ohm coax,0.66,None,Standard,0,0,24 MHz,105.762,187.5 KHz,11.66,7,1000,-1,1000,390.15,Calibration,57,-36
W50A000F,touch_1.7.0Beta1,6/11/2025 11:22:54,SSTDR,24,4,RG-58/U 50 ohm coax,0.66,None,Standard,0,0,24 MHz,105.762,187.5 KHz,11.66,7,1000,-1,1000,390.15,Calibration,58,22
W50A000F,touch_1.7.0Beta1,6/11/2025 11:22:54,SSTDR,24,4,RG-58/U 50 ohm coax,0.66,None,Standard,0,0,24 MHz,105.762,187.5 KHz,11.66,7,1000,-1,1000,390.15,Calibration,59,49
W50A000F,touch_1.7.0Beta1,6/11/2025 11:22:54,SSTDR,24,4,RG-58/U 50 ohm coax,0.66,None,Standard,0,0,24 MHz,105.762,187.5 KHz,11.66,7,1000,-1,1000,390.15,Calibration,60,-26
W50A000F,touch_1.7.0Beta1,6/11/2025 11:22:54,SSTDR,24,4,RG-58/U 50 ohm coax,0.66,None,Standard,0,0,24 MHz,105.762,187.5 KHz,11.66,7,1000,-1,1000,390.15,Calibration,61,16
W50A000F,touch_1.7.0Beta1,6/11/2025 11:22:54,SSTDR,24,4,RG-58/U 50 ohm coax,0.66,None,Standard,0,0,24 MHz,105.762,187.5 KHz,11.66,7,1000,-1,1000,390.15,Calibration,62,49
W50A000F,touch_1.7.0Beta1,6/11/2025 11:22:54,SSTDR,24,4,RG-58/U 50 ohm coax,0.66,None,Standard,0,0,24 MHz,105.762,187.5 KHz,11.66,7,1000,-1,1000,390.15,Calibration,63,8
W50A000F,touch_1.7.0Beta1,6/11/2025 11:22:54,SSTDR,24,4,RG-58/U 50 ohm coax,0.66,None,Standard,0,0,24 MHz,105.762,187.5 KHz,11.66,7,1000,-1,1000,390.15,Calibration,64,-3
W50A000F,touch_1.7.0Beta1,6/11/2025 11:22:54,SSTDR,24,4,RG-58/U 50 ohm coax,0.66,None,Standard,0,0,24 MHz,105.762,187.5 KHz,11.66,7,1000,-1,1000,390.15,Calibration,65,24
W50A000F,touch_1.7.0Beta1,6/11/2025 11:22:54,SSTDR,24,4,RG-58/U 50 ohm coax,0.66,None,Standard,0,0,24 MHz,105.762,187.5 KHz,11.66,7,1000,-1,1000,390.15,Calibration,66,72
W50A000F,touch_1.7.0Beta1,6/11/2025 11:22:54,SSTDR,24,4,RG-58/U 50 ohm coax,0.66,None,Standard,0,0,24 MHz,105.762,187.5 KHz,11.66,7,1000,-1,1000,390.15,Calibration,67,46
W50A000F,touch_1.7.0Beta1,6/11/2025 11:22:54,SSTDR,24,4,RG-58/U 50 ohm coax,0.66,None,Standard,0,0,24 MHz,105.762,187.5 KHz,11.66,7,1000,-1,1000,390.15,Calibration,68,-83
W50A000F,touch_1.7.0Beta1,6/11/2025 11:22:54,SSTDR,24,4,RG-58/U 50 ohm coax,0.66,None,Standard,0,0,24 MHz,105.762,187.5 KHz,11.66,7,1000,-1,1000,390.15,Calibration,69,-111
W50A000F,touch_1.7.0Beta1,6/11/2025 11:22:54,SSTDR,24,4,RG-58/U 50 ohm coax,0.66,None,Standard,0,0,24 MHz,105.762,187.5 KHz,11.66,7,1000,-1,1000,390.15,Calibration,70,48
W50A000F,touch_1.7.0Beta1,6/11/2025 11:22:54,SSTDR,24,4,RG-58/U 50 ohm coax,0.66,None,Standard,0,0,24 MHz,105.762,187.5 KHz,11.66,7,1000,-1,1000,390.15,Calibration,71,91
W50A000F,touch_1.7.0Beta1,6/11/2025 11:22:54,SSTDR,24,4,RG-58/U 50 ohm coax,0.66,None,Standard,0,0,24 MHz,105.762,187.5 KHz,11.66,7,1000,-1,1000,390.15,Calibration,72,-41
W50A000F,touch_1.7.0Beta1,6/11/2025 11:22:54,SSTDR,24,4,RG-58/U 50 ohm coax,0.66,None,Standard,0,0,24 MHz,105.762,187.5 KHz,11.66,7,1000,-1,1000,390.15,Calibration,73,-60
W50A000F,touch_1.7.0Beta1,6/11/2025 11:22:54,SSTDR,24,4,RG-58/U 50 ohm coax,0.66,None,Standard,0,0,24 MHz,105.762,187.5 KHz,11.66,7,1000,-1,1000,390.15,Calibration,74,24
W50A000F,touch_1.7.0Beta1,6/11/2025 11:22:54,SSTDR,24,4,RG-58/U 50 ohm coax,0.66,None,Standard,0,0,24 MHz,105.762,187.5 KHz,11.66,7,1000,-1,1000,390.15,Calibration,75,54
W50A000F,touch_1.7.0Beta1,6/11/2025 11:22:54,SSTDR,24,4,RG-58/U 50 ohm coax,0.66,None,Standard,0,0,24 MHz,105.762,187.5 KHz,11.66,7,1000,-1,1000,390.15,Calibration,76,-63
W50A000F,touch_1.7.0Beta1,6/11/2025 11:22:54,SSTDR,24,4,RG-58/U 50 ohm coax,0.66,None,Standard,0,0,24 MHz,105.762,187.5 KHz,11.66,7,1000,-1,1000,390.15,Calibration,77,-77
W50A000F,touch_1.7.0Beta1,6/11/2025 11:22:54,SSTDR,24,4,RG-58/U 50 ohm coax,0.66,None,Standard,0,0,24 MHz,105.762,187.5 KHz,11.66,7,1000,-1,1000,390.15,Calibration,78,42
W50A000F,touch_1.7.0Beta1,6/11/2025 11:22:54,SSTDR,24,4,RG-58/U 50 ohm coax,0.66,None,Standard,0,0,24 MHz,105.762,187.5 KHz,11.66,7,1000,-1,1000,390.15,Calibration,79,38
W50A000F,touch_1.7.0Beta1,6/11/2025 11:22:54,SSTDR,24,4,RG-58/U 50 ohm coax,0.66,None,Standard,0,0,24 MHz,105.762,187.5 KHz,11.66,7,1000,-1,1000,390.15,Calibration,80,-91
W50A000F,touch_1.7.0Beta1,6/11/2025 11:22:54,SSTDR,24,4,RG-58/U 50 ohm coax,0.66,None,Standard,0,0,24 MHz,105.762,187.5 KHz,11.66,7,1000,-1,1000,390.15,Calibration,81,-30
W50A000F,touch_1.7.0Beta1,6/11/2025 11:22:54,SSTDR,24,4,RG-58/U 50 ohm coax,0.66,None,Standard,0,0,24 MHz,105.762,187.5 KHz,11.66,7,1000,-1,1000,390.15,Calibration,82,34
W50A000F,touch_1.7.0Beta1,6/11/2025 11:22:54,SSTDR,24,4,RG-58/U 50 ohm coax,0.66,None,Standard,0,0,24 MHz,105.762,187.5 KHz,11.66,7,1000,-1,1000,390.15,Calibration,83,56
W50A000F,touch_1.7.0Beta1,6/11/2025 11:22:54,SSTDR,24,4,RG-58/U 50 ohm coax,0.66,None,Standard,0,0,24 MHz,105.762,187.5 KHz,11.66,7,1000,-1,1000,390.15,Calibration,84,-77
W50A000F,touch_1.7.0Beta1,6/11/2025 11:22:54,SSTDR,24,4,RG-58/U 50 ohm coax,0.66,None,Standard,0,0,24 MHz,105.762,187.5 KHz,11.66,7,1000,-1,1000,390.15,Calibration,85,-42
W50A000F,touch_1.7.0Beta1,6/11/2025 11:22:54,SSTDR,24,4,RG-58/U 50 ohm coax,0.66,None,Standard,0,0,24 MHz,105.762,187.5 KHz,11.66,7,1000,-1,1000,390.15,Calibration,86,74
W50A000F,touch_1.7.0Beta1,6/11/2025 11:22:54,SSTDR,24,4,RG-58/U 50 ohm coax,0.66,None,Standard,0,0,24 MHz,105.762,187.5 KHz,11.66,7,1000,-1,1000,390.15,Calibration,87,86
W50A000F,touch_1.7.0Beta1,6/11/2025 11:22:54,SSTDR,24,4,RG-58/U 50 ohm coax,0.66,None,Standard,0,0,24 MHz,105.762,187.5 KHz,11.66,7,1000,-1,1000,390.15,Calibration,88,-57
W50A000F,touch_1.7.0Beta1,6/11/2025 11:22:54,SSTDR,24,4,RG-58/U 50 ohm coax,0.66,None,Standard,0,0,24 MHz,105.762,187.5 KHz,11.66,7,1000,-1,1000,390.15,Calibration,89,0
W50A000F,touch_1.7.0Beta1,6/11/2025 11:22:54,SSTDR,24,4,RG-58/U 50 ohm coax,0.66,None,Standard,0,0,24 MHz,105.762,187.5 KHz,11.66,7,1000,-1,1000,390.15,Calibration,90,0
W50A000F,touch_1.7.0Beta1,6/11/2025 11:22:54,SSTDR,24,4,RG-58/U 50 ohm coax,0.66,None,Standard,0,0,24 MHz,105.762,187.5 KHz,11.66,7,1000,-1,1000,390.15,Calibration,91,0
W50A000F,touch_1.7.0Beta1,6/11/2025 11:22:54,SSTDR,24,4,RG-58/U 50 ohm coax,0.66,None,Standard,0,0,24 MHz,105.762,187.5 KHz,11.66,7,1000,-1,1000,390.15,Calibration,92,0
W50A000F,touch_1.7.0Beta1,6/11/2025 11:22:54,SSTDR,24,4,RG-58/U 50 ohm coax,0.66,None,Standard,0,0,24 MHz,105.762,187.5 KHz,11.66,7,1000,-1,1000,390.15,Calibration,93,0
W50A000F,touch_1.7.0Beta1,6/11/2025 11:22:54,SSTDR,24,4,RG-58/U 50 ohm coax,0.66,None,Standard,0,0,24 MHz,105.762,187.5 KHz,11.66,7,1000,-1,1000,390.15,Calibration,94,0
W50A000F,touch_1.7.0Beta1,6/11/2025 11:22:54,SSTDR,24,4,RG-58/U 50 ohm coax,0.66,None,Standard,0,0,24 MHz,105.762,187.5 KHz,11.66,7,1000,-1,1000,390.15,Calibration,95,0
W50A000F,touch_1.7.0Beta1,6/11/2025 11:22:54,SSTDR,24,4,RG-58/U 50 ohm coax,0.66,None,Standard,0,0,24 MHz,105.762,187.5 KHz,11.66,7,1000,-1,1000,390.15,Calibration,96,0
W50A000F,touch_1.7.0Beta1,6/11/2025 11:22:54,SSTDR,24,4,RG-58/U 50 ohm coax,0.66,None,Standard,0,0,24 MHz,105.762,187.5 KHz,11.66,7,1000,-1,1000,390.15,Calibration,97,0
W50A000F,touch_1.7.0Beta1,6/11/2025 11:22:54,SSTDR,24,4,RG-58/U 50 ohm coax,0.66,None,Standard,0,0,24 MHz,105.762,187.5 KHz,11.66,7,1000,-1,1000,390.15,Calibration,98,0
W50A000F,touch_1.7.0Beta1,6/11/2025 11:22:54,SSTDR,24,4,RG-58/U 50 ohm coax,0.66,None,Standard,0,0,24 MHz,105.762,187.5 KHz,11.66,7,1000,-1,1000,390.15,Calibration,99,0
W50A000F,touch_1.7.0Beta1,6/11/2025 11:22:54,SSTDR,24,4,RG-58/U 50 ohm coax,0.66,None,Standard,0,0,24 MHz,105.762,187.5 KHz,11.66,7,1000,-1,1000,390.15,Calibration,100,0
W50A000F,touch_1.7.0Beta1,6/11/2025 11:22:54,SSTDR,24,4,RG-58/U 50 ohm coax,0.66,None,Standard,0,0,24 MHz,105.762,187.5 KHz,11.66,7,1000,-1,1000,390.15,Calibration,101,0
W50A000F,touch_1.7.0Beta1,6/11/2025 11:22:54,SSTDR,24,4,RG-58/U 50 ohm coax,0.66,None,Standard,0,0,24 MHz,105.762,187.5 KHz,11.66,7,1000,-1,1000,390.15,Calibration,102,0
W50A000F,touch_1.7.0Beta1,6/11/2025 11:22:54,SSTDR,24,4,RG-58/U 50 ohm coax,0.66,None,Standard,0,0,24 MHz,105.762,187.5 KHz,11.66,7,1000,-1,1000,390.15,Calibration,103,0
W50A000F,touch_1.7.0Beta1,6/11/2025 11:22:54,SSTDR,24,4,RG-58/U 50 ohm coax,0.66,None,Standard,0,0,24 MHz,105.762,187.5 KHz,11.66,7,1000,-1,1000,390.15,Calibration,104,0
W50A000F,touch_1.7.0Beta1,6/11/2025 11:22:54,SSTDR,24,4,RG-58/U 50 ohm coax,0.66,None,Standard,0,0,24 MHz,105.762,187.5 KHz,11.66,7,1000,-1,1000,390.15,Calibration,105,0
W50A000F,touch_1.7.0Beta1,6/11/2025 11:22:54,SSTDR,24,4,RG-58/U 50 ohm coax,0.66,None,Standard,0,0,24 MHz,105.762,187.5 KHz,11.66,7,1000,-1,1000,390.15,Calibration,106,0
W50A000F,touch_1.7.0Beta1,6/11/2025 11:22:54,SSTDR,24,4,RG-58/U 50 ohm coax,0.66,None,Standard,0,0,24 MHz,105.762,187.5 KHz,11.66,7,1000,-1,1000,390.15,Calibration,107,0
W50A000F,touch_1.7.0Beta1,6/11/2025 11:22:54,SSTDR,24,4,RG-58/U 50 ohm coax,0.66,None,Standard,0,0,24 MHz,105.762,187.5 KHz,11.66,7,1000,-1,1000,390.15,Calibration,108,0
W50A000F,touch_1.7.0Beta1,6/11/2025 11:22:54,SSTDR,24,4,RG-58/U 50 ohm coax,0.66,None,Standard,0,0,24 MHz,105.762,187.5 KHz,11.66,7,1000,-1,1000,390.15,Calibration,109,0
W50A000F,touch_1.7.0Beta1,6/11/2025 11:22:54,SSTDR,24,4,RG-58/U 50 ohm coax,0.66,None,Standard,0,0,24 MHz,105.762,187.5 KHz,11.66,7,1000,-1,1000,390.15,Calibration,110,0
W50A000F,touch_1.7.0Beta1,6/11/2025 11:22:54,SSTDR,24,4,RG-58/U 50 ohm coax,0.66,None,Standard,0,0,24 MHz,105.762,187.5 KHz,11.66,7,1000,-1,1000,390.15,Calibration,111,0
W50A000F,touch_1.7.0Beta1,6/11/2025 11:22:54,SSTDR,24,4,RG-58/U 50 ohm coax,0.66,None,Standard,0,0,24 MHz,105.762,187.5 KHz,11.66,7,1000,-1,1000,390.15,Calibration,112,0
W50A000F,touch_1.7.0Beta1,6/11/2025 11:22:54,SSTDR,24,4,RG-58/U 50 ohm coax,0.66,None,Standard,0,0,24 MHz,105.762,187.5 KHz,11.66,7,1000,-1,1000,390.15,Waveform,1,-237
W50A000F,touch_1.7.0Beta1,6/11/2025 11:22:54,SSTDR,24,4,RG-58/U 50 ohm coax,0.66,None,Standard,0,0,24 MHz,105.762,187.5 KHz,11.66,7,1000,-1,1000,390.15,Waveform,1.25,526.919612806128
W50A000F,touch_1.7.0Beta1,6/11/2025 11:22:54,SSTDR,24,4,RG-58/U 50 ohm coax,0.66,None,Standard,0,0,24 MHz,105.762,187.5 KHz,11.66,7,1000,-1,1000,390.15,Waveform,1.5,907.726695280271
W50A000F,touch_1.7.0Beta1,6/11/2025 11:22:54,SSTDR,24,4,RG-58/U 50 ohm coax,0.66,None,Standard,0,0,24 MHz,105.762,187.5 KHz,11.66,7,1000,-1,1000,390.15,Waveform,1.75,695.497275496123
W50A000F,touch_1.7.0Beta1,6/11/2025 11:22:54,SSTDR,24,4,RG-58/U 50 ohm coax,0.66,None,Standard,0,0,24 MHz,105.762,187.5 KHz,11.66,7,1000,-1,1000,390.15,Waveform,2,22.9999999999982
W50A000F,touch_1.7.0Beta1,6/11/2025 11:22:54,SSTDR,24,4,RG-58/U 50 ohm coax,0.66,None,Standard,0,0,24 MHz,105.762,187.5 KHz,11.66,7,1000,-1,1000,390.15,Waveform,2.25,-701.892370117953
W50A000F,touch_1.7.0Beta1,6/11/2025 11:22:54,SSTDR,24,4,RG-58/U 50 ohm coax,0.66,None,Standard,0,0,24 MHz,105.762,187.5 KHz,11.66,7,1000,-1,1000,390.15,Waveform,2.5,-1029.84928583845
W50A000F,touch_1.7.0Beta1,6/11/2025 11:22:54,SSTDR,24,4,RG-58/U 50 ohm coax,0.66,None,Standard,0,0,24 MHz,105.762,187.5 KHz,11.66,7,1000,-1,1000,390.15,Waveform,2.75,-737.118719865704
W50A000F,touch_1.7.0Beta1,6/11/2025 11:22:54,SSTDR,24,4,RG-58/U 50 ohm coax,0.66,None,Standard,0,0,24 MHz,105.762,187.5 KHz,11.66,7,1000,-1,1000,390.15,Waveform,3,32.0000000000001
W50A000F,touch_1.7.0Beta1,6/11/2025 11:22:54,SSTDR,24,4,RG-58/U 50 ohm coax,0.66,None,Standard,0,0,24 MHz,105.762,187.5 KHz,11.66,7,1000,-1,1000,390.15,Waveform,3.25,837.363669519416
W50A000F,touch_1.7.0Beta1,6/11/2025 11:22:54,SSTDR,24,4,RG-58/U 50 ohm coax,0.66,None,Standard,0,0,24 MHz,105.762,187.5 KHz,11.66,7,1000,-1,1000,390.15,Waveform,3.5,1195.53977661765
W50A000F,touch_1.7.0Beta1,6/11/2025 11:22:54,SSTDR,24,4,RG-58/U 50 ohm coax,0.66,None,Standard,0,0,24 MHz,105.762,187.5 KHz,11.66,7,1000,-1,1000,390.15,Waveform,3.75,869.118148346735
W50A000F,touch_1.7.0Beta1,6/11/2025 11:22:54,SSTDR,24,4,RG-58/U 50 ohm coax,0.66,None,Standard,0,0,24 MHz,105.762,187.5 KHz,11.66,7,1000,-1,1000,390.15,Waveform,4,20.999999999999
W50A000F,touch_1.7.0Beta1,6/11/2025 11:22:54,SSTDR,24,4,RG-58/U 50 ohm coax,0.66,None,Standard,0,0,24 MHz,105.762,187.5 KHz,11.66,7,1000,-1,1000,390.15,Waveform,4.25,-864.810389247979
W50A000F,touch_1.7.0Beta1,6/11/2025 11:22:54,SSTDR,24,4,RG-58/U 50 ohm coax,0.66,None,Standard,0,0,24 MHz,105.762,187.5 KHz,11.66,7,1000,-1,1000,390.15,Waveform,4.5,-1258.83619812507
W50A000F,touch_1.7.0Beta1,6/11/2025 11:22:54,SSTDR,24,4,RG-58/U 50 ohm coax,0.66,None,Standard,0,0,24 MHz,105.762,187.5 KHz,11.66,7,1000,-1,1000,390.15,Waveform,4.75,-901.572199112155
W50A000F,touch_1.7.0Beta1,6/11/2025 11:22:54,SSTDR,24,4,RG-58/U 50 ohm coax,0.66,None,Standard,0,0,24 MHz,105.762,187.5 KHz,11.66,7,1000,-1,1000,390.15,Waveform,5,28.9999999999999
W50A000F,touch_1.7.0Beta1,6/11/2025 11:22:54,SSTDR,24,4,RG-58/U 50 ohm coax,0.66,None,Standard,0,0,24 MHz,105.762,187.5 KHz,11.66,7,1000,-1,1000,390.15,Waveform,5.25,1005.35189348942
W50A000F,touch_1.7.0Beta1,6/11/2025 11:22:54,SSTDR,24,4,RG-58/U 50 ohm coax,0.66,None,Standard,0,0,24 MHz,105.762,187.5 KHz,11.66,7,1000,-1,1000,390.15,Waveform,5.5,1452.45618888749
W50A000F,touch_1.7.0Beta1,6/11/2025 11:22:54,SSTDR,24,4,RG-58/U 50 ohm coax,0.66,None,Standard,0,0,24 MHz,105.762,187.5 KHz,11.66,7,1000,-1,1000,390.15,Waveform,5.75,1091.22364229656
W50A000F,touch_1.7.0Beta1,6/11/2025 11:22:54,SSTDR,24,4,RG-58/U 50 ohm coax,0.66,None,Standard,0,0,24 MHz,105.762,187.5 KHz,11.66,7,1000,-1,1000,390.15,Waveform,6,117.000000000002
W50A000F,touch_1.7.0Beta1,6/11/2025 11:22:54,SSTDR,24,4,RG-58/U 50 ohm coax,0.66,None,Standard,0,0,24 MHz,105.762,187.5 KHz,11.66,7,1000,-1,1000,390.15,Waveform,6.25,-903.257630953595
W50A000F,touch_1.7.0Beta1,6/11/2025 11:22:54,SSTDR,24,4,RG-58/U 50 ohm coax,0.66,None,Standard,0,0,24 MHz,105.762,187.5 KHz,11.66,7,1000,-1,1000,390.15,Waveform,6.5,-1365.42196392005
W50A000F,touch_1.7.0Beta1,6/11/2025 11:22:54,SSTDR,24,4,RG-58/U 50 ohm coax,0.66,None,Standard,0,0,24 MHz,105.762,187.5 KHz,11.66,7,1000,-1,1000,390.15,Waveform,6.75,-998.930416853309
W50A000F,touch_1.7.0Beta1,6/11/2025 11:22:54,SSTDR,24,4,RG-58/U 50 ohm coax,0.66,None,Standard,0,0,24 MHz,105.762,187.5 KHz,11.66,7,1000,-1,1000,390.15,Waveform,7,-43.9999999999993
W50A000F,touch_1.7.0Beta1,6/11/2025 11:22:54,SSTDR,24,4,RG-58/U 50 ohm coax,0.66,None,Standard,0,0,24 MHz,105.762,187.5 KHz,11.66,7,1000,-1,1000,390.15,Waveform,7.25,888.385540296509
W50A000F,touch_1.7.0Beta1,6/11/2025 11:22:54,SSTDR,24,4,RG-58/U 50 ohm coax,0.66,None,Standard,0,0,24 MHz,105.762,187.5 KHz,11.66,7,1000,-1,1000,390.15,Waveform,7.5,1204.91096489002
W50A000F,touch_1.7.0Beta1,6/11/2025 11:22:54,SSTDR,24,4,RG-58/U 50 ohm coax,0.66,None,Standard,0,0,24 MHz,105.762,187.5 KHz,11.66,7,1000,-1,1000,390.15,Waveform,7.75,730.810767544432
W50A000F,touch_1.7.0Beta1,6/11/2025 11:22:54,SSTDR,24,4,RG-58/U 50 ohm coax,0.66,None,Standard,0,0,24 MHz,105.762,187.5 KHz,11.66,7,1000,-1,1000,390.15,Waveform,8,-148.000000000004
W50A000F,touch_1.7.0Beta1,6/11/2025 11:22:54,SSTDR,24,4,RG-58/U 50 ohm coax,0.66,None,Standard,0,0,24 MHz,105.762,187.5 KHz,11.66,7,1000,-1,1000,390.15,Waveform,8.25,-739.429693117464
W50A000F,touch_1.7.0Beta1,6/11/2025 11:22:54,SSTDR,24,4,RG-58/U 50 ohm coax,0.66,None,Standard,0,0,24 MHz,105.762,187.5 KHz,11.66,7,1000,-1,1000,390.15,Waveform,8.5,-594.651622115668
W50A000F,touch_1.7.0Beta1,6/11/2025 11:22:54,SSTDR,24,4,RG-58/U 50 ohm coax,0.66,None,Standard,0,0,24 MHz,105.762,187.5 KHz,11.66,7,1000,-1,1000,390.15,Waveform,8.75,-38.7832067865971
W50A000F,touch_1.7.0Beta1,6/11/2025 11:22:54,SSTDR,24,4,RG-58/U 50 ohm coax,0.66,None,Standard,0,0,24 MHz,105.762,187.5 KHz,11.66,7,1000,-1,1000,390.15,Waveform,9,-318.000000000001
W50A000F,touch_1.7.0Beta1,6/11/2025 11:22:54,SSTDR,24,4,RG-58/U 50 ohm coax,0.66,None,Standard,0,0,24 MHz,105.762,187.5 KHz,11.66,7,1000,-1,1000,390.15,Waveform,9.25,-3162.09548506925
W50A000F,touch_1.7.0Beta1,6/11/2025 11:22:54,SSTDR,24,4,RG-58/U 50 ohm coax,0.66,None,Standard,0,0,24 MHz,105.762,187.5 KHz,11.66,7,1000,-1,1000,390.15,Waveform,9.5,-9874.59619479388
W50A000F,touch_1.7.0Beta1,6/11/2025 11:22:54,SSTDR,24,4,RG-58/U 50 ohm coax,0.66,None,Standard,0,0,24 MHz,105.762,187.5 KHz,11.66,7,1000,-1,1000,390.15,Waveform,9.75,-20364.3601297759
W50A000F,touch_1.7.0Beta1,6/11/2025 11:22:54,SSTDR,24,4,RG-58/U 50 ohm coax,0.66,None,Standard,0,0,24 MHz,105.762,187.5 KHz,11.66,7,1000,-1,1000,390.15,Waveform,10,-32649
W50A000F,touch_1.7.0Beta1,6/11/2025 11:22:54,SSTDR,24,4,RG-58/U 50 ohm coax,0.66,None,Standard,0,0,24 MHz,105.762,187.5 KHz,11.66,7,1000,-1,1000,390.15,Waveform,10.25,-43200.6536237571
W50A000F,touch_1.7.0Beta1,6/11/2025 11:22:54,SSTDR,24,4,RG-58/U 50 ohm coax,0.66,None,Standard,0,0,24 MHz,105.762,187.5 KHz,11.66,7,1000,-1,1000,390.15,Waveform,10.5,-48120.3093024617
W50A000F,touch_1.7.0Beta1,6/11/2025 11:22:54,SSTDR,24,4,RG-58/U 50 ohm coax,0.66,None,Standard,0,0,24 MHz,105.762,187.5 KHz,11.66,7,1000,-1,1000,390.15,Waveform,10.75,-44698.0066342772
W50A000F,touch_1.7.0Beta1,6/11/2025 11:22:54,SSTDR,24,4,RG-58/U 50 ohm coax,0.66,None,Standard,0,0,24 MHz,105.762,187.5 KHz,11.66,7,1000,-1,1000,390.15,Waveform,11,-32665
W50A000F,touch_1.7.0Beta1,6/11/2025 11:22:54,SSTDR,24,4,RG-58/U 50 ohm coax,0.66,None,Standard,0,0,24 MHz,105.762,187.5 KHz,11.66,7,1000,-1,1000,390.15,Waveform,11.25,-14519.1680476302
W50A000F,touch_1.7.0Beta1,6/11/2025 11:22:54,SSTDR,24,4,RG-58/U 50 ohm coax,0.66,None,Standard,0,0,24 MHz,105.762,187.5 KHz,11.66,7,1000,-1,1000,390.15,Waveform,11.5,5303.06659391249
W50A000F,touch_1.7.0Beta1,6/11/2025 11:22:54,SSTDR,24,4,RG-58/U 50 ohm coax,0.66,None,Standard,0,0,24 MHz,105.762,187.5 KHz,11.66,7,1000,-1,1000,390.15,Waveform,11.75,22100.8112362576
W50A000F,touch_1.7.0Beta1,6/11/2025 11:22:54,SSTDR,24,4,RG-58/U 50 ohm coax,0.66,None,Standard,0,0,24 MHz,105.762,187.5 KHz,11.66,7,1000,-1,1000,390.15,Waveform,12,32704
W50A000F,touch_1.7.0Beta1,6/11/2025 11:22:54,SSTDR,24,4,RG-58/U 50 ohm coax,0.66,None,Standard,0,0,24 MHz,105.762,187.5 KHz,11.66,7,1000,-1,1000,390.15,Waveform,12.25,36579.5512994223
W50A000F,touch_1.7.0Beta1,6/11/2025 11:22:54,SSTDR,24,4,RG-58/U 50 ohm coax,0.66,None,Standard,0,0,24 MHz,105.762,187.5 KHz,11.66,7,1000,-1,1000,390.15,Waveform,12.5,35741.8287654795
W50A000F,touch_1.7.0Beta1,6/11/2025 11:22:54,SSTDR,24,4,RG-58/U 50 ohm coax,0.66,None,Standard,0,0,24 MHz,105.762,187.5 KHz,11.66,7,1000,-1,1000,390.15,Waveform,12.75,33518.470580205
W50A000F,touch_1.7.0Beta1,6/11/2025 11:22:54,SSTDR,24,4,RG-58/U 50 ohm coax,0.66,None,Standard,0,0,24 MHz,105.762,187.5 KHz,11.66,7,1000,-1,1000,390.15,Waveform,13,32767
W50A000F,touch_1.7.0Beta1,6/11/2025 11:22:54,SSTDR,24,4,RG-58/U 50 ohm coax,0.66,None,Standard,0,0,24 MHz,105.762,187.5 KHz,11.66,7,1000,-1,1000,390.15,Waveform,13.25,34401.180851949
W50A000F,touch_1.7.0Beta1,6/11/2025 11:22:54,SSTDR,24,4,RG-58/U 50 ohm coax,0.66,None,Standard,0,0,24 MHz,105.762,187.5 KHz,11.66,7,1000,-1,1000,390.15,Waveform,13.5,36935.5722793915
W50A000F,touch_1.7.0Beta1,6/11/2025 11:22:54,SSTDR,24,4,RG-58/U 50 ohm coax,0.66,None,Standard,0,0,24 MHz,105.762,187.5 KHz,11.66,7,1000,-1,1000,390.15,Waveform,13.75,37262.3509870618
W50A000F,touch_1.7.0Beta1,6/11/2025 11:22:54,SSTDR,24,4,RG-58/U 50 ohm coax,0.66,None,Standard,0,0,24 MHz,105.762,187.5 KHz,11.66,7,1000,-1,1000,390.15,Waveform,14,32277
W50A000F,touch_1.7.0Beta1,6/11/2025 11:22:54,SSTDR,24,4,RG-58/U 50 ohm coax,0.66,None,Standard,0,0,24 MHz,105.762,187.5 KHz,11.66,7,1000,-1,1000,390.15,Waveform,14.25,20561.0205788485
W50A000F,touch_1.7.0Beta1,6/11/2025 11:22:54,SSTDR,24,4,RG-58/U 50 ohm coax,0.66,None,Standard,0,0,24 MHz,105.762,187.5 KHz,11.66,7,1000,-1,1000,390.15,Waveform,14.5,3308.26401117173
W50A000F,touch_1.7.0Beta1,6/11/2025 11:22:54,SSTDR,24,4,RG-58/U 50 ohm coax,0.66,None,Standard,0,0,24 MHz,105.762,187.5 KHz,11.66,7,1000,-1,1000,390.15,Waveform,14.75,-15947.5183510503
W50A000F,touch_1.7.0Beta1,6/11/2025 11:22:54,SSTDR,24,4,RG-58/U 50 ohm coax,0.66,None,Standard,0,0,24 MHz,105.762,187.5 KHz,11.66,7,1000,-1,1000,390.15,Waveform,15,-32670
W50A000F,touch_1.7.0Beta1,6/11/2025 11:22:54,SSTDR,24,4,RG-58/U 50 ohm coax,0.66,None,Standard,0,0,24 MHz,105.762,187.5 KHz,11.66,7,1000,-1,1000,390.15,Waveform,15.25,-43091.1410204918
W50A000F,touch_1.7.0Beta1,6/11/2025 11:22:54,SSTDR,24,4,RG-58/U 50 ohm coax,0.66,None,Standard,0,0,24 MHz,105.762,187.5 KHz,11.66,7,1000,-1,1000,390.15,Waveform,15.5,-45603.8650691266
W50A000F,touch_1.7.0Beta1,6/11/2025 11:22:54,SSTDR,24,4,RG-58/U 50 ohm coax,0.66,None,Standard,0,0,24 MHz,105.762,187.5 KHz,11.66,7,1000,-1,1000,390.15,Waveform,15.75,-41176.8855369763
W50A000F,touch_1.7.0Beta1,6/11/2025 11:22:54,SSTDR,24,4,RG-58/U 50 ohm coax,0.66,None,Standard,0,0,24 MHz,105.762,187.5 KHz,11.66,7,1000,-1,1000,390.15,Waveform,16,-32677
W50A000F,touch_1.7.0Beta1,6/11/2025 11:22:54,SSTDR,24,4,RG-58/U 50 ohm coax,0.66,None,Standard,0,0,24 MHz,105.762,187.5 KHz,11.66,7,1000,-1,1000,390.15,Waveform,16.25,-23494.2092689275
W50A000F,touch_1.7.0Beta1,6/11/2025 11:22:54,SSTDR,24,4,RG-58/U 50 ohm coax,0.66,None,Standard,0,0,24 MHz,105.762,187.5 KHz,11.66,7,1000,-1,1000,390.15,Waveform,16.5,-16152.3430238064
W50A000F,touch_1.7.0Beta1,6/11/2025 11:22:54,SSTDR,24,4,RG-58/U 50 ohm coax,0.66,None,Standard,0,0,24 MHz,105.762,187.5 KHz,11.66,7,1000,-1,1000,390.15,Waveform,16.75,-11528.0096943919
W50A000F,touch_1.7.0Beta1,6/11/2025 11:22:54,SSTDR,24,4,RG-58/U 50 ohm coax,0.66,None,Standard,0,0,24 MHz,105.762,187.5 KHz,11.66,7,1000,-1,1000,390.15,Waveform,17,-8948
W50A000F,touch_1.7.0Beta1,6/11/2025 11:22:54,SSTDR,24,4,RG-58/U 50 ohm coax,0.66,None,Standard,0,0,24 MHz,105.762,187.5 KHz,11.66,7,1000,-1,1000,390.15,Waveform,17.25,-6985.54836579503
W50A000F,touch_1.7.0Beta1,6/11/2025 11:22:54,SSTDR,24,4,RG-58/U 50 ohm coax,0.66,None,Standard,0,0,24 MHz,105.762,187.5 KHz,11.66,7,1000,-1,1000,390.15,Waveform,17.5,-4459.26851115144
W50A000F,touch_1.7.0Beta1,6/11/2025 11:22:54,SSTDR,24,4,RG-58/U 50 ohm coax,0.66,None,Standard,0,0,24 MHz,105.762,187.5 KHz,11.66,7,1000,-1,1000,390.15,Waveform,17.75,-1101.2248193851
W50A000F,touch_1.7.0Beta1,6/11/2025 11:22:54,SSTDR,24,4,RG-58/U 50 ohm coax,0.66,None,Standard,0,0,24 MHz,105.762,187.5 KHz,11.66,7,1000,-1,1000,390.15,Waveform,18,2404
W50A000F,touch_1.7.0Beta1,6/11/2025 11:22:54,SSTDR,24,4,RG-58/U 50 ohm coax,0.66,None,Standard,0,0,24 MHz,105.762,187.5 KHz,11.66,7,1000,-1,1000,390.15,Waveform,18.25,4944.25277447471
W50A000F,touch_1.7.0Beta1,6/11/2025 11:22:54,SSTDR,24,4,RG-58/U 50 ohm coax,0.66,None,Standard,0,0,24 MHz,105.762,187.5 KHz,11.66,7,1000,-1,1000,390.15,Waveform,18.5,5711.89376881014
W50A000F,touch_1.7.0Beta1,6/11/2025 11:22:54,SSTDR,24,4,RG-58/U 50 ohm coax,0.66,None,Standard,0,0,24 MHz,105.762,187.5 KHz,11.66,7,1000,-1,1000,390.15,Waveform,18.75,4711.32455839417
W50A000F,touch_1.7.0Beta1,6/11/2025 11:22:54,SSTDR,24,4,RG-58/U 50 ohm coax,0.66,None,Standard,0,0,24 MHz,105.762,187.5 KHz,11.66,7,1000,-1,1000,390.15,Waveform,19,2773
W50A000F,touch_1.7.0Beta1,6/11/2025 11:22:54,SSTDR,24,4,RG-58/U 50 ohm coax,0.66,None,Standard,0,0,24 MHz,105.762,187.5 KHz,11.66,7,1000,-1,1000,390.15,Waveform,19.25,1098.69664430131
W50A000F,touch_1.7.0Beta1,6/11/2025 11:22:54,SSTDR,24,4,RG-58/U 50 ohm coax,0.66,None,Standard,0,0,24 MHz,105.762,187.5 KHz,11.66,7,1000,-1,1000,390.15,Waveform,19.5,619.505363633201
W50A000F,touch_1.7.0Beta1,6/11/2025 11:22:54,SSTDR,24,4,RG-58/U 50 ohm coax,0.66,None,Standard,0,0,24 MHz,105.762,187.5 KHz,11.66,7,1000,-1,1000,390.15,Waveform,19.75,1531.96493980757
W50A000F,touch_1.7.0Beta1,6/11/2025 11:22:54,SSTDR,24,4,RG-58/U 50 ohm coax,0.66,None,Standard,0,0,24 MHz,105.762,187.5 KHz,11.66,7,1000,-1,1000,390.15,Waveform,20,3256
W50A000F,touch_1.7.0Beta1,6/11/2025 11:22:54,SSTDR,24,4,RG-58/U 50 ohm coax,0.66,None,Standard,0,0,24 MHz,105.762,187.5 KHz,11.66,7,1000,-1,1000,390.15,Waveform,20.25,4811.46063500725
W50A000F,touch_1.7.0Beta1,6/11/2025 11:22:54,SSTDR,24,4,RG-58/U 50 ohm coax,0.66,None,Standard,0,0,24 MHz,105.762,187.5 KHz,11.66,7,1000,-1,1000,390.15,Waveform,20.5,5381.18068304078
W50A000F,touch_1.7.0Beta1,6/11/2025 11:22:54,SSTDR,24,4,RG-58/U 50 ohm coax,0.66,None,Standard,0,0,24 MHz,105.762,187.5 KHz,11.66,7,1000,-1,1000,390.15,Waveform,20.75,4741.5325411602
W50A000F,touch_1.7.0Beta1,6/11/2025 11:22:54,SSTDR,24,4,RG-58/U 50 ohm coax,0.66,None,Standard,0,0,24 MHz,105.762,187.5 KHz,11.66,7,1000,-1,1000,390.15,Waveform,21,3335
W50A000F,touch_1.7.0Beta1,6/11/2025 11:22:54,SSTDR,24,4,RG-58/U 50 ohm coax,0.66,None,Standard,0,0,24 MHz,105.762,187.5 KHz,11.66,7,1000,-1,1000,390.15,Waveform,21.25,1970.64905777732
W50A000F,touch_1.7.0Beta1,6/11/2025 11:22:54,SSTDR,24,4,RG-58/U 50 ohm coax,0.66,None,Standard,0,0,24 MHz,105.762,187.5 KHz,11.66,7,1000,-1,1000,390.15,Waveform,21.5,1344.06927563591
W50A000F,touch_1.7.0Beta1,6/11/2025 11:22:54,SSTDR,24,4,RG-58/U 50 ohm coax,0.66,None,Standard,0,0,24 MHz,105.762,187.5 KHz,11.66,7,1000,-1,1000,390.15,Waveform,21.75,1655.44469001533
W50A000F,touch_1.7.0Beta1,6/11/2025 11:22:54,SSTDR,24,4,RG-58/U 50 ohm coax,0.66,None,Standard,0,0,24 MHz,105.762,187.5 KHz,11.66,7,1000,-1,1000,390.15,Waveform,22,2532
W50A000F,touch_1.7.0Beta1,6/11/2025 11:22:54,SSTDR,24,4,RG-58/U 50 ohm coax,0.66,None,Standard,0,0,24 MHz,105.762,187.5 KHz,11.66,7,1000,-1,1000,390.15,Waveform,22.25,3278.7308471444
W50A000F,touch_1.7.0Beta1,6/11/2025 11:22:54,SSTDR,24,4,RG-58/U 50 ohm coax,0.66,None,Standard,0,0,24 MHz,105.762,187.5 KHz,11.66,7,1000,-1,1000,390.15,Waveform,22.5,3296.63383832371
W50A000F,touch_1.7.0Beta1,6/11/2025 11:22:54,SSTDR,24,4,RG-58/U 50 ohm coax,0.66,None,Standard,0,0,24 MHz,105.762,187.5 KHz,11.66,7,1000,-1,1000,390.15,Waveform,22.75,2423.40091880668
W50A000F,touch_1.7.0Beta1,6/11/2025 11:22:54,SSTDR,24,4,RG-58/U 50 ohm coax,0.66,None,Standard,0,0,24 MHz,105.762,187.5 KHz,11.66,7,1000,-1,1000,390.15,Waveform,23,1009
W50A000F,touch_1.7.0Beta1,6/11/2025 11:22:54,SSTDR,24,4,RG-58/U 50 ohm coax,0.66,None,Standard,0,0,24 MHz,105.762,187.5 KHz,11.66,7,1000,-1,1000,390.15,Waveform,23.25,-302.172080285077
W50A000F,touch_1.7.0Beta1,6/11/2025 11:22:54,SSTDR,24,4,RG-58/U 50 ohm coax,0.66,None,Standard,0,0,24 MHz,105.762,187.5 KHz,11.66,7,1000,-1,1000,390.15,Waveform,23.5,-944.376902918464
W50A000F,touch_1.7.0Beta1,6/11/2025 11:22:54,SSTDR,24,4,RG-58/U 50 ohm coax,0.66,None,Standard,0,0,24 MHz,105.762,187.5 KHz,11.66,7,1000,-1,1000,390.15,Waveform,23.75,-740.586593597723
W50A000F,touch_1.7.0Beta1,6/11/2025 11:22:54,SSTDR,24,4,RG-58/U 50 ohm coax,0.66,None,Standard,0,0,24 MHz,105.762,187.5 KHz,11.66,7,1000,-1,1000,390.15,Waveform,24,22.0000000000008
W50A000F,touch_1.7.0Beta1,6/11/2025 11:22:54,SSTDR,24,4,RG-58/U 50 ohm coax,0.66,None,Standard,0,0,24 MHz,105.762,187.5 KHz,11.66,7,1000,-1,1000,390.15,Waveform,24.25,781.562363930263
W50A000F,touch_1.7.0Beta1,6/11/2025 11:22:54,SSTDR,24,4,RG-58/U 50 ohm coax,0.66,None,Standard,0,0,24 MHz,105.762,187.5 KHz,11.66,7,1000,-1,1000,390.15,Waveform,24.5,1035.86480312328
W50A000F,touch_1.7.0Beta1,6/11/2025 11:22:54,SSTDR,24,4,RG-58/U 50 ohm coax,0.66,None,Standard,0,0,24 MHz,105.762,187.5 KHz,11.66,7,1000,-1,1000,390.15,Waveform,24.75,624.833252983964
W50A000F,touch_1.7.0Beta1,6/11/2025 11:22:54,SSTDR,24,4,RG-58/U 50 ohm coax,0.66,None,Standard,0,0,24 MHz,105.762,187.5 KHz,11.66,7,1000,-1,1000,390.15,Waveform,25,-196.000000000001
W50A000F,touch_1.7.0Beta1,6/11/2025 11:22:54,SSTDR,24,4,RG-58/U 50 ohm coax,0.66,None,Standard,0,0,24 MHz,105.762,187.5 KHz,11.66,7,1000,-1,1000,390.15,Waveform,25.25,-922.792089538183
W50A000F,touch_1.7.0Beta1,6/11/2025 11:22:54,SSTDR,24,4,RG-58/U 50 ohm coax,0.66,None,Standard,0,0,24 MHz,105.762,187.5 KHz,11.66,7,1000,-1,1000,390.15,Waveform,25.5,-1105.14337782587
W50A000F,touch_1.7.0Beta1,6/11/2025 11:22:54,SSTDR,24,4,RG-58/U 50 ohm coax,0.66,None,Standard,0,0,24 MHz,105.762,187.5 KHz,11.66,7,1000,-1,1000,390.15,Waveform,25.75,-604.638839373217
W50A000F,touch_1.7.0Beta1,6/11/2025 11:22:54,SSTDR,24,4,RG-58/U 50 ohm coax,0.66,None,Standard,0,0,24 MHz,105.762,187.5 KHz,11.66,7,1000,-1,1000,390.15,Waveform,26,334.999999999997
W50A000F,touch_1.7.0Beta1,6/11/2025 11:22:54,SSTDR,24,4,RG-58/U 50 ohm coax,0.66,None,Standard,0,0,24 MHz,105.762,187.5 KHz,11.66,7,1000,-1,1000,390.15,Waveform,26.25,1237.98878718553
W50A000F,touch_1.7.0Beta1,6/11/2025 11:22:54,SSTDR,24,4,RG-58/U 50 ohm coax,0.66,None,Standard,0,0,24 MHz,105.762,187.5 KHz,11.66,7,1000,-1,1000,390.15,Waveform,26.5,1672.20582537059
W50A000F,touch_1.7.0Beta1,6/11/2025 11:22:54,SSTDR,24,4,RG-58/U 50 ohm coax,0.66,None,Standard,0,0,24 MHz,105.762,187.5 KHz,11.66,7,1000,-1,1000,390.15,Waveform,26.75,1488.74804896528
W50A000F,touch_1.7.0Beta1,6/11/2025 11:22:54,SSTDR,24,4,RG-58/U 50 ohm coax,0.66,None,Standard,0,0,24 MHz,105.762,187.5 KHz,11.66,7,1000,-1,1000,390.15,Waveform,27,890.999999999998
W50A000F,touch_1.7.0Beta1,6/11/2025 11:22:54,SSTDR,24,4,RG-58/U 50 ohm coax,0.66,None,Standard,0,0,24 MHz,105.762,187.5 KHz,11.66,7,1000,-1,1000,390.15,Waveform,27.25,301.47991762192
W50A000F,touch_1.7.0Beta1,6/11/2025 11:22:54,SSTDR,24,4,RG-58/U 50 ohm coax,0.66,None,Standard,0,0,24 MHz,105.762,187.5 KHz,11.66,7,1000,-1,1000,390.15,Waveform,27.5,110.929995566883
W50A000F,touch_1.7.0Beta1,6/11/2025 11:22:54,SSTDR,24,4,RG-58/U 50 ohm coax,0.66,None,Standard,0,0,24 MHz,105.762,187.5 KHz,11.66,7,1000,-1,1000,390.15,Waveform,27.75,457.327827264591
W50A000F,touch_1.7.0Beta1,6/11/2025 11:22:54,SSTDR,24,4,RG-58/U 50 ohm coax,0.66,None,Standard,0,0,24 MHz,105.762,187.5 KHz,11.66,7,1000,-1,1000,390.15,Waveform,28,1159
W50A000F,touch_1.7.0Beta1,6/11/2025 11:22:54,SSTDR,24,4,RG-58/U 50 ohm coax,0.66,None,Standard,0,0,24 MHz,105.762,187.5 KHz,11.66,7,1000,-1,1000,390.15,Waveform,28.25,1832.83064976307
W50A000F,touch_1.7.0Beta1,6/11/2025 11:22:54,SSTDR,24,4,RG-58/U 50 ohm coax,0.66,None,Standard,0,0,24 MHz,105.762,187.5 KHz,11.66,7,1000,-1,1000,390.15,Waveform,28.5,2121.68171809507
W50A000F,touch_1.7.0Beta1,6/11/2025 11:22:54,SSTDR,24,4,RG-58/U 50 ohm coax,0.66,None,Standard,0,0,24 MHz,105.762,187.5 KHz,11.66,7,1000,-1,1000,390.15,Waveform,28.75,1896.10680266803
W50A000F,touch_1.7.0Beta1,6/11/2025 11:22:54,SSTDR,24,4,RG-58/U 50 ohm coax,0.66,None,Standard,0,0,24 MHz,105.762,187.5 KHz,11.66,7,1000,-1,1000,390.15,Waveform,29,1316
W50A000F,touch_1.7.0Beta1,6/11/2025 11:22:54,SSTDR,24,4,RG-58/U 50 ohm coax,0.66,None,Standard,0,0,24 MHz,105.762,187.5 KHz,11.66,7,1000,-1,1000,390.15,Waveform,29.25,722.998371037357
W50A000F,touch_1.7.0Beta1,6/11/2025 11:22:54,SSTDR,24,4,RG-58/U 50 ohm coax,0.66,None,Standard,0,0,24 MHz,105.762,187.5 KHz,11.66,7,1000,-1,1000,390.15,Waveform,29.5,432.910658881918
W50A000F,touch_1.7.0Beta1,6/11/2025 11:22:54,SSTDR,24,4,RG-58/U 50 ohm coax,0.66,None,Standard,0,0,24 MHz,105.762,187.5 KHz,11.66,7,1000,-1,1000,390.15,Waveform,29.75,552.216198271941
W50A000F,touch_1.7.0Beta1,6/11/2025 11:22:54,SSTDR,24,4,RG-58/U 50 ohm coax,0.66,None,Standard,0,0,24 MHz,105.762,187.5 KHz,11.66,7,1000,-1,1000,390.15,Waveform,30,924.000000000001
W50A000F,touch_1.7.0Beta1,6/11/2025 11:22:54,SSTDR,24,4,RG-58/U 50 ohm coax,0.66,None,Standard,0,0,24 MHz,105.762,187.5 KHz,11.66,7,1000,-1,1000,390.15,Waveform,30.25,1230.03477742917
W50A000F,touch_1.7.0Beta1,6/11/2025 11:22:54,SSTDR,24,4,RG-58/U 50 ohm coax,0.66,None,Standard,0,0,24 MHz,105.762,187.5 KHz,11.66,7,1000,-1,1000,390.15,Waveform,30.5,1184.50319583869
W50A000F,touch_1.7.0Beta1,6/11/2025 11:22:54,SSTDR,24,4,RG-58/U 50 ohm coax,0.66,None,Standard,0,0,24 MHz,105.762,187.5 KHz,11.66,7,1000,-1,1000,390.15,Waveform,30.75,704.01568552402
W50A000F,touch_1.7.0Beta1,6/11/2025 11:22:54,SSTDR,24,4,RG-58/U 50 ohm coax,0.66,None,Standard,0,0,24 MHz,105.762,187.5 KHz,11.66,7,1000,-1,1000,390.15,Waveform,31,-44.0000000000008
W50A000F,touch_1.7.0Beta1,6/11/2025 11:22:54,SSTDR,24,4,RG-58/U 50 ohm coax,0.66,None,Standard,0,0,24 MHz,105.762,187.5 KHz,11.66,7,1000,-1,1000,390.15,Waveform,31.25,-739.11819145893
W50A000F,touch_1.7.0Beta1,6/11/2025 11:22:54,SSTDR,24,4,RG-58/U 50 ohm coax,0.66,None,Standard,0,0,24 MHz,105.762,187.5 KHz,11.66,7,1000,-1,1000,390.15,Waveform,31.5,-1091.36116807622
W50A000F,touch_1.7.0Beta1,6/11/2025 11:22:54,SSTDR,24,4,RG-58/U 50 ohm coax,0.66,None,Standard,0,0,24 MHz,105.762,187.5 KHz,11.66,7,1000,-1,1000,390.15,Waveform,31.75,-1002.15914642823
W50A000F,touch_1.7.0Beta1,6/11/2025 11:22:54,SSTDR,24,4,RG-58/U 50 ohm coax,0.66,None,Standard,0,0,24 MHz,105.762,187.5 KHz,11.66,7,1000,-1,1000,390.15,Waveform,32,-611
W50A000F,touch_1.7.0Beta1,6/11/2025 11:22:54,SSTDR,24,4,RG-58/U 50 ohm coax,0.66,None,Standard,0,0,24 MHz,105.762,187.5 KHz,11.66,7,1000,-1,1000,390.15,Waveform,32.25,-204.64937718164
W50A000F,touch_1.7.0Beta1,6/11/2025 11:22:54,SSTDR,24,4,RG-58/U 50 ohm coax,0.66,None,Standard,0,0,24 MHz,105.762,187.5 KHz,11.66,7,1000,-1,1000,390.15,Waveform,32.5,-45.7139339989918
W50A000F,touch_1.7.0Beta1,6/11/2025 11:22:54,SSTDR,24,4,RG-58/U 50 ohm coax,0.66,None,Standard,0,0,24 MHz,105.762,187.5 KHz,11.66,7,1000,-1,1000,390.15,Waveform,32.75,-222.00933137247
W50A000F,touch_1.7.0Beta1,6/11/2025 11:22:54,SSTDR,24,4,RG-58/U 50 ohm coax,0.66,None,Standard,0,0,24 MHz,105.762,187.5 KHz,11.66,7,1000,-1,1000,390.15,Waveform,33,-603.000000000002
W50A000F,touch_1.7.0Beta1,6/11/2025 11:22:54,SSTDR,24,4,RG-58/U 50 ohm coax,0.66,None,Standard,0,0,24 MHz,105.762,187.5 KHz,11.66,7,1000,-1,1000,390.15,Waveform,33.25,-925.076488378679
W50A000F,touch_1.7.0Beta1,6/11/2025 11:22:54,SSTDR,24,4,RG-58/U 50 ohm coax,0.66,None,Standard,0,0,24 MHz,105.762,187.5 KHz,11.66,7,1000,-1,1000,390.15,Waveform,33.5,-952.303061940877
W50A000F,touch_1.7.0Beta1,6/11/2025 11:22:54,SSTDR,24,4,RG-58/U 50 ohm coax,0.66,None,Standard,0,0,24 MHz,105.762,187.5 KHz,11.66,7,1000,-1,1000,390.15,Waveform,33.75,-617.15460026979
W50A000F,touch_1.7.0Beta1,6/11/2025 11:22:54,SSTDR,24,4,RG-58/U 50 ohm coax,0.66,None,Standard,0,0,24 MHz,105.762,187.5 KHz,11.66,7,1000,-1,1000,390.15,Waveform,34,-59.9999999999997
W50A000F,touch_1.7.0Beta1,6/11/2025 11:22:54,SSTDR,24,4,RG-58/U 50 ohm coax,0.66,None,Standard,0,0,24 MHz,105.762,187.5 KHz,11.66,7,1000,-1,1000,390.15,Waveform,34.25,453.153846864269
W50A000F,touch_1.7.0Beta1,6/11/2025 11:22:54,SSTDR,24,4,RG-58/U 50 ohm coax,0.66,None,Standard,0,0,24 MHz,105.762,187.5 KHz,11.66,7,1000,-1,1000,390.15,Waveform,34.5,684.2340445274
W50A000F,touch_1.7.0Beta1,6/11/2025 11:22:54,SSTDR,24,4,RG-58/U 50 ohm coax,0.66,None,Standard,0,0,24 MHz,105.762,187.5 KHz,11.66,7,1000,-1,1000,390.15,Waveform,34.75,557.681947191097
W50A000F,touch_1.7.0Beta1,6/11/2025 11:22:54,SSTDR,24,4,RG-58/U 50 ohm coax,0.66,None,Standard,0,0,24 MHz,105.762,187.5 KHz,11.66,7,1000,-1,1000,390.15,Waveform,35,199.000000000001
W50A000F,touch_1.7.0Beta1,6/11/2025 11:22:54,SSTDR,24,4,RG-58/U 50 ohm coax,0.66,None,Standard,0,0,24 MHz,105.762,187.5 KHz,11.66,7,1000,-1,1000,390.15,Waveform,35.25,-142.488885313002
W50A000F,touch_1.7.0Beta1,6/11/2025 11:22:54,SSTDR,24,4,RG-58/U 50 ohm coax,0.66,None,Standard,0,0,24 MHz,105.762,187.5 KHz,11.66,7,1000,-1,1000,390.15,Waveform,35.5,-239.344208305409
W50A000F,touch_1.7.0Beta1,6/11/2025 11:22:54,SSTDR,24,4,RG-58/U 50 ohm coax,0.66,None,Standard,0,0,24 MHz,105.762,187.5 KHz,11.66,7,1000,-1,1000,390.15,Waveform,35.75,-14.8721237218824
W50A000F,touch_1.7.0Beta1,6/11/2025 11:22:54,SSTDR,24,4,RG-58/U 50 ohm coax,0.66,None,Standard,0,0,24 MHz,105.762,187.5 KHz,11.66,7,1000,-1,1000,390.15,Waveform,36,418.000000000001
W50A000F,touch_1.7.0Beta1,6/11/2025 11:22:54,SSTDR,24,4,RG-58/U 50 ohm coax,0.66,None,Standard,0,0,24 MHz,105.762,187.5 KHz,11.66,7,1000,-1,1000,390.15,Waveform,36.25,827.16243029171
W50A000F,touch_1.7.0Beta1,6/11/2025 11:22:54,SSTDR,24,4,RG-58/U 50 ohm coax,0.66,None,Standard,0,0,24 MHz,105.762,187.5 KHz,11.66,7,1000,-1,1000,390.15,Waveform,36.5,997.097255955629
W50A000F,touch_1.7.0Beta1,6/11/2025 11:22:54,SSTDR,24,4,RG-58/U 50 ohm coax,0.66,None,Standard,0,0,24 MHz,105.762,187.5 KHz,11.66,7,1000,-1,1000,390.15,Waveform,36.75,849.951529768887
W50A000F,touch_1.7.0Beta1,6/11/2025 11:22:54,SSTDR,24,4,RG-58/U 50 ohm coax,0.66,None,Standard,0,0,24 MHz,105.762,187.5 KHz,11.66,7,1000,-1,1000,390.15,Waveform,37,483.000000000001
W50A000F,touch_1.7.0Beta1,6/11/2025 11:22:54,SSTDR,24,4,RG-58/U 50 ohm coax,0.66,None,Standard,0,0,24 MHz,105.762,187.5 KHz,11.66,7,1000,-1,1000,390.15,Waveform,37.25,104.056436282503
W50A000F,touch_1.7.0Beta1,6/11/2025 11:22:54,SSTDR,24,4,RG-58/U 50 ohm coax,0.66,None,Standard,0,0,24 MHz,105.762,187.5 KHz,11.66,7,1000,-1,1000,390.15,Waveform,37.5,-94.0987975198937
W50A000F,touch_1.7.0Beta1,6/11/2025 11:22:54,SSTDR,24,4,RG-58/U 50 ohm coax,0.66,None,Standard,0,0,24 MHz,105.762,187.5 KHz,11.66,7,1000,-1,1000,390.15,Waveform,37.75,-45.2853582265759
W50A000F,touch_1.7.0Beta1,6/11/2025 11:22:54,SSTDR,24,4,RG-58/U 50 ohm coax,0.66,None,Standard,0,0,24 MHz,105.762,187.5 KHz,11.66,7,1000,-1,1000,390.15,Waveform,38,156.999999999998
W50A000F,touch_1.7.0Beta1,6/11/2025 11:22:54,SSTDR,24,4,RG-58/U 50 ohm coax,0.66,None,Standard,0,0,24 MHz,105.762,187.5 KHz,11.66,7,1000,-1,1000,390.15,Waveform,38.25,321.920986032799
W50A000F,touch_1.7.0Beta1,6/11/2025 11:22:54,SSTDR,24,4,RG-58/U 50 ohm coax,0.66,None,Standard,0,0,24 MHz,105.762,187.5 KHz,11.66,7,1000,-1,1000,390.15,Waveform,38.5,279.956253253548
W50A000F,touch_1.7.0Beta1,6/11/2025 11:22:54,SSTDR,24,4,RG-58/U 50 ohm coax,0.66,None,Standard,0,0,24 MHz,105.762,187.5 KHz,11.66,7,1000,-1,1000,390.15,Waveform,38.75,-13.028640285455
W50A000F,touch_1.7.0Beta1,6/11/2025 11:22:54,SSTDR,24,4,RG-58/U 50 ohm coax,0.66,None,Standard,0,0,24 MHz,105.762,187.5 KHz,11.66,7,1000,-1,1000,390.15,Waveform,39,-446.999999999999
W50A000F,touch_1.7.0Beta1,6/11/2025 11:22:54,SSTDR,24,4,RG-58/U 50 ohm coax,0.66,None,Standard,0,0,24 MHz,105.762,187.5 KHz,11.66,7,1000,-1,1000,390.15,Waveform,39.25,-819.799861733396
W50A000F,touch_1.7.0Beta1,6/11/2025 11:22:54,SSTDR,24,4,RG-58/U 50 ohm coax,0.66,None,Standard,0,0,24 MHz,105.762,187.5 KHz,11.66,7,1000,-1,1000,390.15,Waveform,39.5,-952.460649169768
W50A000F,touch_1.7.0Beta1,6/11/2025 11:22:54,SSTDR,24,4,RG-58/U 50 ohm coax,0.66,None,Standard,0,0,24 MHz,105.762,187.5 KHz,11.66,7,1000,-1,1000,390.15,Waveform,39.75,-790.166799034885
W50A000F,touch_1.7.0Beta1,6/11/2025 11:22:54,SSTDR,24,4,RG-58/U 50 ohm coax,0.66,None,Standard,0,0,24 MHz,105.762,187.5 KHz,11.66,7,1000,-1,1000,390.15,Waveform,40,-430.999999999997
W50A000F,touch_1.7.0Beta1,6/11/2025 11:22:54,SSTDR,24,4,RG-58/U 50 ohm coax,0.66,None,Standard,0,0,24 MHz,105.762,187.5 KHz,11.66,7,1000,-1,1000,390.15,Waveform,40.25,-67.5408054973819
W50A000F,touch_1.7.0Beta1,6/11/2025 11:22:54,SSTDR,24,4,RG-58/U 50 ohm coax,0.66,None,Standard,0,0,24 MHz,105.762,187.5 KHz,11.66,7,1000,-1,1000,390.15,Waveform,40.5,123.136744522087
W50A000F,touch_1.7.0Beta1,6/11/2025 11:22:54,SSTDR,24,4,RG-58/U 50 ohm coax,0.66,None,Standard,0,0,24 MHz,105.762,187.5 KHz,11.66,7,1000,-1,1000,390.15,Waveform,40.75,76.8626263507161
W50A000F,touch_1.7.0Beta1,6/11/2025 11:22:54,SSTDR,24,4,RG-58/U 50 ohm coax,0.66,None,Standard,0,0,24 MHz,105.762,187.5 KHz,11.66,7,1000,-1,1000,390.15,Waveform,41,-127.999999999999
W50A000F,touch_1.7.0Beta1,6/11/2025 11:22:54,SSTDR,24,4,RG-58/U 50 ohm coax,0.66,None,Standard,0,0,24 MHz,105.762,187.5 KHz,11.66,7,1000,-1,1000,390.15,Waveform,41.25,-323.332394672026
W50A000F,touch_1.7.0Beta1,6/11/2025 11:22:54,SSTDR,24,4,RG-58/U 50 ohm coax,0.66,None,Standard,0,0,24 MHz,105.762,187.5 KHz,11.66,7,1000,-1,1000,390.15,Waveform,41.5,-353.339782694816
W50A000F,touch_1.7.0Beta1,6/11/2025 11:22:54,SSTDR,24,4,RG-58/U 50 ohm coax,0.66,None,Standard,0,0,24 MHz,105.762,187.5 KHz,11.66,7,1000,-1,1000,390.15,Waveform,41.75,-165.587312771369
W50A000F,touch_1.7.0Beta1,6/11/2025 11:22:54,SSTDR,24,4,RG-58/U 50 ohm coax,0.66,None,Standard,0,0,24 MHz,105.762,187.5 KHz,11.66,7,1000,-1,1000,390.15,Waveform,42,161.000000000002
W50A000F,touch_1.7.0Beta1,6/11/2025 11:22:54,SSTDR,24,4,RG-58/U 50 ohm coax,0.66,None,Standard,0,0,24 MHz,105.762,187.5 KHz,11.66,7,1000,-1,1000,390.15,Waveform,42.25,465.117165204796
W50A000F,touch_1.7.0Beta1,6/11/2025 11:22:54,SSTDR,24,4,RG-58/U 50 ohm coax,0.66,None,Standard,0,0,24 MHz,105.762,187.5 KHz,11.66,7,1000,-1,1000,390.15,Waveform,42.5,598.112419826329
W50A000F,touch_1.7.0Beta1,6/11/2025 11:22:54,SSTDR,24,4,RG-58/U 50 ohm coax,0.66,None,Standard,0,0,24 MHz,105.762,187.5 KHz,11.66,7,1000,-1,1000,390.15,Waveform,42.75,508.586731102273
W50A000F,touch_1.7.0Beta1,6/11/2025 11:22:54,SSTDR,24,4,RG-58/U 50 ohm coax,0.66,None,Standard,0,0,24 MHz,105.762,187.5 KHz,11.66,7,1000,-1,1000,390.15,Waveform,43,268
W50A000F,touch_1.7.0Beta1,6/11/2025 11:22:54,SSTDR,24,4,RG-58/U 50 ohm coax,0.66,None,Standard,0,0,24 MHz,105.762,187.5 KHz,11.66,7,1000,-1,1000,390.15,Waveform,43.25,24.5077015571555
W50A000F,touch_1.7.0Beta1,6/11/2025 11:22:54,SSTDR,24,4,RG-58/U 50 ohm coax,0.66,None,Standard,0,0,24 MHz,105.762,187.5 KHz,11.66,7,1000,-1,1000,390.15,Waveform,43.5,-85.7085322942222
W50A000F,touch_1.7.0Beta1,6/11/2025 11:22:54,SSTDR,24,4,RG-58/U 50 ohm coax,0.66,None,Standard,0,0,24 MHz,105.762,187.5 KHz,11.66,7,1000,-1,1000,390.15,Waveform,43.75,-16.6367852977477
W50A000F,touch_1.7.0Beta1,6/11/2025 11:22:54,SSTDR,24,4,RG-58/U 50 ohm coax,0.66,None,Standard,0,0,24 MHz,105.762,187.5 KHz,11.66,7,1000,-1,1000,390.15,Waveform,44,165
W50A000F,touch_1.7.0Beta1,6/11/2025 11:22:54,SSTDR,24,4,RG-58/U 50 ohm coax,0.66,None,Standard,0,0,24 MHz,105.762,187.5 KHz,11.66,7,1000,-1,1000,390.15,Waveform,44.25,324.101139129587
W50A000F,touch_1.7.0Beta1,6/11/2025 11:22:54,SSTDR,24,4,RG-58/U 50 ohm coax,0.66,None,Standard,0,0,24 MHz,105.762,187.5 KHz,11.66,7,1000,-1,1000,390.15,Waveform,44.5,340.329953935739
W50A000F,touch_1.7.0Beta1,6/11/2025 11:22:54,SSTDR,24,4,RG-58/U 50 ohm coax,0.66,None,Standard,0,0,24 MHz,105.762,187.5 KHz,11.66,7,1000,-1,1000,390.15,Waveform,44.75,180.045344947375
W50A000F,touch_1.7.0Beta1,6/11/2025 11:22:54,SSTDR,24,4,RG-58/U 50 ohm coax,0.66,None,Standard,0,0,24 MHz,105.762,187.5 KHz,11.66,7,1000,-1,1000,390.15,Waveform,45,-85.0000000000003
W50A000F,touch_1.7.0Beta1,6/11/2025 11:22:54,SSTDR,24,4,RG-58/U 50 ohm coax,0.66,None,Standard,0,0,24 MHz,105.762,187.5 KHz,11.66,7,1000,-1,1000,390.15,Waveform,45.25,-321.879450196732
W50A000F,touch_1.7.0Beta1,6/11/2025 11:22:54,SSTDR,24,4,RG-58/U 50 ohm coax,0.66,None,Standard,0,0,24 MHz,105.762,187.5 KHz,11.66,7,1000,-1,1000,390.15,Waveform,45.5,-416.136335846898
W50A000F,touch_1.7.0Beta1,6/11/2025 11:22:54,SSTDR,24,4,RG-58/U 50 ohm coax,0.66,None,Standard,0,0,24 MHz,105.762,187.5 KHz,11.66,7,1000,-1,1000,390.15,Waveform,45.75,-339.18434967293
W50A000F,touch_1.7.0Beta1,6/11/2025 11:22:54,SSTDR,24,4,RG-58/U 50 ohm coax,0.66,None,Standard,0,0,24 MHz,105.762,187.5 KHz,11.66,7,1000,-1,1000,390.15,Waveform,46,-164
W50A000F,touch_1.7.0Beta1,6/11/2025 11:22:54,SSTDR,24,4,RG-58/U 50 ohm coax,0.66,None,Standard,0,0,24 MHz,105.762,187.5 KHz,11.66,7,1000,-1,1000,390.15,Waveform,46.25,-20.7550868833003
W50A000F,touch_1.7.0Beta1,6/11/2025 11:22:54,SSTDR,24,4,RG-58/U 50 ohm coax,0.66,None,Standard,0,0,24 MHz,105.762,187.5 KHz,11.66,7,1000,-1,1000,390.15,Waveform,46.5,-19.3571775284215
W50A000F,touch_1.7.0Beta1,6/11/2025 11:22:54,SSTDR,24,4,RG-58/U 50 ohm coax,0.66,None,Standard,0,0,24 MHz,105.762,187.5 KHz,11.66,7,1000,-1,1000,390.15,Waveform,46.75,-184.682714592415
W50A000F,touch_1.7.0Beta1,6/11/2025 11:22:54,SSTDR,24,4,RG-58/U 50 ohm coax,0.66,None,Standard,0,0,24 MHz,105.762,187.5 KHz,11.66,7,1000,-1,1000,390.15,Waveform,47,-441.999999999999
W50A000F,touch_1.7.0Beta1,6/11/2025 11:22:54,SSTDR,24,4,RG-58/U 50 ohm coax,0.66,None,Standard,0,0,24 MHz,105.762,187.5 KHz,11.66,7,1000,-1,1000,390.15,Waveform,47.25,-660.131695722239
W50A000F,touch_1.7.0Beta1,6/11/2025 11:22:54,SSTDR,24,4,RG-58/U 50 ohm coax,0.66,None,Standard,0,0,24 MHz,105.762,187.5 KHz,11.66,7,1000,-1,1000,390.15,Waveform,47.5,-726.232347452185
W50A000F,touch_1.7.0Beta1,6/11/2025 11:22:54,SSTDR,24,4,RG-58/U 50 ohm coax,0.66,None,Standard,0,0,24 MHz,105.762,187.5 KHz,11.66,7,1000,-1,1000,390.15,Waveform,47.75,-608.336968719167
W50A000F,touch_1.7.0Beta1,6/11/2025 11:22:54,SSTDR,24,4,RG-58/U 50 ohm coax,0.66,None,Standard,0,0,24 MHz,105.762,187.5 KHz,11.66,7,1000,-1,1000,390.15,Waveform,48,-370.000000000001
W50A000F,touch_1.7.0Beta1,6/11/2025 11:22:54,SSTDR,24,4,RG-58/U 50 ohm coax,0.66,None,Standard,0,0,24 MHz,105.762,187.5 KHz,11.66,7,1000,-1,1000,390.15,Waveform,48.25,-130.01976593483
W50A000F,touch_1.7.0Beta1,6/11/2025 11:22:54,SSTDR,24,4,RG-58/U 50 ohm coax,0.66,None,Standard,0,0,24 MHz,105.762,187.5 KHz,11.66,7,1000,-1,1000,390.15,Waveform,48.5,7.74268369158777
W50A000F,touch_1.7.0Beta1,6/11/2025 11:22:54,SSTDR,24,4,RG-58/U 50 ohm coax,0.66,None,Standard,0,0,24 MHz,105.762,187.5 KHz,11.66,7,1000,-1,1000,390.15,Waveform,48.75,12.7884845620606
W50A000F,touch_1.7.0Beta1,6/11/2025 11:22:54,SSTDR,24,4,RG-58/U 50 ohm coax,0.66,None,Standard,0,0,24 MHz,105.762,187.5 KHz,11.66,7,1000,-1,1000,390.15,Waveform,49,-59.0000000000009
W50A000F,touch_1.7.0Beta1,6/11/2025 11:22:54,SSTDR,24,4,RG-58/U 50 ohm coax,0.66,None,Standard,0,0,24 MHz,105.762,187.5 KHz,11.66,7,1000,-1,1000,390.15,Waveform,49.25,-103.994613383328
W50A000F,touch_1.7.0Beta1,6/11/2025 11:22:54,SSTDR,24,4,RG-58/U 50 ohm coax,0.66,None,Standard,0,0,24 MHz,105.762,187.5 KHz,11.66,7,1000,-1,1000,390.15,Waveform,49.5,-37.0028432293672
W50A000F,touch_1.7.0Beta1,6/11/2025 11:22:54,SSTDR,24,4,RG-58/U 50 ohm coax,0.66,None,Standard,0,0,24 MHz,105.762,187.5 KHz,11.66,7,1000,-1,1000,390.15,Waveform,49.75,154.671287685196
W50A000F,touch_1.7.0Beta1,6/11/2025 11:22:54,SSTDR,24,4,RG-58/U 50 ohm coax,0.66,None,Standard,0,0,24 MHz,105.762,187.5 KHz,11.66,7,1000,-1,1000,390.15,Waveform,50,400.999999999998
W50A000F,touch_1.7.0Beta1,6/11/2025 11:22:54,SSTDR,24,4,RG-58/U 50 ohm coax,0.66,None,Standard,0,0,24 MHz,105.762,187.5 KHz,11.66,7,1000,-1,1000,390.15,Waveform,50.25,588.26864212306
W50A000F,touch_1.7.0Beta1,6/11/2025 11:22:54,SSTDR,24,4,RG-58/U 50 ohm coax,0.66,None,Standard,0,0,24 MHz,105.762,187.5 KHz,11.66,7,1000,-1,1000,390.15,Waveform,50.5,623.922790483584
W50A000F,touch_1.7.0Beta1,6/11/2025 11:22:54,SSTDR,24,4,RG-58/U 50 ohm coax,0.66,None,Standard,0,0,24 MHz,105.762,187.5 KHz,11.66,7,1000,-1,1000,390.15,Waveform,50.75,489.156329359509
W50A000F,touch_1.7.0Beta1,6/11/2025 11:22:54,SSTDR,24,4,RG-58/U 50 ohm coax,0.66,None,Standard,0,0,24 MHz,105.762,187.5 KHz,11.66,7,1000,-1,1000,390.15,Waveform,51,249
W50A000F,touch_1.7.0Beta1,6/11/2025 11:22:54,SSTDR,24,4,RG-58/U 50 ohm coax,0.66,None,Standard,0,0,24 MHz,105.762,187.5 KHz,11.66,7,1000,-1,1000,390.15,Waveform,51.25,14.8796783481703
W50A000F,touch_1.7.0Beta1,6/11/2025 11:22:54,SSTDR,24,4,RG-58/U 50 ohm coax,0.66,None,Standard,0,0,24 MHz,105.762,187.5 KHz,11.66,7,1000,-1,1000,390.15,Waveform,51.5,-117.833023920953
W50A000F,touch_1.7.0Beta1,6/11/2025 11:22:54,SSTDR,24,4,RG-58/U 50 ohm coax,0.66,None,Standard,0,0,24 MHz,105.762,187.5 KHz,11.66,7,1000,-1,1000,390.15,Waveform,51.75,-120.891376112121
W50A000F,touch_1.7.0Beta1,6/11/2025 11:22:54,SSTDR,24,4,RG-58/U 50 ohm coax,0.66,None,Standard,0,0,24 MHz,105.762,187.5 KHz,11.66,7,1000,-1,1000,390.15,Waveform,52,-43.9999999999996
W50A000F,touch_1.7.0Beta1,6/11/2025 11:22:54,SSTDR,24,4,RG-58/U 50 ohm coax,0.66,None,Standard,0,0,24 MHz,105.762,187.5 KHz,11.66,7,1000,-1,1000,390.15,Waveform,52.25,19.4602200875954
W50A000F,touch_1.7.0Beta1,6/11/2025 11:22:54,SSTDR,24,4,RG-58/U 50 ohm coax,0.66,None,Standard,0,0,24 MHz,105.762,187.5 KHz,11.66,7,1000,-1,1000,390.15,Waveform,52.5,-9.50024832439716
W50A000F,touch_1.7.0Beta1,6/11/2025 11:22:54,SSTDR,24,4,RG-58/U 50 ohm coax,0.66,None,Standard,0,0,24 MHz,105.762,187.5 KHz,11.66,7,1000,-1,1000,390.15,Waveform,52.75,-148.049031138738
W50A000F,touch_1.7.0Beta1,6/11/2025 11:22:54,SSTDR,24,4,RG-58/U 50 ohm coax,0.66,None,Standard,0,0,24 MHz,105.762,187.5 KHz,11.66,7,1000,-1,1000,390.15,Waveform,53,-341.999999999997
W50A000F,touch_1.7.0Beta1,6/11/2025 11:22:54,SSTDR,24,4,RG-58/U 50 ohm coax,0.66,None,Standard,0,0,24 MHz,105.762,187.5 KHz,11.66,7,1000,-1,1000,390.15,Waveform,53.25,-498.689176815126
W50A000F,touch_1.7.0Beta1,6/11/2025 11:22:54,SSTDR,24,4,RG-58/U 50 ohm coax,0.66,None,Standard,0,0,24 MHz,105.762,187.5 KHz,11.66,7,1000,-1,1000,390.15,Waveform,53.5,-542.029963657384
W50A000F,touch_1.7.0Beta1,6/11/2025 11:22:54,SSTDR,24,4,RG-58/U 50 ohm coax,0.66,None,Standard,0,0,24 MHz,105.762,187.5 KHz,11.66,7,1000,-1,1000,390.15,Waveform,53.75,-457.168942847905
W50A000F,touch_1.7.0Beta1,6/11/2025 11:22:54,SSTDR,24,4,RG-58/U 50 ohm coax,0.66,None,Standard,0,0,24 MHz,105.762,187.5 KHz,11.66,7,1000,-1,1000,390.15,Waveform,54,-299.000000000001
W50A000F,touch_1.7.0Beta1,6/11/2025 11:22:54,SSTDR,24,4,RG-58/U 50 ohm coax,0.66,None,Standard,0,0,24 MHz,105.762,187.5 KHz,11.66,7,1000,-1,1000,390.15,Waveform,54.25,-160.325142494833
W50A000F,touch_1.7.0Beta1,6/11/2025 11:22:54,SSTDR,24,4,RG-58/U 50 ohm coax,0.66,None,Standard,0,0,24 MHz,105.762,187.5 KHz,11.66,7,1000,-1,1000,390.15,Waveform,54.5,-118.81856897122
W50A000F,touch_1.7.0Beta1,6/11/2025 11:22:54,SSTDR,24,4,RG-58/U 50 ohm coax,0.66,None,Standard,0,0,24 MHz,105.762,187.5 KHz,11.66,7,1000,-1,1000,390.15,Waveform,54.75,-193.621325129077
W50A000F,touch_1.7.0Beta1,6/11/2025 11:22:54,SSTDR,24,4,RG-58/U 50 ohm coax,0.66,None,Standard,0,0,24 MHz,105.762,187.5 KHz,11.66,7,1000,-1,1000,390.15,Waveform,55,-335.999999999999
W50A000F,touch_1.7.0Beta1,6/11/2025 11:22:54,SSTDR,24,4,RG-58/U 50 ohm coax,0.66,None,Standard,0,0,24 MHz,105.762,187.5 KHz,11.66,7,1000,-1,1000,390.15,Waveform,55.25,-458.299835149359
W50A000F,touch_1.7.0Beta1,6/11/2025 11:22:54,SSTDR,24,4,RG-58/U 50 ohm coax,0.66,None,Standard,0,0,24 MHz,105.762,187.5 KHz,11.66,7,1000,-1,1000,390.15,Waveform,55.5,-483.48680840532
W50A000F,touch_1.7.0Beta1,6/11/2025 11:22:54,SSTDR,24,4,RG-58/U 50 ohm coax,0.66,None,Standard,0,0,24 MHz,105.762,187.5 KHz,11.66,7,1000,-1,1000,390.15,Waveform,55.75,-386.566151372359
W50A000F,touch_1.7.0Beta1,6/11/2025 11:22:54,SSTDR,24,4,RG-58/U 50 ohm coax,0.66,None,Standard,0,0,24 MHz,105.762,187.5 KHz,11.66,7,1000,-1,1000,390.15,Waveform,56,-204.999999999998
W50A000F,touch_1.7.0Beta1,6/11/2025 11:22:54,SSTDR,24,4,RG-58/U 50 ohm coax,0.66,None,Standard,0,0,24 MHz,105.762,187.5 KHz,11.66,7,1000,-1,1000,390.15,Waveform,56.25,-13.9143211099701
W50A000F,touch_1.7.0Beta1,6/11/2025 11:22:54,SSTDR,24,4,RG-58/U 50 ohm coax,0.66,None,Standard,0,0,24 MHz,105.762,187.5 KHz,11.66,7,1000,-1,1000,390.15,Waveform,56.5,117.868006035356
W50A000F,touch_1.7.0Beta1,6/11/2025 11:22:54,SSTDR,24,4,RG-58/U 50 ohm coax,0.66,None,Standard,0,0,24 MHz,105.762,187.5 KHz,11.66,7,1000,-1,1000,390.15,Waveform,56.75,164.821255041986
W50A000F,touch_1.7.0Beta1,6/11/2025 11:22:54,SSTDR,24,4,RG-58/U 50 ohm coax,0.66,None,Standard,0,0,24 MHz,105.762,187.5 KHz,11.66,7,1000,-1,1000,390.15,Waveform,57,154
W50A000F,touch_1.7.0Beta1,6/11/2025 11:22:54,SSTDR,24,4,RG-58/U 50 ohm coax,0.66,None,Standard,0,0,24 MHz,105.762,187.5 KHz,11.66,7,1000,-1,1000,390.15,Waveform,57.25,142.97991472322
W50A000F,touch_1.7.0Beta1,6/11/2025 11:22:54,SSTDR,24,4,RG-58/U 50 ohm coax,0.66,None,Standard,0,0,24 MHz,105.762,187.5 KHz,11.66,7,1000,-1,1000,390.15,Waveform,57.5,181.193338313735
W50A000F,touch_1.7.0Beta1,6/11/2025 11:22:54,SSTDR,24,4,RG-58/U 50 ohm coax,0.66,None,Standard,0,0,24 MHz,105.762,187.5 KHz,11.66,7,1000,-1,1000,390.15,Waveform,57.75,278.30813800743
W50A000F,touch_1.7.0Beta1,6/11/2025 11:22:54,SSTDR,24,4,RG-58/U 50 ohm coax,0.66,None,Standard,0,0,24 MHz,105.762,187.5 KHz,11.66,7,1000,-1,1000,390.15,Waveform,58,398.000000000004
W50A000F,touch_1.7.0Beta1,6/11/2025 11:22:54,SSTDR,24,4,RG-58/U 50 ohm coax,0.66,None,Standard,0,0,24 MHz,105.762,187.5 KHz,11.66,7,1000,-1,1000,390.15,Waveform,58.25,479.69756480027
W50A000F,touch_1.7.0Beta1,6/11/2025 11:22:54,SSTDR,24,4,RG-58/U 50 ohm coax,0.66,None,Standard,0,0,24 MHz,105.762,187.5 KHz,11.66,7,1000,-1,1000,390.15,Waveform,58.5,474.330115365565
W50A000F,touch_1.7.0Beta1,6/11/2025 11:22:54,SSTDR,24,4,RG-58/U 50 ohm coax,0.66,None,Standard,0,0,24 MHz,105.762,187.5 KHz,11.66,7,1000,-1,1000,390.15,Waveform,58.75,372.510062267615
W50A000F,touch_1.7.0Beta1,6/11/2025 11:22:54,SSTDR,24,4,RG-58/U 50 ohm coax,0.66,None,Standard,0,0,24 MHz,105.762,187.5 KHz,11.66,7,1000,-1,1000,390.15,Waveform,59,209
W50A000F,touch_1.7.0Beta1,6/11/2025 11:22:54,SSTDR,24,4,RG-58/U 50 ohm coax,0.66,None,Standard,0,0,24 MHz,105.762,187.5 KHz,11.66,7,1000,-1,1000,390.15,Waveform,59.25,41.9857205642369
W50A000F,touch_1.7.0Beta1,6/11/2025 11:22:54,SSTDR,24,4,RG-58/U 50 ohm coax,0.66,None,Standard,0,0,24 MHz,105.762,187.5 KHz,11.66,7,1000,-1,1000,390.15,Waveform,59.5,-79.4531907145153
W50A000F,touch_1.7.0Beta1,6/11/2025 11:22:54,SSTDR,24,4,RG-58/U 50 ohm coax,0.66,None,Standard,0,0,24 MHz,105.762,187.5 KHz,11.66,7,1000,-1,1000,390.15,Waveform,59.75,-140.013562906172
W50A000F,touch_1.7.0Beta1,6/11/2025 11:22:54,SSTDR,24,4,RG-58/U 50 ohm coax,0.66,None,Standard,0,0,24 MHz,105.762,187.5 KHz,11.66,7,1000,-1,1000,390.15,Waveform,60,-161.000000000002
W50A000F,touch_1.7.0Beta1,6/11/2025 11:22:54,SSTDR,24,4,RG-58/U 50 ohm coax,0.66,None,Standard,0,0,24 MHz,105.762,187.5 KHz,11.66,7,1000,-1,1000,390.15,Waveform,60.25,-181.097294781395
W50A000F,touch_1.7.0Beta1,6/11/2025 11:22:54,SSTDR,24,4,RG-58/U 50 ohm coax,0.66,None,Standard,0,0,24 MHz,105.762,187.5 KHz,11.66,7,1000,-1,1000,390.15,Waveform,60.5,-228.164998907906
W50A000F,touch_1.7.0Beta1,6/11/2025 11:22:54,SSTDR,24,4,RG-58/U 50 ohm coax,0.66,None,Standard,0,0,24 MHz,105.762,187.5 KHz,11.66,7,1000,-1,1000,390.15,Waveform,60.75,-300.021439960414
W50A000F,touch_1.7.0Beta1,6/11/2025 11:22:54,SSTDR,24,4,RG-58/U 50 ohm coax,0.66,None,Standard,0,0,24 MHz,105.762,187.5 KHz,11.66,7,1000,-1,1000,390.15,Waveform,61,-366
W50A000F,touch_1.7.0Beta1,6/11/2025 11:22:54,SSTDR,24,4,RG-58/U 50 ohm coax,0.66,None,Standard,0,0,24 MHz,105.762,187.5 KHz,11.66,7,1000,-1,1000,390.15,Waveform,61.25,-387.868495122862
W50A000F,touch_1.7.0Beta1,6/11/2025 11:22:54,SSTDR,24,4,RG-58/U 50 ohm coax,0.66,None,Standard,0,0,24 MHz,105.762,187.5 KHz,11.66,7,1000,-1,1000,390.15,Waveform,61.5,-346.659734638823
W50A000F,touch_1.7.0Beta1,6/11/2025 11:22:54,SSTDR,24,4,RG-58/U 50 ohm coax,0.66,None,Standard,0,0,24 MHz,105.762,187.5 KHz,11.66,7,1000,-1,1000,390.15,Waveform,61.75,-258.330644117095
W50A000F,touch_1.7.0Beta1,6/11/2025 11:22:54,SSTDR,24,4,RG-58/U 50 ohm coax,0.66,None,Standard,0,0,24 MHz,105.762,187.5 KHz,11.66,7,1000,-1,1000,390.15,Waveform,62,-168.000000000002
W50A000F,touch_1.7.0Beta1,6/11/2025 11:22:54,SSTDR,24,4,RG-58/U 50 ohm coax,0.66,None,Standard,0,0,24 MHz,105.762,187.5 KHz,11.66,7,1000,-1,1000,390.15,Waveform,62.25,-125.54894306266
W50A000F,touch_1.7.0Beta1,6/11/2025 11:22:54,SSTDR,24,4,RG-58/U 50 ohm coax,0.66,None,Standard,0,0,24 MHz,105.762,187.5 KHz,11.66,7,1000,-1,1000,390.15,Waveform,62.5,-156.710031054671
W50A000F,touch_1.7.0Beta1,6/11/2025 11:22:54,SSTDR,24,4,RG-58/U 50 ohm coax,0.66,None,Standard,0,0,24 MHz,105.762,187.5 KHz,11.66,7,1000,-1,1000,390.15,Waveform,62.75,-246.66627255138
W50A000F,touch_1.7.0Beta1,6/11/2025 11:22:54,SSTDR,24,4,RG-58/U 50 ohm coax,0.66,None,Standard,0,0,24 MHz,105.762,187.5 KHz,11.66,7,1000,-1,1000,390.15,Waveform,63,-346.000000000001
W50A000F,touch_1.7.0Beta1,6/11/2025 11:22:54,SSTDR,24,4,RG-58/U 50 ohm coax,0.66,None,Standard,0,0,24 MHz,105.762,187.5 KHz,11.66,7,1000,-1,1000,390.15,Waveform,63.25,-395.918853269687
W50A000F,touch_1.7.0Beta1,6/11/2025 11:22:54,SSTDR,24,4,RG-58/U 50 ohm coax,0.66,None,Standard,0,0,24 MHz,105.762,187.5 KHz,11.66,7,1000,-1,1000,390.15,Waveform,63.5,-358.674116916586
W50A000F,touch_1.7.0Beta1,6/11/2025 11:22:54,SSTDR,24,4,RG-58/U 50 ohm coax,0.66,None,Standard,0,0,24 MHz,105.762,187.5 KHz,11.66,7,1000,-1,1000,390.15,Waveform,63.75,-236.335655413513
W50A000F,touch_1.7.0Beta1,6/11/2025 11:22:54,SSTDR,24,4,RG-58/U 50 ohm coax,0.66,None,Standard,0,0,24 MHz,105.762,187.5 KHz,11.66,7,1000,-1,1000,390.15,Waveform,64,-68.0000000000007
W50A000F,touch_1.7.0Beta1,6/11/2025 11:22:54,SSTDR,24,4,RG-58/U 50 ohm coax,0.66,None,Standard,0,0,24 MHz,105.762,187.5 KHz,11.66,7,1000,-1,1000,390.15,Waveform,64.25,92.1505448597839
W50A000F,touch_1.7.0Beta1,6/11/2025 11:22:54,SSTDR,24,4,RG-58/U 50 ohm coax,0.66,None,Standard,0,0,24 MHz,105.762,187.5 KHz,11.66,7,1000,-1,1000,390.15,Waveform,64.5,202.986087208702
W50A000F,touch_1.7.0Beta1,6/11/2025 11:22:54,SSTDR,24,4,RG-58/U 50 ohm coax,0.66,None,Standard,0,0,24 MHz,105.762,187.5 KHz,11.66,7,1000,-1,1000,390.15,Waveform,64.75,255.02867927295
W50A000F,touch_1.7.0Beta1,6/11/2025 11:22:54,SSTDR,24,4,RG-58/U 50 ohm coax,0.66,None,Standard,0,0,24 MHz,105.762,187.5 KHz,11.66,7,1000,-1,1000,390.15,Waveform,65,270.000000000001
W50A000F,touch_1.7.0Beta1,6/11/2025 11:22:54,SSTDR,24,4,RG-58/U 50 ohm coax,0.66,None,Standard,0,0,24 MHz,105.762,187.5 KHz,11.66,7,1000,-1,1000,390.15,Waveform,65.25,283.068058972912
W50A000F,touch_1.7.0Beta1,6/11/2025 11:22:54,SSTDR,24,4,RG-58/U 50 ohm coax,0.66,None,Standard,0,0,24 MHz,105.762,187.5 KHz,11.66,7,1000,-1,1000,390.15,Waveform,65.5,319.175715346482
W50A000F,touch_1.7.0Beta1,6/11/2025 11:22:54,SSTDR,24,4,RG-58/U 50 ohm coax,0.66,None,Standard,0,0,24 MHz,105.762,187.5 KHz,11.66,7,1000,-1,1000,390.15,Waveform,65.75,377.428808959365
W50A000F,touch_1.7.0Beta1,6/11/2025 11:22:54,SSTDR,24,4,RG-58/U 50 ohm coax,0.66,None,Standard,0,0,24 MHz,105.762,187.5 KHz,11.66,7,1000,-1,1000,390.15,Waveform,66,432
W50A000F,touch_1.7.0Beta1,6/11/2025 11:22:54,SSTDR,24,4,RG-58/U 50 ohm coax,0.66,None,Standard,0,0,24 MHz,105.762,187.5 KHz,11.66,7,1000,-1,1000,390.15,Waveform,66.25,448.008738300455
W50A000F,touch_1.7.0Beta1,6/11/2025 11:22:54,SSTDR,24,4,RG-58/U 50 ohm coax,0.66,None,Standard,0,0,24 MHz,105.762,187.5 KHz,11.66,7,1000,-1,1000,390.15,Waveform,66.5,402.369314705807
W50A000F,touch_1.7.0Beta1,6/11/2025 11:22:54,SSTDR,24,4,RG-58/U 50 ohm coax,0.66,None,Standard,0,0,24 MHz,105.762,187.5 KHz,11.66,7,1000,-1,1000,390.15,Waveform,66.75,297.411305988108
W50A000F,touch_1.7.0Beta1,6/11/2025 11:22:54,SSTDR,24,4,RG-58/U 50 ohm coax,0.66,None,Standard,0,0,24 MHz,105.762,187.5 KHz,11.66,7,1000,-1,1000,390.15,Waveform,67,160
W50A000F,touch_1.7.0Beta1,6/11/2025 11:22:54,SSTDR,24,4,RG-58/U 50 ohm coax,0.66,None,Standard,0,0,24 MHz,105.762,187.5 KHz,11.66,7,1000,-1,1000,390.15,Waveform,67.25,27.5925258532058
W50A000F,touch_1.7.0Beta1,6/11/2025 11:22:54,SSTDR,24,4,RG-58/U 50 ohm coax,0.66,None,Standard,0,0,24 MHz,105.762,187.5 KHz,11.66,7,1000,-1,1000,390.15,Waveform,67.5,-70.1178445738847
W50A000F,touch_1.7.0Beta1,6/11/2025 11:22:54,SSTDR,24,4,RG-58/U 50 ohm coax,0.66,None,Standard,0,0,24 MHz,105.762,187.5 KHz,11.66,7,1000,-1,1000,390.15,Waveform,67.75,-123.614447824493
W50A000F,touch_1.7.0Beta1,6/11/2025 11:22:54,SSTDR,24,4,RG-58/U 50 ohm coax,0.66,None,Standard,0,0,24 MHz,105.762,187.5 KHz,11.66,7,1000,-1,1000,390.15,Waveform,68,-143.999999999996
W50A000F,touch_1.7.0Beta1,6/11/2025 11:22:54,SSTDR,24,4,RG-58/U 50 ohm coax,0.66,None,Standard,0,0,24 MHz,105.762,187.5 KHz,11.66,7,1000,-1,1000,390.15,Waveform,68.25,-152.772099672919
W50A000F,touch_1.7.0Beta1,6/11/2025 11:22:54,SSTDR,24,4,RG-58/U 50 ohm coax,0.66,None,Standard,0,0,24 MHz,105.762,187.5 KHz,11.66,7,1000,-1,1000,390.15,Waveform,68.5,-168.049573032971
W50A000F,touch_1.7.0Beta1,6/11/2025 11:22:54,SSTDR,24,4,RG-58/U 50 ohm coax,0.66,None,Standard,0,0,24 MHz,105.762,187.5 KHz,11.66,7,1000,-1,1000,390.15,Waveform,68.75,-195.446346518018
W50A000F,touch_1.7.0Beta1,6/11/2025 11:22:54,SSTDR,24,4,RG-58/U 50 ohm coax,0.66,None,Standard,0,0,24 MHz,105.762,187.5 KHz,11.66,7,1000,-1,1000,390.15,Waveform,69,-228
W50A000F,touch_1.7.0Beta1,6/11/2025 11:22:54,SSTDR,24,4,RG-58/U 50 ohm coax,0.66,None,Standard,0,0,24 MHz,105.762,187.5 KHz,11.66,7,1000,-1,1000,390.15,Waveform,69.25,-253.670065619313
W50A000F,touch_1.7.0Beta1,6/11/2025 11:22:54,SSTDR,24,4,RG-58/U 50 ohm coax,0.66,None,Standard,0,0,24 MHz,105.762,187.5 KHz,11.66,7,1000,-1,1000,390.15,Waveform,69.5,-264.66696483049
W50A000F,touch_1.7.0Beta1,6/11/2025 11:22:54,SSTDR,24,4,RG-58/U 50 ohm coax,0.66,None,Standard,0,0,24 MHz,105.762,187.5 KHz,11.66,7,1000,-1,1000,390.15,Waveform,69.75,-262.618571923813
W50A000F,touch_1.7.0Beta1,6/11/2025 11:22:54,SSTDR,24,4,RG-58/U 50 ohm coax,0.66,None,Standard,0,0,24 MHz,105.762,187.5 KHz,11.66,7,1000,-1,1000,390.15,Waveform,70,-256.999999999996
W50A000F,touch_1.7.0Beta1,6/11/2025 11:22:54,SSTDR,24,4,RG-58/U 50 ohm coax,0.66,None,Standard,0,0,24 MHz,105.762,187.5 KHz,11.66,7,1000,-1,1000,390.15,Waveform,70.25,-258.785303798618
W50A000F,touch_1.7.0Beta1,6/11/2025 11:22:54,SSTDR,24,4,RG-58/U 50 ohm coax,0.66,None,Standard,0,0,24 MHz,105.762,187.5 KHz,11.66,7,1000,-1,1000,390.15,Waveform,70.5,-273.951737963096
W50A000F,touch_1.7.0Beta1,6/11/2025 11:22:54,SSTDR,24,4,RG-58/U 50 ohm coax,0.66,None,Standard,0,0,24 MHz,105.762,187.5 KHz,11.66,7,1000,-1,1000,390.15,Waveform,70.75,-300.810579588919
W50A000F,touch_1.7.0Beta1,6/11/2025 11:22:54,SSTDR,24,4,RG-58/U 50 ohm coax,0.66,None,Standard,0,0,24 MHz,105.762,187.5 KHz,11.66,7,1000,-1,1000,390.15,Waveform,71,-331.999999999998
W50A000F,touch_1.7.0Beta1,6/11/2025 11:22:54,SSTDR,24,4,RG-58/U 50 ohm coax,0.66,None,Standard,0,0,24 MHz,105.762,187.5 KHz,11.66,7,1000,-1,1000,390.15,Waveform,71.25,-358.757794214379
W50A000F,touch_1.7.0Beta1,6/11/2025 11:22:54,SSTDR,24,4,RG-58/U 50 ohm coax,0.66,None,Standard,0,0,24 MHz,105.762,187.5 KHz,11.66,7,1000,-1,1000,390.15,Waveform,71.5,-374.022394104291
W50A000F,touch_1.7.0Beta1,6/11/2025 11:22:54,SSTDR,24,4,RG-58/U 50 ohm coax,0.66,None,Standard,0,0,24 MHz,105.762,187.5 KHz,11.66,7,1000,-1,1000,390.15,Waveform,71.75,-372.533969668701
W50A000F,touch_1.7.0Beta1,6/11/2025 11:22:54,SSTDR,24,4,RG-58/U 50 ohm coax,0.66,None,Standard,0,0,24 MHz,105.762,187.5 KHz,11.66,7,1000,-1,1000,390.15,Waveform,72,-348.999999999998
W50A000F,touch_1.7.0Beta1,6/11/2025 11:22:54,SSTDR,24,4,RG-58/U 50 ohm coax,0.66,None,Standard,0,0,24 MHz,105.762,187.5 KHz,11.66,7,1000,-1,1000,390.15,Waveform,72.25,-297.247482175188
W50A000F,touch_1.7.0Beta1,6/11/2025 11:22:54,SSTDR,24,4,RG-58/U 50 ohm coax,0.66,None,Standard,0,0,24 MHz,105.762,187.5 KHz,11.66,7,1000,-1,1000,390.15,Waveform,72.5,-212.605173426377
W50A000F,touch_1.7.0Beta1,6/11/2025 11:22:54,SSTDR,24,4,RG-58/U 50 ohm coax,0.66,None,Standard,0,0,24 MHz,105.762,187.5 KHz,11.66,7,1000,-1,1000,390.15,Waveform,72.75,-96.9513889186201
W50A000F,touch_1.7.0Beta1,6/11/2025 11:22:54,SSTDR,24,4,RG-58/U 50 ohm coax,0.66,None,Standard,0,0,24 MHz,105.762,187.5 KHz,11.66,7,1000,-1,1000,390.15,Waveform,73,37
W50A000F,touch_1.7.0Beta1,6/11/2025 11:22:54,SSTDR,24,4,RG-58/U 50 ohm coax,0.66,None,Standard,0,0,24 MHz,105.762,187.5 KHz,11.66,7,1000,-1,1000,390.15,Waveform,73.25,166.225874049347
W50A000F,touch_1.7.0Beta1,6/11/2025 11:22:54,SSTDR,24,4,RG-58/U 50 ohm coax,0.66,None,Standard,0,0,24 MHz,105.762,187.5 KHz,11.66,7,1000,-1,1000,390.15,Waveform,73.5,264.323191340348
W50A000F,touch_1.7.0Beta1,6/11/2025 11:22:54,SSTDR,24,4,RG-58/U 50 ohm coax,0.66,None,Standard,0,0,24 MHz,105.762,187.5 KHz,11.66,7,1000,-1,1000,390.15,Waveform,73.75,312.234471471387
W50A000F,touch_1.7.0Beta1,6/11/2025 11:22:54,SSTDR,24,4,RG-58/U 50 ohm coax,0.66,None,Standard,0,0,24 MHz,105.762,187.5 KHz,11.66,7,1000,-1,1000,390.15,Waveform,74,307.000000000001
W50A000F,touch_1.7.0Beta1,6/11/2025 11:22:54,SSTDR,24,4,RG-58/U 50 ohm coax,0.66,None,Standard,0,0,24 MHz,105.762,187.5 KHz,11.66,7,1000,-1,1000,390.15,Waveform,74.25,263.019945357431
W50A000F,touch_1.7.0Beta1,6/11/2025 11:22:54,SSTDR,24,4,RG-58/U 50 ohm coax,0.66,None,Standard,0,0,24 MHz,105.762,187.5 KHz,11.66,7,1000,-1,1000,390.15,Waveform,74.5,204.269479073572
W50A000F,touch_1.7.0Beta1,6/11/2025 11:22:54,SSTDR,24,4,RG-58/U 50 ohm coax,0.66,None,Standard,0,0,24 MHz,105.762,187.5 KHz,11.66,7,1000,-1,1000,390.15,Waveform,74.75,151.376229269473
W50A000F,touch_1.7.0Beta1,6/11/2025 11:22:54,SSTDR,24,4,RG-58/U 50 ohm coax,0.66,None,Standard,0,0,24 MHz,105.762,187.5 KHz,11.66,7,1000,-1,1000,390.15,Waveform,75,110.999999999996
W50A000F,touch_1.7.0Beta1,6/11/2025 11:22:54,SSTDR,24,4,RG-58/U 50 ohm coax,0.66,None,Standard,0,0,24 MHz,105.762,187.5 KHz,11.66,7,1000,-1,1000,390.15,Waveform,75.25,74.0542326083814
W50A000F,touch_1.7.0Beta1,6/11/2025 11:22:54,SSTDR,24,4,RG-58/U 50 ohm coax,0.66,None,Standard,0,0,24 MHz,105.762,187.5 KHz,11.66,7,1000,-1,1000,390.15,Waveform,75.5,24.1618706563875
W50A000F,touch_1.7.0Beta1,6/11/2025 11:22:54,SSTDR,24,4,RG-58/U 50 ohm coax,0.66,None,Standard,0,0,24 MHz,105.762,187.5 KHz,11.66,7,1000,-1,1000,390.15,Waveform,75.75,-48.6891755047502
W50A000F,touch_1.7.0Beta1,6/11/2025 11:22:54,SSTDR,24,4,RG-58/U 50 ohm coax,0.66,None,Standard,0,0,24 MHz,105.762,187.5 KHz,11.66,7,1000,-1,1000,390.15,Waveform,76,-137.999999999999
W50A000F,touch_1.7.0Beta1,6/11/2025 11:22:54,SSTDR,24,4,RG-58/U 50 ohm coax,0.66,None,Standard,0,0,24 MHz,105.762,187.5 KHz,11.66,7,1000,-1,1000,390.15,Waveform,76.25,-221.185509671695
W50A000F,touch_1.7.0Beta1,6/11/2025 11:22:54,SSTDR,24,4,RG-58/U 50 ohm coax,0.66,None,Standard,0,0,24 MHz,105.762,187.5 KHz,11.66,7,1000,-1,1000,390.15,Waveform,76.5,-271.323042352785
W50A000F,touch_1.7.0Beta1,6/11/2025 11:22:54,SSTDR,24,4,RG-58/U 50 ohm coax,0.66,None,Standard,0,0,24 MHz,105.762,187.5 KHz,11.66,7,1000,-1,1000,390.15,Waveform,76.75,-273.703825199198
W50A000F,touch_1.7.0Beta1,6/11/2025 11:22:54,SSTDR,24,4,RG-58/U 50 ohm coax,0.66,None,Standard,0,0,24 MHz,105.762,187.5 KHz,11.66,7,1000,-1,1000,390.15,Waveform,77,-237
W50A000F,touch_1.7.0Beta1,6/11/2025 11:22:54,SSTDR,24,4,RG-58/U 50 ohm coax,0.66,None,Standard,0,0,24 MHz,105.762,187.5 KHz,11.66,7,1000,-1,1000,390.15,Waveform,77.25,-191.393186540646
W50A000F,touch_1.7.0Beta1,6/11/2025 11:22:54,SSTDR,24,4,RG-58/U 50 ohm coax,0.66,None,Standard,0,0,24 MHz,105.762,187.5 KHz,11.66,7,1000,-1,1000,390.15,Waveform,77.5,-173.574779118521
W50A000F,touch_1.7.0Beta1,6/11/2025 11:22:54,SSTDR,24,4,RG-58/U 50 ohm coax,0.66,None,Standard,0,0,24 MHz,105.762,187.5 KHz,11.66,7,1000,-1,1000,390.15,Waveform,77.75,-206.693665510625
W50A000F,touch_1.7.0Beta1,6/11/2025 11:22:54,SSTDR,24,4,RG-58/U 50 ohm coax,0.66,None,Standard,0,0,24 MHz,105.762,187.5 KHz,11.66,7,1000,-1,1000,390.15,Waveform,78,-286.999999999999
W50A000F,touch_1.7.0Beta1,6/11/2025 11:22:54,SSTDR,24,4,RG-58/U 50 ohm coax,0.66,None,Standard,0,0,24 MHz,105.762,187.5 KHz,11.66,7,1000,-1,1000,390.15,Waveform,78.25,-385.529394601238
W50A000F,touch_1.7.0Beta1,6/11/2025 11:22:54,SSTDR,24,4,RG-58/U 50 ohm coax,0.66,None,Standard,0,0,24 MHz,105.762,187.5 KHz,11.66,7,1000,-1,1000,390.15,Waveform,78.5,-464.392861805408
W50A000F,touch_1.7.0Beta1,6/11/2025 11:22:54,SSTDR,24,4,RG-58/U 50 ohm coax,0.66,None,Standard,0,0,24 MHz,105.762,187.5 KHz,11.66,7,1000,-1,1000,390.15,Waveform,78.75,-498.255772438311
W50A000F,touch_1.7.0Beta1,6/11/2025 11:22:54,SSTDR,24,4,RG-58/U 50 ohm coax,0.66,None,Standard,0,0,24 MHz,105.762,187.5 KHz,11.66,7,1000,-1,1000,390.15,Waveform,79,-487.999999999998
W50A000F,touch_1.7.0Beta1,6/11/2025 11:22:54,SSTDR,24,4,RG-58/U 50 ohm coax,0.66,None,Standard,0,0,24 MHz,105.762,187.5 KHz,11.66,7,1000,-1,1000,390.15,Waveform,79.25,-457.904250330869
W50A000F,touch_1.7.0Beta1,6/11/2025 11:22:54,SSTDR,24,4,RG-58/U 50 ohm coax,0.66,None,Standard,0,0,24 MHz,105.762,187.5 KHz,11.66,7,1000,-1,1000,390.15,Waveform,79.5,-437.664773251879
W50A000F,touch_1.7.0Beta1,6/11/2025 11:22:54,SSTDR,24,4,RG-58/U 50 ohm coax,0.66,None,Standard,0,0,24 MHz,105.762,187.5 KHz,11.66,7,1000,-1,1000,390.15,Waveform,79.75,-440.265903755498
W50A000F,touch_1.7.0Beta1,6/11/2025 11:22:54,SSTDR,24,4,RG-58/U 50 ohm coax,0.66,None,Standard,0,0,24 MHz,105.762,187.5 KHz,11.66,7,1000,-1,1000,390.15,Waveform,80,-449.999999999999
W50A000F,touch_1.7.0Beta1,6/11/2025 11:22:54,SSTDR,24,4,RG-58/U 50 ohm coax,0.66,None,Standard,0,0,24 MHz,105.762,187.5 KHz,11.66,7,1000,-1,1000,390.15,Waveform,80.25,-429.382298148462
W50A000F,touch_1.7.0Beta1,6/11/2025 11:22:54,SSTDR,24,4,RG-58/U 50 ohm coax,0.66,None,Standard,0,0,24 MHz,105.762,187.5 KHz,11.66,7,1000,-1,1000,390.15,Waveform,80.5,-342.246991742726
W50A000F,touch_1.7.0Beta1,6/11/2025 11:22:54,SSTDR,24,4,RG-58/U 50 ohm coax,0.66,None,Standard,0,0,24 MHz,105.762,187.5 KHz,11.66,7,1000,-1,1000,390.15,Waveform,80.75,-179.749961414211
W50A000F,touch_1.7.0Beta1,6/11/2025 11:22:54,SSTDR,24,4,RG-58/U 50 ohm coax,0.66,None,Standard,0,0,24 MHz,105.762,187.5 KHz,11.66,7,1000,-1,1000,390.15,Waveform,81,26.9999999999993
W50A000F,touch_1.7.0Beta1,6/11/2025 11:22:54,SSTDR,24,4,RG-58/U 50 ohm coax,0.66,None,Standard,0,0,24 MHz,105.762,187.5 KHz,11.66,7,1000,-1,1000,390.15,Waveform,81.25,217.0342321237
W50A000F,touch_1.7.0Beta1,6/11/2025 11:22:54,SSTDR,24,4,RG-58/U 50 ohm coax,0.66,None,Standard,0,0,24 MHz,105.762,187.5 KHz,11.66,7,1000,-1,1000,390.15,Waveform,81.5,328.473284255586
W50A000F,touch_1.7.0Beta1,6/11/2025 11:22:54,SSTDR,24,4,RG-58/U 50 ohm coax,0.66,None,Standard,0,0,24 MHz,105.762,187.5 KHz,11.66,7,1000,-1,1000,390.15,Waveform,81.75,330.687024654818
W50A000F,touch_1.7.0Beta1,6/11/2025 11:22:54,SSTDR,24,4,RG-58/U 50 ohm coax,0.66,None,Standard,0,0,24 MHz,105.762,187.5 KHz,11.66,7,1000,-1,1000,390.15,Waveform,82,240.999999999998
W50A000F,touch_1.7.0Beta1,6/11/2025 11:22:54,SSTDR,24,4,RG-58/U 50 ohm coax,0.66,None,Standard,0,0,24 MHz,105.762,187.5 KHz,11.66,7,1000,-1,1000,390.15,Waveform,82.25,115.378930661376
W50A000F,touch_1.7.0Beta1,6/11/2025 11:22:54,SSTDR,24,4,RG-58/U 50 ohm coax,0.66,None,Standard,0,0,24 MHz,105.762,187.5 KHz,11.66,7,1000,-1,1000,390.15,Waveform,82.5,17.4675969686086
W50A000F,touch_1.7.0Beta1,6/11/2025 11:22:54,SSTDR,24,4,RG-58/U 50 ohm coax,0.66,None,Standard,0,0,24 MHz,105.762,187.5 KHz,11.66,7,1000,-1,1000,390.15,Waveform,82.75,-16.6018051510139
W50A000F,touch_1.7.0Beta1,6/11/2025 11:22:54,SSTDR,24,4,RG-58/U 50 ohm coax,0.66,None,Standard,0,0,24 MHz,105.762,187.5 KHz,11.66,7,1000,-1,1000,390.15,Waveform,83,3.00000000000117
W50A000F,touch_1.7.0Beta1,6/11/2025 11:22:54,SSTDR,24,4,RG-58/U 50 ohm coax,0.66,None,Standard,0,0,24 MHz,105.762,187.5 KHz,11.66,7,1000,-1,1000,390.15,Waveform,83.25,28.9344397534743
W50A000F,touch_1.7.0Beta1,6/11/2025 11:22:54,SSTDR,24,4,RG-58/U 50 ohm coax,0.66,None,Standard,0,0,24 MHz,105.762,187.5 KHz,11.66,7,1000,-1,1000,390.15,Waveform,83.5,8.83913157999012
W50A000F,touch_1.7.0Beta1,6/11/2025 11:22:54,SSTDR,24,4,RG-58/U 50 ohm coax,0.66,None,Standard,0,0,24 MHz,105.762,187.5 KHz,11.66,7,1000,-1,1000,390.15,Waveform,83.75,-78.6094218310417
W50A000F,touch_1.7.0Beta1,6/11/2025 11:22:54,SSTDR,24,4,RG-58/U 50 ohm coax,0.66,None,Standard,0,0,24 MHz,105.762,187.5 KHz,11.66,7,1000,-1,1000,390.15,Waveform,84,-206.000000000002
W50A000F,touch_1.7.0Beta1,6/11/2025 11:22:54,SSTDR,24,4,RG-58/U 50 ohm coax,0.66,None,Standard,0,0,24 MHz,105.762,187.5 KHz,11.66,7,1000,-1,1000,390.15,Waveform,84.25,-309.908123386411
W50A000F,touch_1.7.0Beta1,6/11/2025 11:22:54,SSTDR,24,4,RG-58/U 50 ohm coax,0.66,None,Standard,0,0,24 MHz,105.762,187.5 KHz,11.66,7,1000,-1,1000,390.15,Waveform,84.5,-327.998685836285
W50A000F,touch_1.7.0Beta1,6/11/2025 11:22:54,SSTDR,24,4,RG-58/U 50 ohm coax,0.66,None,Standard,0,0,24 MHz,105.762,187.5 KHz,11.66,7,1000,-1,1000,390.15,Waveform,84.75,-239.138238697413
W50A000F,touch_1.7.0Beta1,6/11/2025 11:22:54,SSTDR,24,4,RG-58/U 50 ohm coax,0.66,None,Standard,0,0,24 MHz,105.762,187.5 KHz,11.66,7,1000,-1,1000,390.15,Waveform,85,-81.9999999999988
W50A000F,touch_1.7.0Beta1,6/11/2025 11:22:54,SSTDR,24,4,RG-58/U 50 ohm coax,0.66,None,Standard,0,0,24 MHz,105.762,187.5 KHz,11.66,7,1000,-1,1000,390.15,Waveform,85.25,60.7979848672365
W50A000F,touch_1.7.0Beta1,6/11/2025 11:22:54,SSTDR,24,4,RG-58/U 50 ohm coax,0.66,None,Standard,0,0,24 MHz,105.762,187.5 KHz,11.66,7,1000,-1,1000,390.15,Waveform,85.5,105.96838676964
W50A000F,touch_1.7.0Beta1,6/11/2025 11:22:54,SSTDR,24,4,RG-58/U 50 ohm coax,0.66,None,Standard,0,0,24 MHz,105.762,187.5 KHz,11.66,7,1000,-1,1000,390.15,Waveform,85.75,16.3581734529237
W50A000F,touch_1.7.0Beta1,6/11/2025 11:22:54,SSTDR,24,4,RG-58/U 50 ohm coax,0.66,None,Standard,0,0,24 MHz,105.762,187.5 KHz,11.66,7,1000,-1,1000,390.15,Waveform,86,-176
W50A000F,touch_1.7.0Beta1,6/11/2025 11:22:54,SSTDR,24,4,RG-58/U 50 ohm coax,0.66,None,Standard,0,0,24 MHz,105.762,187.5 KHz,11.66,7,1000,-1,1000,390.15,Waveform,86.25,-385.171316308964
W50A000F,touch_1.7.0Beta1,6/11/2025 11:22:54,SSTDR,24,4,RG-58/U 50 ohm coax,0.66,None,Standard,0,0,24 MHz,105.762,187.5 KHz,11.66,7,1000,-1,1000,390.15,Waveform,86.5,-517.596823842178
W50A000F,touch_1.7.0Beta1,6/11/2025 11:22:54,SSTDR,24,4,RG-58/U 50 ohm coax,0.66,None,Standard,0,0,24 MHz,105.762,187.5 KHz,11.66,7,1000,-1,1000,390.15,Waveform,86.75,-523.544806128898
W50A000F,touch_1.7.0Beta1,6/11/2025 11:22:54,SSTDR,24,4,RG-58/U 50 ohm coax,0.66,None,Standard,0,0,24 MHz,105.762,187.5 KHz,11.66,7,1000,-1,1000,390.15,Waveform,87,-423.999999999998
W50A000F,touch_1.7.0Beta1,6/11/2025 11:22:54,SSTDR,24,4,RG-58/U 50 ohm coax,0.66,None,Standard,0,0,24 MHz,105.762,187.5 KHz,11.66,7,1000,-1,1000,390.15,Waveform,87.25,-296.779720872105
W50A000F,touch_1.7.0Beta1,6/11/2025 11:22:54,SSTDR,24,4,RG-58/U 50 ohm coax,0.66,None,Standard,0,0,24 MHz,105.762,187.5 KHz,11.66,7,1000,-1,1000,390.15,Waveform,87.5,-229.224079328351
W50A000F,touch_1.7.0Beta1,6/11/2025 11:22:54,SSTDR,24,4,RG-58/U 50 ohm coax,0.66,None,Standard,0,0,24 MHz,105.762,187.5 KHz,11.66,7,1000,-1,1000,390.15,Waveform,87.75,-264.757950728578
W50A000F,touch_1.7.0Beta1,6/11/2025 11:22:54,SSTDR,24,4,RG-58/U 50 ohm coax,0.66,None,Standard,0,0,24 MHz,105.762,187.5 KHz,11.66,7,1000,-1,1000,390.15,Waveform,88,-374.999999999999
W50A000F,touch_1.7.0Beta1,6/11/2025 11:22:54,SSTDR,24,4,RG-58/U 50 ohm coax,0.66,None,Standard,0,0,24 MHz,105.762,187.5 KHz,11.66,7,1000,-1,1000,390.15,Waveform,88.25,-474.798599875051
W50A000F,touch_1.7.0Beta1,6/11/2025 11:22:54,SSTDR,24,4,RG-58/U 50 ohm coax,0.66,None,Standard,0,0,24 MHz,105.762,187.5 KHz,11.66,7,1000,-1,1000,390.15,Waveform,88.5,-472.515539712514
W50A000F,touch_1.7.0Beta1,6/11/2025 11:22:54,SSTDR,24,4,RG-58/U 50 ohm coax,0.66,None,Standard,0,0,24 MHz,105.762,187.5 KHz,11.66,7,1000,-1,1000,390.15,Waveform,88.75,-326.624152958248
W50A000F,touch_1.7.0Beta1,6/11/2025 11:22:54,SSTDR,24,4,RG-58/U 50 ohm coax,0.66,None,Standard,0,0,24 MHz,105.762,187.5 KHz,11.66,7,1000,-1,1000,390.15,Waveform,89,-74.9999999999995
W50A000F,touch_1.7.0Beta1,6/11/2025 11:22:54,SSTDR,24,4,RG-58/U 50 ohm coax,0.66,None,Standard,0,0,24 MHz,105.762,187.5 KHz,11.66,7,1000,-1,1000,390.15,Waveform,89.25,181.546711978123
W50A000F,touch_1.7.0Beta1,6/11/2025 11:22:54,SSTDR,24,4,RG-58/U 50 ohm coax,0.66,None,Standard,0,0,24 MHz,105.762,187.5 KHz,11.66,7,1000,-1,1000,390.15,Waveform,89.5,333.347509212661
W50A000F,touch_1.7.0Beta1,6/11/2025 11:22:54,SSTDR,24,4,RG-58/U 50 ohm coax,0.66,None,Standard,0,0,24 MHz,105.762,187.5 KHz,11.66,7,1000,-1,1000,390.15,Waveform,89.75,322.871314641267
W50A000F,touch_1.7.0Beta1,6/11/2025 11:22:54,SSTDR,24,4,RG-58/U 50 ohm coax,0.66,None,Standard,0,0,24 MHz,105.762,187.5 KHz,11.66,7,1000,-1,1000,390.15,Waveform,90,176.999999999999
W50A000F,touch_1.7.0Beta1,6/11/2025 11:22:54,SSTDR,24,4,RG-58/U 50 ohm coax,0.66,None,Standard,0,0,24 MHz,105.762,187.5 KHz,11.66,7,1000,-1,1000,390.15,Waveform,90.25,-8.96918395186809
W50A000F,touch_1.7.0Beta1,6/11/2025 11:22:54,SSTDR,24,4,RG-58/U 50 ohm coax,0.66,None,Standard,0,0,24 MHz,105.762,187.5 KHz,11.66,7,1000,-1,1000,390.15,Waveform,90.5,-127.015956303213
W50A000F,touch_1.7.0Beta1,6/11/2025 11:22:54,SSTDR,24,4,RG-58/U 50 ohm coax,0.66,None,Standard,0,0,24 MHz,105.762,187.5 KHz,11.66,7,1000,-1,1000,390.15,Waveform,90.75,-119.460604474713
W50A000F,touch_1.7.0Beta1,6/11/2025 11:22:54,SSTDR,24,4,RG-58/U 50 ohm coax,0.66,None,Standard,0,0,24 MHz,105.762,187.5 KHz,11.66,7,1000,-1,1000,390.15,Waveform,91,-11.9999999999995
W50A000F,touch_1.7.0Beta1,6/11/2025 11:22:54,SSTDR,24,4,RG-58/U 50 ohm coax,0.66,None,Standard,0,0,24 MHz,105.762,187.5 KHz,11.66,7,1000,-1,1000,390.15,Waveform,91.25,103.542922241464
W50A000F,touch_1.7.0Beta1,6/11/2025 11:22:54,SSTDR,24,4,RG-58/U 50 ohm coax,0.66,None,Standard,0,0,24 MHz,105.762,187.5 KHz,11.66,7,1000,-1,1000,390.15,Waveform,91.5,127.287820774009
W50A000F,touch_1.7.0Beta1,6/11/2025 11:22:54,SSTDR,24,4,RG-58/U 50 ohm coax,0.66,None,Standard,0,0,24 MHz,105.762,187.5 KHz,11.66,7,1000,-1,1000,390.15,Waveform,91.75,15.8398734946777
W50A000F,touch_1.7.0Beta1,6/11/2025 11:22:54,SSTDR,24,4,RG-58/U 50 ohm coax,0.66,None,Standard,0,0,24 MHz,105.762,187.5 KHz,11.66,7,1000,-1,1000,390.15,Waveform,92,-185.999999999998
W50A000F,touch_1.7.0Beta1,6/11/2025 11:22:54,SSTDR,24,4,RG-58/U 50 ohm coax,0.66,None,Standard,0,0,24 MHz,105.762,187.5 KHz,11.66,7,1000,-1,1000,390.15,Waveform,92.25,-367.113031264572
W50A000F,touch_1.7.0Beta1,6/11/2025 11:22:54,SSTDR,24,4,RG-58/U 50 ohm coax,0.66,None,Standard,0,0,24 MHz,105.762,187.5 KHz,11.66,7,1000,-1,1000,390.15,Waveform,92.5,-414.584608889455
W50A000F,touch_1.7.0Beta1,6/11/2025 11:22:54,SSTDR,24,4,RG-58/U 50 ohm coax,0.66,None,Standard,0,0,24 MHz,105.762,187.5 KHz,11.66,7,1000,-1,1000,390.15,Waveform,92.75,-283.656603944431
W50A000F,touch_1.7.0Beta1,6/11/2025 11:22:54,SSTDR,24,4,RG-58/U 50 ohm coax,0.66,None,Standard,0,0,24 MHz,105.762,187.5 KHz,11.66,7,1000,-1,1000,390.15,Waveform,93,-30.9999999999986
W50A000F,touch_1.7.0Beta1,6/11/2025 11:22:54,SSTDR,24,4,RG-58/U 50 ohm coax,0.66,None,Standard,0,0,24 MHz,105.762,187.5 KHz,11.66,7,1000,-1,1000,390.15,Waveform,93.25,210.628062341553
W50A000F,touch_1.7.0Beta1,6/11/2025 11:22:54,SSTDR,24,4,RG-58/U 50 ohm coax,0.66,None,Standard,0,0,24 MHz,105.762,187.5 KHz,11.66,7,1000,-1,1000,390.15,Waveform,93.5,304.192444994431
W50A000F,touch_1.7.0Beta1,6/11/2025 11:22:54,SSTDR,24,4,RG-58/U 50 ohm coax,0.66,None,Standard,0,0,24 MHz,105.762,187.5 KHz,11.66,7,1000,-1,1000,390.15,Waveform,93.75,186.346148586797
W50A000F,touch_1.7.0Beta1,6/11/2025 11:22:54,SSTDR,24,4,RG-58/U 50 ohm coax,0.66,None,Standard,0,0,24 MHz,105.762,187.5 KHz,11.66,7,1000,-1,1000,390.15,Waveform,94,-94
W50A000F,touch_1.7.0Beta1,6/11/2025 11:22:54,SSTDR,24,4,RG-58/U 50 ohm coax,0.66,None,Standard,0,0,24 MHz,105.762,187.5 KHz,11.66,7,1000,-1,1000,390.15,Waveform,94.25,-400.482934072647
W50A000F,touch_1.7.0Beta1,6/11/2025 11:22:54,SSTDR,24,4,RG-58/U 50 ohm coax,0.66,None,Standard,0,0,24 MHz,105.762,187.5 KHz,11.66,7,1000,-1,1000,390.15,Waveform,94.5,-584.950590619727
W50A000F,touch_1.7.0Beta1,6/11/2025 11:22:54,SSTDR,24,4,RG-58/U 50 ohm coax,0.66,None,Standard,0,0,24 MHz,105.762,187.5 KHz,11.66,7,1000,-1,1000,390.15,Waveform,94.75,-571.191138876244
W50A000F,touch_1.7.0Beta1,6/11/2025 11:22:54,SSTDR,24,4,RG-58/U 50 ohm coax,0.66,None,Standard,0,0,24 MHz,105.762,187.5 KHz,11.66,7,1000,-1,1000,390.15,Waveform,95,-398.000000000003
W50A000F,touch_1.7.0Beta1,6/11/2025 11:22:54,SSTDR,24,4,RG-58/U 50 ohm coax,0.66,None,Standard,0,0,24 MHz,105.762,187.5 KHz,11.66,7,1000,-1,1000,390.15,Waveform,95.25,-195.501293779166
W50A000F,touch_1.7.0Beta1,6/11/2025 11:22:54,SSTDR,24,4,RG-58/U 50 ohm coax,0.66,None,Standard,0,0,24 MHz,105.762,187.5 KHz,11.66,7,1000,-1,1000,390.15,Waveform,95.5,-107.306351387411
W50A000F,touch_1.7.0Beta1,6/11/2025 11:22:54,SSTDR,24,4,RG-58/U 50 ohm coax,0.66,None,Standard,0,0,24 MHz,105.762,187.5 KHz,11.66,7,1000,-1,1000,390.15,Waveform,95.75,-203.367072983903
W50A000F,touch_1.7.0Beta1,6/11/2025 11:22:54,SSTDR,24,4,RG-58/U 50 ohm coax,0.66,None,Standard,0,0,24 MHz,105.762,187.5 KHz,11.66,7,1000,-1,1000,390.15,Waveform,96,-435.000000000003
W50A000F,touch_1.7.0Beta1,6/11/2025 11:22:54,SSTDR,24,4,RG-58/U 50 ohm coax,0.66,None,Standard,0,0,24 MHz,105.762,187.5 KHz,11.66,7,1000,-1,1000,390.15,Waveform,96.25,-659.902289454523
W50A000F,touch_1.7.0Beta1,6/11/2025 11:22:54,SSTDR,24,4,RG-58/U 50 ohm coax,0.66,None,Standard,0,0,24 MHz,105.762,187.5 KHz,11.66,7,1000,-1,1000,390.15,Waveform,96.5,-724.232839597529
W50A000F,touch_1.7.0Beta1,6/11/2025 11:22:54,SSTDR,24,4,RG-58/U 50 ohm coax,0.66,None,Standard,0,0,24 MHz,105.762,187.5 KHz,11.66,7,1000,-1,1000,390.15,Waveform,96.75,-554.650598288053
W50A000F,touch_1.7.0Beta1,6/11/2025 11:22:54,SSTDR,24,4,RG-58/U 50 ohm coax,0.66,None,Standard,0,0,24 MHz,105.762,187.5 KHz,11.66,7,1000,-1,1000,390.15,Waveform,97,-206.000000000001
W50A000F,touch_1.7.0Beta1,6/11/2025 11:22:54,SSTDR,24,4,RG-58/U 50 ohm coax,0.66,None,Standard,0,0,24 MHz,105.762,187.5 KHz,11.66,7,1000,-1,1000,390.15,Waveform,97.25,164.904130090643
W50A000F,touch_1.7.0Beta1,6/11/2025 11:22:54,SSTDR,24,4,RG-58/U 50 ohm coax,0.66,None,Standard,0,0,24 MHz,105.762,187.5 KHz,11.66,7,1000,-1,1000,390.15,Waveform,97.5,386.023842607317
W50A000F,touch_1.7.0Beta1,6/11/2025 11:22:54,SSTDR,24,4,RG-58/U 50 ohm coax,0.66,None,Standard,0,0,24 MHz,105.762,187.5 KHz,11.66,7,1000,-1,1000,390.15,Waveform,97.75,367.869337433456
W50A000F,touch_1.7.0Beta1,6/11/2025 11:22:54,SSTDR,24,4,RG-58/U 50 ohm coax,0.66,None,Standard,0,0,24 MHz,105.762,187.5 KHz,11.66,7,1000,-1,1000,390.15,Waveform,98,154.999999999998
W50A000F,touch_1.7.0Beta1,6/11/2025 11:22:54,SSTDR,24,4,RG-58/U 50 ohm coax,0.66,None,Standard,0,0,24 MHz,105.762,187.5 KHz,11.66,7,1000,-1,1000,390.15,Waveform,98.25,-100.11789717495
W50A000F,touch_1.7.0Beta1,6/11/2025 11:22:54,SSTDR,24,4,RG-58/U 50 ohm coax,0.66,None,Standard,0,0,24 MHz,105.762,187.5 KHz,11.66,7,1000,-1,1000,390.15,Waveform,98.5,-227.1134933038
W50A000F,touch_1.7.0Beta1,6/11/2025 11:22:54,SSTDR,24,4,RG-58/U 50 ohm coax,0.66,None,Standard,0,0,24 MHz,105.762,187.5 KHz,11.66,7,1000,-1,1000,390.15,Waveform,98.75,-139.646430988589
W50A000F,touch_1.7.0Beta1,6/11/2025 11:22:54,SSTDR,24,4,RG-58/U 50 ohm coax,0.66,None,Standard,0,0,24 MHz,105.762,187.5 KHz,11.66,7,1000,-1,1000,390.15,Waveform,99,111
W50A000F,touch_1.7.0Beta1,6/11/2025 11:22:54,SSTDR,24,4,RG-58/U 50 ohm coax,0.66,None,Standard,0,0,24 MHz,105.762,187.5 KHz,11.66,7,1000,-1,1000,390.15,Waveform,99.25,363.764648297169
W50A000F,touch_1.7.0Beta1,6/11/2025 11:22:54,SSTDR,24,4,RG-58/U 50 ohm coax,0.66,None,Standard,0,0,24 MHz,105.762,187.5 KHz,11.66,7,1000,-1,1000,390.15,Waveform,99.5,442.658625017728
W50A000F,touch_1.7.0Beta1,6/11/2025 11:22:54,SSTDR,24,4,RG-58/U 50 ohm coax,0.66,None,Standard,0,0,24 MHz,105.762,187.5 KHz,11.66,7,1000,-1,1000,390.15,Waveform,99.75,263.936596286019
W50A000F,touch_1.7.0Beta1,6/11/2025 11:22:54,SSTDR,24,4,RG-58/U 50 ohm coax,0.66,None,Standard,0,0,24 MHz,105.762,187.5 KHz,11.66,7,1000,-1,1000,390.15,Waveform,100,-108
W50A000F,touch_1.7.0Beta1,6/11/2025 11:22:54,SSTDR,24,4,RG-58/U 50 ohm coax,0.66,None,Standard,0,0,24 MHz,105.762,187.5 KHz,11.66,7,1000,-1,1000,390.15,Waveform,100.25,-490.986156796524
W50A000F,touch_1.7.0Beta1,6/11/2025 11:22:54,SSTDR,24,4,RG-58/U 50 ohm coax,0.66,None,Standard,0,0,24 MHz,105.762,187.5 KHz,11.66,7,1000,-1,1000,390.15,Waveform,100.5,-686.634458095326
W50A000F,touch_1.7.0Beta1,6/11/2025 11:22:54,SSTDR,24,4,RG-58/U 50 ohm coax,0.66,None,Standard,0,0,24 MHz,105.762,187.5 KHz,11.66,7,1000,-1,1000,390.15,Waveform,100.75,-595.289829765221
W50A000F,touch_1.7.0Beta1,6/11/2025 11:22:54,SSTDR,24,4,RG-58/U 50 ohm coax,0.66,None,Standard,0,0,24 MHz,105.762,187.5 KHz,11.66,7,1000,-1,1000,390.15,Waveform,101,-277.000000000002
W50A000F,touch_1.7.0Beta1,6/11/2025 11:22:54,SSTDR,24,4,RG-58/U 50 ohm coax,0.66,None,Standard,0,0,24 MHz,105.762,187.5 KHz,11.66,7,1000,-1,1000,390.15,Waveform,101.25,78.9801170667036
W50A000F,touch_1.7.0Beta1,6/11/2025 11:22:54,SSTDR,24,4,RG-58/U 50 ohm coax,0.66,None,Standard,0,0,24 MHz,105.762,187.5 KHz,11.66,7,1000,-1,1000,390.15,Waveform,101.5,260.768084689584
W50A000F,touch_1.7.0Beta1,6/11/2025 11:22:54,SSTDR,24,4,RG-58/U 50 ohm coax,0.66,None,Standard,0,0,24 MHz,105.762,187.5 KHz,11.66,7,1000,-1,1000,390.15,Waveform,101.75,155.950048113597
W50A000F,touch_1.7.0Beta1,6/11/2025 11:22:54,SSTDR,24,4,RG-58/U 50 ohm coax,0.66,None,Standard,0,0,24 MHz,105.762,187.5 KHz,11.66,7,1000,-1,1000,390.15,Waveform,102,-181.999999999999
W50A000F,touch_1.7.0Beta1,6/11/2025 11:22:54,SSTDR,24,4,RG-58/U 50 ohm coax,0.66,None,Standard,0,0,24 MHz,105.762,187.5 KHz,11.66,7,1000,-1,1000,390.15,Waveform,102.25,-563.089543323845
W50A000F,touch_1.7.0Beta1,6/11/2025 11:22:54,SSTDR,24,4,RG-58/U 50 ohm coax,0.66,None,Standard,0,0,24 MHz,105.762,187.5 KHz,11.66,7,1000,-1,1000,390.15,Waveform,102.5,-770.602706345963
W50A000F,touch_1.7.0Beta1,6/11/2025 11:22:54,SSTDR,24,4,RG-58/U 50 ohm coax,0.66,None,Standard,0,0,24 MHz,105.762,187.5 KHz,11.66,7,1000,-1,1000,390.15,Waveform,102.75,-688.248010792758
W50A000F,touch_1.7.0Beta1,6/11/2025 11:22:54,SSTDR,24,4,RG-58/U 50 ohm coax,0.66,None,Standard,0,0,24 MHz,105.762,187.5 KHz,11.66,7,1000,-1,1000,390.15,Waveform,103,-370.000000000001
W50A000F,touch_1.7.0Beta1,6/11/2025 11:22:54,SSTDR,24,4,RG-58/U 50 ohm coax,0.66,None,Standard,0,0,24 MHz,105.762,187.5 KHz,11.66,7,1000,-1,1000,390.15,Waveform,103.25,-10.2195416029664
W50A000F,touch_1.7.0Beta1,6/11/2025 11:22:54,SSTDR,24,4,RG-58/U 50 ohm coax,0.66,None,Standard,0,0,24 MHz,105.762,187.5 KHz,11.66,7,1000,-1,1000,390.15,Waveform,103.5,170.307926774198
W50A000F,touch_1.7.0Beta1,6/11/2025 11:22:54,SSTDR,24,4,RG-58/U 50 ohm coax,0.66,None,Standard,0,0,24 MHz,105.762,187.5 KHz,11.66,7,1000,-1,1000,390.15,Waveform,103.75,56.6287328137243
W50A000F,touch_1.7.0Beta1,6/11/2025 11:22:54,SSTDR,24,4,RG-58/U 50 ohm coax,0.66,None,Standard,0,0,24 MHz,105.762,187.5 KHz,11.66,7,1000,-1,1000,390.15,Waveform,104,-288.000000000001
W50A000F,touch_1.7.0Beta1,6/11/2025 11:22:54,SSTDR,24,4,RG-58/U 50 ohm coax,0.66,None,Standard,0,0,24 MHz,105.762,187.5 KHz,11.66,7,1000,-1,1000,390.15,Waveform,104.25,-654.163219749183
W50A000F,touch_1.7.0Beta1,6/11/2025 11:22:54,SSTDR,24,4,RG-58/U 50 ohm coax,0.66,None,Standard,0,0,24 MHz,105.762,187.5 KHz,11.66,7,1000,-1,1000,390.15,Waveform,104.5,-806.496767757452
W50A000F,touch_1.7.0Beta1,6/11/2025 11:22:54,SSTDR,24,4,RG-58/U 50 ohm coax,0.66,None,Standard,0,0,24 MHz,105.762,187.5 KHz,11.66,7,1000,-1,1000,390.15,Waveform,104.75,-623.091738708696
W50A000F,touch_1.7.0Beta1,6/11/2025 11:22:54,SSTDR,24,4,RG-58/U 50 ohm coax,0.66,None,Standard,0,0,24 MHz,105.762,187.5 KHz,11.66,7,1000,-1,1000,390.15,Waveform,105,-172.000000000001
W50A000F,touch_1.7.0Beta1,6/11/2025 11:22:54,SSTDR,24,4,RG-58/U 50 ohm coax,0.66,None,Standard,0,0,24 MHz,105.762,187.5 KHz,11.66,7,1000,-1,1000,390.15,Waveform,105.25,322.083424057961
W50A000F,touch_1.7.0Beta1,6/11/2025 11:22:54,SSTDR,24,4,RG-58/U 50 ohm coax,0.66,None,Standard,0,0,24 MHz,105.762,187.5 KHz,11.66,7,1000,-1,1000,390.15,Waveform,105.5,604.057279758412
W50A000F,touch_1.7.0Beta1,6/11/2025 11:22:54,SSTDR,24,4,RG-58/U 50 ohm coax,0.66,None,Standard,0,0,24 MHz,105.762,187.5 KHz,11.66,7,1000,-1,1000,390.15,Waveform,105.75,535.29467294199
W50A000F,touch_1.7.0Beta1,6/11/2025 11:22:54,SSTDR,24,4,RG-58/U 50 ohm coax,0.66,None,Standard,0,0,24 MHz,105.762,187.5 KHz,11.66,7,1000,-1,1000,390.15,Waveform,106,175
W50A000F,touch_1.7.0Beta1,6/11/2025 11:22:54,SSTDR,24,4,RG-58/U 50 ohm coax,0.66,None,Standard,0,0,24 MHz,105.762,187.5 KHz,11.66,7,1000,-1,1000,390.15,Waveform,106.25,-253.285244468939
W50A000F,touch_1.7.0Beta1,6/11/2025 11:22:54,SSTDR,24,4,RG-58/U 50 ohm coax,0.66,None,Standard,0,0,24 MHz,105.762,187.5 KHz,11.66,7,1000,-1,1000,390.15,Waveform,106.5,-492.395030003
W50A000F,touch_1.7.0Beta1,6/11/2025 11:22:54,SSTDR,24,4,RG-58/U 50 ohm coax,0.66,None,Standard,0,0,24 MHz,105.762,187.5 KHz,11.66,7,1000,-1,1000,390.15,Waveform,106.75,-403.764242435539
W50A000F,touch_1.7.0Beta1,6/11/2025 11:22:54,SSTDR,24,4,RG-58/U 50 ohm coax,0.66,None,Standard,0,0,24 MHz,105.762,187.5 KHz,11.66,7,1000,-1,1000,390.15,Waveform,107,-50.999999999999
W50A000F,touch_1.7.0Beta1,6/11/2025 11:22:54,SSTDR,24,4,RG-58/U 50 ohm coax,0.66,None,Standard,0,0,24 MHz,105.762,187.5 KHz,11.66,7,1000,-1,1000,390.15,Waveform,107.25,336.514859801616
W50A000F,touch_1.7.0Beta1,6/11/2025 11:22:54,SSTDR,24,4,RG-58/U 50 ohm coax,0.66,None,Standard,0,0,24 MHz,105.762,187.5 KHz,11.66,7,1000,-1,1000,390.15,Waveform,107.5,500.879515508996
W50A000F,touch_1.7.0Beta1,6/11/2025 11:22:54,SSTDR,24,4,RG-58/U 50 ohm coax,0.66,None,Standard,0,0,24 MHz,105.762,187.5 KHz,11.66,7,1000,-1,1000,390.15,Waveform,107.75,313.820225193677
W50A000F,touch_1.7.0Beta1,6/11/2025 11:22:54,SSTDR,24,4,RG-58/U 50 ohm coax,0.66,None,Standard,0,0,24 MHz,105.762,187.5 KHz,11.66,7,1000,-1,1000,390.15,Waveform,108,-139
W50A000F,touch_1.7.0Beta1,6/11/2025 11:22:54,SSTDR,24,4,RG-58/U 50 ohm coax,0.66,None,Standard,0,0,24 MHz,105.762,187.5 KHz,11.66,7,1000,-1,1000,390.15,Waveform,108.25,-600.740029183409
W50A000F,touch_1.7.0Beta1,6/11/2025 11:22:54,SSTDR,24,4,RG-58/U 50 ohm coax,0.66,None,Standard,0,0,24 MHz,105.762,187.5 KHz,11.66,7,1000,-1,1000,390.15,Waveform,108.5,-791.825640696443
W50A000F,touch_1.7.0Beta1,6/11/2025 11:22:54,SSTDR,24,4,RG-58/U 50 ohm coax,0.66,None,Standard,0,0,24 MHz,105.762,187.5 KHz,11.66,7,1000,-1,1000,390.15,Waveform,108.75,-578.520914598013
W50A000F,touch_1.7.0Beta1,6/11/2025 11:22:54,SSTDR,24,4,RG-58/U 50 ohm coax,0.66,None,Standard,0,0,24 MHz,105.762,187.5 KHz,11.66,7,1000,-1,1000,390.15,Waveform,109,-60.9999999999973
W50A000F,touch_1.7.0Beta1,6/11/2025 11:22:54,SSTDR,24,4,RG-58/U 50 ohm coax,0.66,None,Standard,0,0,24 MHz,105.762,187.5 KHz,11.66,7,1000,-1,1000,390.15,Waveform,109.25,475.066112175584
W50A000F,touch_1.7.0Beta1,6/11/2025 11:22:54,SSTDR,24,4,RG-58/U 50 ohm coax,0.66,None,Standard,0,0,24 MHz,105.762,187.5 KHz,11.66,7,1000,-1,1000,390.15,Waveform,109.5,719.729299397648
W50A000F,touch_1.7.0Beta1,6/11/2025 11:22:54,SSTDR,24,4,RG-58/U 50 ohm coax,0.66,None,Standard,0,0,24 MHz,105.762,187.5 KHz,11.66,7,1000,-1,1000,390.15,Waveform,109.75,520.809434998619
W50A000F,touch_1.7.0Beta1,6/11/2025 11:22:54,SSTDR,24,4,RG-58/U 50 ohm coax,0.66,None,Standard,0,0,24 MHz,105.762,187.5 KHz,11.66,7,1000,-1,1000,390.15,Waveform,110,-20.9999999999966
W50A000F,touch_1.7.0Beta1,6/11/2025 11:22:54,SSTDR,24,4,RG-58/U 50 ohm coax,0.66,None,Standard,0,0,24 MHz,105.762,187.5 KHz,11.66,7,1000,-1,1000,390.15,Waveform,110.25,-603.757884785512
W50A000F,touch_1.7.0Beta1,6/11/2025 11:22:54,SSTDR,24,4,RG-58/U 50 ohm coax,0.66,None,Standard,0,0,24 MHz,105.762,187.5 KHz,11.66,7,1000,-1,1000,390.15,Waveform,110.5,-897.075967686988
W50A000F,touch_1.7.0Beta1,6/11/2025 11:22:54,SSTDR,24,4,RG-58/U 50 ohm coax,0.66,None,Standard,0,0,24 MHz,105.762,187.5 KHz,11.66,7,1000,-1,1000,390.15,Waveform,110.75,-737.380566393453
W50A000F,touch_1.7.0Beta1,6/11/2025 11:22:54,SSTDR,24,4,RG-58/U 50 ohm coax,0.66,None,Standard,0,0,24 MHz,105.762,187.5 KHz,11.66,7,1000,-1,1000,390.15,Waveform,111,-230.000000000001
W50A000F,touch_1.7.0Beta1,6/11/2025 11:22:54,SSTDR,24,4,RG-58/U 50 ohm coax,0.66,None,Standard,0,0,24 MHz,105.762,187.5 KHz,11.66,7,1000,-1,1000,390.15,Waveform,111.25,306.143711178176
W50A000F,touch_1.7.0Beta1,6/11/2025 11:22:54,SSTDR,24,4,RG-58/U 50 ohm coax,0.66,None,Standard,0,0,24 MHz,105.762,187.5 KHz,11.66,7,1000,-1,1000,390.15,Waveform,111.5,523.876747499855
W50A000F,touch_1.7.0Beta1,6/11/2025 11:22:54,SSTDR,24,4,RG-58/U 50 ohm coax,0.66,None,Standard,0,0,24 MHz,105.762,187.5 KHz,11.66,7,1000,-1,1000,390.15,Waveform,111.75,257.139699907053
W50A000F,touch_1.7.0Beta1,6/11/2025 11:22:54,SSTDR,24,4,RG-58/U 50 ohm coax,0.66,None,Standard,0,0,24 MHz,105.762,187.5 KHz,11.66,7,1000,-1,1000,390.15,Waveform,112,-370.000000000002
W50A000F,touch_1.7.0Beta1,6/11/2025 11:22:54,SSTDR,24,4,RG-58/U 50 ohm coax,0.66,None,Standard,0,0,24 MHz,105.762,187.5 KHz,11.66,7,1000,-1,1000,390.15,Waveform,112.25,-1003.95778673284
W50A000F,touch_1.7.0Beta1,6/11/2025 11:22:54,SSTDR,24,4,RG-58/U 50 ohm coax,0.66,None,Standard,0,0,24 MHz,105.762,187.5 KHz,11.66,7,1000,-1,1000,390.15,Waveform,112.5,-1262.59451074086
W50A000F,touch_1.7.0Beta1,6/11/2025 11:22:54,SSTDR,24,4,RG-58/U 50 ohm coax,0.66,None,Standard,0,0,24 MHz,105.762,187.5 KHz,11.66,7,1000,-1,1000,390.15,Waveform,112.75,-962.331205437073
